s := TwoDBInitialize();

/*
Magma printing
*/

s`Name := "64S14-4,8,8-g17-3963620213";
s`Filename := "64S14-4,8,8-g17-3963620213.m";
s`Degree := 64;
s`Orders := \[ 4, 8, 8 ];
s`Geometry := "Hyperbolic";
s`Genus := 17;
s`Level := 6;
s`PermutationTriple := [ PermutationGroup<64 |  
\[ 2, 3, 4, 5, 6, 7, 8, 9, 10, 11, 12, 13, 14, 15, 16, 17, 18, 19, 20, 21, 22, 23, 24, 25, 26, 27, 28, 29, 30, 31, 32, 33, 34, 35, 36, 37, 38, 39, 40, 41, 42, 43, 44, 45, 46, 47, 48, 49, 50, 51, 52, 53, 54, 55, 56, 57, 58, 59, 60, 61, 62, 63, 64, 1 ],
\[ 2, 1, 3, 4, 5, 6, 7, 8, 9, 10, 11, 12, 13, 14, 15, 16, 17, 18, 19, 20, 21, 22, 23, 24, 25, 26, 27, 28, 29, 30, 31, 32, 33, 34, 35, 36, 37, 38, 39, 40, 41, 42, 43, 44, 45, 46, 47, 48, 49, 50, 51, 52, 53, 54, 55, 56, 57, 58, 59, 60, 61, 62, 63, 64 ]:
 Order := 126886932185884164103433389335161480802865516174545192198801894375214704230400000000000000 > |
[ 12, 40, 8, 52, 2, 5, 48, 38, 22, 14, 30, 9, 25, 27, 34, 20, 64, 15, 18, 47, 13, 1, 57, 21, 24, 16, 29, 32, 10, 28, 55, 11, 53, 19, 37, 63, 31, 42, 51, 6, 50, 3, 54, 61, 43, 45, 26, 41, 23, 7, 4, 39, 62, 46, 35, 58, 59, 44, 49, 33, 56, 60, 17, 36 ],
[ 3, 10, 16, 22, 18, 27, 1, 35, 38, 20, 5, 45, 2, 55, 57, 11, 42, 33, 49, 39, 63, 54, 51, 6, 64, 4, 26, 40, 37, 36, 50, 17, 7, 62, 48, 8, 21, 47, 12, 34, 9, 31, 23, 29, 53, 59, 28, 58, 32, 61, 56, 44, 13, 60, 25, 14, 30, 15, 52, 24, 19, 41, 46, 43 ],
[ 4, 11, 17, 23, 24, 28, 31, 1, 39, 44, 49, 7, 37, 2, 5, 27, 21, 61, 40, 3, 60, 41, 19, 55, 53, 38, 56, 57, 6, 16, 29, 47, 54, 58, 14, 25, 8, 36, 59, 13, 35, 9, 12, 48, 63, 22, 10, 33, 46, 62, 20, 26, 18, 64, 42, 50, 43, 51, 15, 34, 52, 45, 30, 32 ]
];
s`MonodromyGroup := PermutationGroup<64 |  
\[ 12, 40, 8, 52, 2, 5, 48, 38, 22, 14, 30, 9, 25, 27, 34, 20, 64, 15, 18, 47, 13, 1, 57, 21, 24, 16, 29, 32, 10, 28, 55, 11, 53, 19, 37, 63, 31, 42, 51, 6, 50, 3, 54, 61, 43, 45, 26, 41, 23, 7, 4, 39, 62, 46, 35, 58, 59, 44, 49, 33, 56, 60, 17, 36 ],
\[ 3, 10, 16, 22, 18, 27, 1, 35, 38, 20, 5, 45, 2, 55, 57, 11, 42, 33, 49, 39, 63, 54, 51, 6, 64, 4, 26, 40, 37, 36, 50, 17, 7, 62, 48, 8, 21, 47, 12, 34, 9, 31, 23, 29, 53, 59, 28, 58, 32, 61, 56, 44, 13, 60, 25, 14, 30, 15, 52, 24, 19, 41, 46, 43 ],
\[ 4, 11, 17, 23, 24, 28, 31, 1, 39, 44, 49, 7, 37, 2, 5, 27, 21, 61, 40, 3, 60, 41, 19, 55, 53, 38, 56, 57, 6, 16, 29, 47, 54, 58, 14, 25, 8, 36, 59, 13, 35, 9, 12, 48, 63, 22, 10, 33, 46, 62, 20, 26, 18, 64, 42, 50, 43, 51, 15, 34, 52, 45, 30, 32 ] >;

/*
Edge printing
*/

s`Edges := [];
edge1 := TwoEdgeInitialize();
edge1`Blocks := {@ PowerSet(IntegerRing()) |
{ IntegerRing() | 1, 5 },
{ IntegerRing() | 2, 12 },
{ IntegerRing() | 3, 18 },
{ IntegerRing() | 4, 24 },
{ IntegerRing() | 6, 22 },
{ IntegerRing() | 7, 11 },
{ IntegerRing() | 8, 15 },
{ IntegerRing() | 9, 40 },
{ IntegerRing() | 10, 45 },
{ IntegerRing() | 13, 39 },
{ IntegerRing() | 14, 43 },
{ IntegerRing() | 16, 33 },
{ IntegerRing() | 17, 61 },
{ IntegerRing() | 19, 42 },
{ IntegerRing() | 20, 53 },
{ IntegerRing() | 21, 52 },
{ IntegerRing() | 23, 55 },
{ IntegerRing() | 25, 51 },
{ IntegerRing() | 26, 60 },
{ IntegerRing() | 27, 54 },
{ IntegerRing() | 28, 41 },
{ IntegerRing() | 29, 46 },
{ IntegerRing() | 30, 48 },
{ IntegerRing() | 31, 49 },
{ IntegerRing() | 32, 50 },
{ IntegerRing() | 34, 38 },
{ IntegerRing() | 35, 57 },
{ IntegerRing() | 36, 58 },
{ IntegerRing() | 37, 59 },
{ IntegerRing() | 44, 63 },
{ IntegerRing() | 47, 62 },
{ IntegerRing() | 56, 64 }
@};
edge1`UpstairsTriple := [ PermutationGroup<64 |  
\[ 2, 3, 4, 5, 6, 7, 8, 9, 10, 11, 12, 13, 14, 15, 16, 17, 18, 19, 20, 21, 22, 23, 24, 25, 26, 27, 28, 29, 30, 31, 32, 33, 34, 35, 36, 37, 38, 39, 40, 41, 42, 43, 44, 45, 46, 47, 48, 49, 50, 51, 52, 53, 54, 55, 56, 57, 58, 59, 60, 61, 62, 63, 64, 1 ],
\[ 2, 1, 3, 4, 5, 6, 7, 8, 9, 10, 11, 12, 13, 14, 15, 16, 17, 18, 19, 20, 21, 22, 23, 24, 25, 26, 27, 28, 29, 30, 31, 32, 33, 34, 35, 36, 37, 38, 39, 40, 41, 42, 43, 44, 45, 46, 47, 48, 49, 50, 51, 52, 53, 54, 55, 56, 57, 58, 59, 60, 61, 62, 63, 64 ]:
 Order := 126886932185884164103433389335161480802865516174545192198801894375214704230400000000000000 > |
[ 12, 40, 8, 52, 2, 5, 48, 38, 22, 14, 30, 9, 25, 27, 34, 20, 64, 15, 18, 47, 13, 1, 57, 21, 24, 16, 29, 32, 10, 28, 55, 11, 53, 19, 37, 63, 31, 42, 51, 6, 50, 3, 54, 61, 43, 45, 26, 41, 23, 7, 4, 39, 62, 46, 35, 58, 59, 44, 49, 33, 56, 60, 17, 36 ],
[ 3, 10, 16, 22, 18, 27, 1, 35, 38, 20, 5, 45, 2, 55, 57, 11, 42, 33, 49, 39, 63, 54, 51, 6, 64, 4, 26, 40, 37, 36, 50, 17, 7, 62, 48, 8, 21, 47, 12, 34, 9, 31, 23, 29, 53, 59, 28, 58, 32, 61, 56, 44, 13, 60, 25, 14, 30, 15, 52, 24, 19, 41, 46, 43 ],
[ 4, 11, 17, 23, 24, 28, 31, 1, 39, 44, 49, 7, 37, 2, 5, 27, 21, 61, 40, 3, 60, 41, 19, 55, 53, 38, 56, 57, 6, 16, 29, 47, 54, 58, 14, 25, 8, 36, 59, 13, 35, 9, 12, 48, 63, 22, 10, 33, 46, 62, 20, 26, 18, 64, 42, 50, 43, 51, 15, 34, 52, 45, 30, 32 ]
];
edge1`UpstairsFilename := "64S14-4,8,8-g17-3963620213.m";
edge1`DownstairsTriple := [ PermutationGroup<32 |  
\[ 2, 3, 4, 5, 6, 7, 8, 9, 10, 11, 12, 13, 14, 15, 16, 17, 18, 19, 20, 21, 22, 23, 24, 25, 26, 27, 28, 29, 30, 31, 32, 1 ],
\[ 2, 1, 3, 4, 5, 6, 7, 8, 9, 10, 11, 12, 13, 14, 15, 16, 17, 18, 19, 20, 21, 22, 23, 24, 25, 26, 27, 28, 29, 30, 31, 32 ]:
 Order := 263130836933693530167218012160000000 > |
[ 6, 1, 8, 20, 2, 5, 26, 15, 11, 24, 22, 3, 16, 30, 12, 31, 4, 27, 17, 19, 13, 23, 9, 7, 18, 10, 29, 32, 25, 28, 21, 14 ],
[ 3, 9, 13, 2, 15, 22, 1, 27, 21, 5, 29, 25, 7, 12, 31, 19, 30, 17, 6, 32, 4, 16, 18, 14, 24, 28, 26, 8, 20, 23, 10, 11 ],
[ 4, 10, 14, 18, 19, 7, 25, 1, 30, 27, 2, 5, 9, 20, 28, 3, 16, 12, 29, 21, 15, 32, 6, 31, 11, 13, 23, 17, 8, 24, 22, 26 ]
];
edge1`DownstairsFilename := "32S10-4,4,8-g7-1089880469.m";
Append(~s`Edges, edge1);
edge2 := TwoEdgeInitialize();
edge2`Blocks := {@ PowerSet(IntegerRing()) |
{ IntegerRing() | 1, 5 },
{ IntegerRing() | 2, 6 },
{ IntegerRing() | 3, 15 },
{ IntegerRing() | 4, 19 },
{ IntegerRing() | 7, 10 },
{ IntegerRing() | 8, 12 },
{ IntegerRing() | 9, 22 },
{ IntegerRing() | 11, 23 },
{ IntegerRing() | 13, 40 },
{ IntegerRing() | 14, 29 },
{ IntegerRing() | 16, 21 },
{ IntegerRing() | 17, 20 },
{ IntegerRing() | 18, 34 },
{ IntegerRing() | 24, 26 },
{ IntegerRing() | 25, 28 },
{ IntegerRing() | 27, 33 },
{ IntegerRing() | 30, 37 },
{ IntegerRing() | 31, 51 },
{ IntegerRing() | 32, 35 },
{ IntegerRing() | 36, 48 },
{ IntegerRing() | 38, 61 },
{ IntegerRing() | 39, 44 },
{ IntegerRing() | 41, 43 },
{ IntegerRing() | 42, 55 },
{ IntegerRing() | 45, 49 },
{ IntegerRing() | 46, 50 },
{ IntegerRing() | 47, 59 },
{ IntegerRing() | 52, 54 },
{ IntegerRing() | 53, 58 },
{ IntegerRing() | 56, 57 },
{ IntegerRing() | 60, 64 },
{ IntegerRing() | 62, 63 }
@};
edge2`UpstairsTriple := [ PermutationGroup<64 |  
\[ 2, 3, 4, 5, 6, 7, 8, 9, 10, 11, 12, 13, 14, 15, 16, 17, 18, 19, 20, 21, 22, 23, 24, 25, 26, 27, 28, 29, 30, 31, 32, 33, 34, 35, 36, 37, 38, 39, 40, 41, 42, 43, 44, 45, 46, 47, 48, 49, 50, 51, 52, 53, 54, 55, 56, 57, 58, 59, 60, 61, 62, 63, 64, 1 ],
\[ 2, 1, 3, 4, 5, 6, 7, 8, 9, 10, 11, 12, 13, 14, 15, 16, 17, 18, 19, 20, 21, 22, 23, 24, 25, 26, 27, 28, 29, 30, 31, 32, 33, 34, 35, 36, 37, 38, 39, 40, 41, 42, 43, 44, 45, 46, 47, 48, 49, 50, 51, 52, 53, 54, 55, 56, 57, 58, 59, 60, 61, 62, 63, 64 ]:
 Order := 126886932185884164103433389335161480802865516174545192198801894375214704230400000000000000 > |
[ 6, 1, 8, 20, 2, 5, 26, 15, 11, 24, 22, 3, 16, 32, 12, 40, 4, 48, 17, 19, 13, 23, 9, 7, 37, 10, 51, 30, 35, 25, 27, 29, 31, 36, 14, 18, 28, 41, 52, 21, 61, 56, 38, 54, 46, 49, 53, 34, 50, 45, 33, 44, 59, 39, 57, 55, 42, 47, 58, 62, 43, 64, 60, 63 ],
[ 3, 9, 13, 2, 15, 22, 1, 28, 31, 5, 34, 25, 38, 12, 40, 19, 45, 17, 6, 49, 4, 51, 18, 50, 24, 46, 7, 26, 8, 42, 57, 23, 10, 20, 11, 43, 55, 60, 21, 61, 29, 35, 14, 16, 54, 59, 36, 41, 52, 47, 56, 30, 27, 37, 32, 62, 63, 33, 48, 53, 64, 44, 39, 58 ],
[ 4, 10, 14, 18, 19, 7, 25, 1, 32, 28, 2, 5, 39, 42, 29, 3, 16, 47, 34, 21, 15, 35, 6, 33, 52, 27, 9, 54, 55, 8, 58, 43, 22, 59, 41, 11, 12, 36, 45, 44, 13, 31, 40, 49, 24, 17, 64, 23, 26, 20, 53, 63, 50, 62, 51, 30, 37, 46, 60, 57, 48, 38, 61, 56 ]
];
edge2`UpstairsFilename := "64S14-4,8,8-g17-3680964651.m";
edge2`DownstairsTriple := [ PermutationGroup<32 |  
\[ 2, 3, 4, 5, 6, 7, 8, 9, 10, 11, 12, 13, 14, 15, 16, 17, 18, 19, 20, 21, 22, 23, 24, 25, 26, 27, 28, 29, 30, 31, 32, 1 ],
\[ 2, 1, 3, 4, 5, 6, 7, 8, 9, 10, 11, 12, 13, 14, 15, 16, 17, 18, 19, 20, 21, 22, 23, 24, 25, 26, 27, 28, 29, 30, 31, 32 ]:
 Order := 263130836933693530167218012160000000 > |
[ 2, 1, 7, 15, 9, 20, 3, 10, 5, 8, 14, 25, 19, 11, 4, 28, 30, 29, 13, 6, 23, 24, 21, 22, 12, 27, 26, 16, 18, 17, 32, 31 ],
[ 3, 8, 11, 2, 13, 1, 21, 24, 26, 16, 18, 7, 22, 4, 32, 15, 9, 5, 28, 31, 20, 6, 30, 17, 10, 14, 23, 29, 12, 25, 19, 27 ],
[ 4, 6, 12, 16, 17, 21, 1, 25, 18, 2, 26, 30, 31, 3, 14, 19, 23, 28, 5, 22, 27, 8, 7, 13, 29, 32, 9, 10, 11, 24, 15, 20 ]
];
edge2`DownstairsFilename := "32S7-2,8,8-g5-3703186130.m";
Append(~s`Edges, edge2);
edge3 := TwoEdgeInitialize();
edge3`Blocks := {@ PowerSet(IntegerRing()) |
{ IntegerRing() | 1, 5 },
{ IntegerRing() | 2, 12 },
{ IntegerRing() | 3, 18 },
{ IntegerRing() | 4, 24 },
{ IntegerRing() | 6, 22 },
{ IntegerRing() | 7, 11 },
{ IntegerRing() | 8, 15 },
{ IntegerRing() | 9, 40 },
{ IntegerRing() | 10, 45 },
{ IntegerRing() | 13, 39 },
{ IntegerRing() | 14, 43 },
{ IntegerRing() | 16, 59 },
{ IntegerRing() | 17, 61 },
{ IntegerRing() | 19, 42 },
{ IntegerRing() | 20, 54 },
{ IntegerRing() | 21, 53 },
{ IntegerRing() | 23, 37 },
{ IntegerRing() | 25, 51 },
{ IntegerRing() | 26, 60 },
{ IntegerRing() | 27, 55 },
{ IntegerRing() | 28, 41 },
{ IntegerRing() | 29, 46 },
{ IntegerRing() | 30, 47 },
{ IntegerRing() | 31, 48 },
{ IntegerRing() | 32, 49 },
{ IntegerRing() | 33, 50 },
{ IntegerRing() | 34, 38 },
{ IntegerRing() | 35, 57 },
{ IntegerRing() | 36, 58 },
{ IntegerRing() | 44, 64 },
{ IntegerRing() | 52, 62 },
{ IntegerRing() | 56, 63 }
@};
edge3`UpstairsTriple := [ PermutationGroup<64 |  
\[ 2, 3, 4, 5, 6, 7, 8, 9, 10, 11, 12, 13, 14, 15, 16, 17, 18, 19, 20, 21, 22, 23, 24, 25, 26, 27, 28, 29, 30, 31, 32, 33, 34, 35, 36, 37, 38, 39, 40, 41, 42, 43, 44, 45, 46, 47, 48, 49, 50, 51, 52, 53, 54, 55, 56, 57, 58, 59, 60, 61, 62, 63, 64, 1 ],
\[ 2, 1, 3, 4, 5, 6, 7, 8, 9, 10, 11, 12, 13, 14, 15, 16, 17, 18, 19, 20, 21, 22, 23, 24, 25, 26, 27, 28, 29, 30, 31, 32, 33, 34, 35, 36, 37, 38, 39, 40, 41, 42, 43, 44, 45, 46, 47, 48, 49, 50, 51, 52, 53, 54, 55, 56, 57, 58, 59, 60, 61, 62, 63, 64 ]:
 Order := 126886932185884164103433389335161480802865516174545192198801894375214704230400000000000000 > |
[ 12, 40, 8, 53, 2, 5, 47, 38, 22, 14, 30, 9, 25, 27, 34, 20, 63, 15, 18, 50, 13, 1, 48, 21, 24, 16, 29, 32, 10, 28, 52, 11, 60, 19, 37, 64, 31, 42, 51, 6, 49, 3, 55, 61, 43, 45, 41, 62, 7, 26, 4, 35, 39, 33, 46, 58, 23, 44, 54, 59, 56, 57, 36, 17 ],
[ 3, 10, 16, 22, 18, 27, 1, 35, 38, 26, 5, 45, 2, 37, 57, 28, 42, 59, 48, 39, 63, 55, 51, 6, 64, 4, 20, 40, 52, 17, 49, 36, 7, 33, 47, 8, 25, 50, 12, 34, 9, 31, 23, 29, 60, 62, 61, 32, 58, 11, 44, 21, 56, 13, 54, 14, 30, 15, 41, 24, 19, 53, 43, 46 ],
[ 4, 11, 17, 23, 24, 28, 31, 1, 39, 44, 48, 7, 52, 2, 5, 10, 25, 61, 40, 3, 60, 41, 15, 37, 54, 38, 56, 57, 6, 50, 14, 16, 55, 58, 29, 21, 8, 36, 62, 13, 35, 9, 12, 49, 64, 22, 33, 43, 59, 27, 20, 42, 26, 18, 63, 47, 46, 53, 45, 34, 51, 19, 30, 32 ]
];
edge3`UpstairsFilename := "64S14-4,8,8-g17-3727991970.m";
edge3`DownstairsTriple := [ PermutationGroup<32 |  
\[ 2, 3, 4, 5, 6, 7, 8, 9, 10, 11, 12, 13, 14, 15, 16, 17, 18, 19, 20, 21, 22, 23, 24, 25, 26, 27, 28, 29, 30, 31, 32, 1 ],
\[ 2, 1, 3, 4, 5, 6, 7, 8, 9, 10, 11, 12, 13, 14, 15, 16, 17, 18, 19, 20, 21, 22, 23, 24, 25, 26, 27, 28, 29, 30, 31, 32 ]:
 Order := 263130836933693530167218012160000000 > |
[ 6, 1, 8, 20, 2, 5, 26, 15, 11, 24, 22, 3, 16, 30, 12, 27, 4, 25, 17, 19, 13, 23, 9, 7, 31, 10, 21, 18, 32, 29, 28, 14 ],
[ 3, 9, 13, 2, 15, 22, 1, 28, 16, 5, 31, 25, 10, 12, 27, 19, 32, 17, 6, 30, 4, 21, 18, 29, 24, 14, 7, 26, 8, 23, 20, 11 ],
[ 4, 10, 14, 18, 19, 7, 25, 1, 30, 28, 2, 5, 22, 17, 29, 3, 16, 8, 31, 21, 15, 32, 6, 13, 23, 27, 9, 11, 20, 26, 12, 24 ]
];
edge3`DownstairsFilename := "32S10-4,8,4-g7-1560466583.m";
Append(~s`Edges, edge3);

/*
Return for eval
*/

return s;
