s := TwoDBInitialize();

/*
Magma printing
*/

s`Name := "64S14-8,4,8-g17-2845628431";
s`Filename := "64S14-8,4,8-g17-2845628431.m";
s`Degree := 64;
s`Orders := \[ 8, 4, 8 ];
s`Geometry := "Hyperbolic";
s`Genus := 17;
s`Level := 6;
s`PermutationTriple := [ PermutationGroup<64 |  
\[ 2, 3, 4, 5, 6, 7, 8, 9, 10, 11, 12, 13, 14, 15, 16, 17, 18, 19, 20, 21, 22, 23, 24, 25, 26, 27, 28, 29, 30, 31, 32, 33, 34, 35, 36, 37, 38, 39, 40, 41, 42, 43, 44, 45, 46, 47, 48, 49, 50, 51, 52, 53, 54, 55, 56, 57, 58, 59, 60, 61, 62, 63, 64, 1 ],
\[ 2, 1, 3, 4, 5, 6, 7, 8, 9, 10, 11, 12, 13, 14, 15, 16, 17, 18, 19, 20, 21, 22, 23, 24, 25, 26, 27, 28, 29, 30, 31, 32, 33, 34, 35, 36, 37, 38, 39, 40, 41, 42, 43, 44, 45, 46, 47, 48, 49, 50, 51, 52, 53, 54, 55, 56, 57, 58, 59, 60, 61, 62, 63, 64 ]:
 Order := 126886932185884164103433389335161480802865516174545192198801894375214704230400000000000000 > |
[ 12, 29, 8, 61, 2, 5, 45, 53, 6, 14, 31, 9, 25, 27, 34, 20, 50, 15, 18, 64, 38, 1, 59, 21, 24, 16, 30, 47, 22, 43, 28, 42, 11, 39, 37, 52, 32, 49, 3, 51, 44, 54, 40, 26, 62, 60, 7, 41, 4, 55, 63, 17, 19, 56, 23, 46, 48, 36, 58, 35, 13, 33, 10, 57 ],
[ 3, 10, 16, 22, 18, 27, 1, 35, 34, 41, 5, 43, 2, 52, 54, 7, 39, 48, 46, 38, 60, 51, 49, 6, 37, 4, 57, 9, 53, 58, 55, 47, 59, 64, 45, 8, 14, 12, 32, 23, 13, 63, 20, 62, 36, 33, 17, 11, 56, 61, 26, 25, 44, 31, 15, 40, 24, 21, 19, 30, 42, 29, 50, 28 ],
[ 4, 11, 17, 23, 24, 28, 32, 1, 38, 42, 46, 7, 50, 2, 5, 51, 14, 59, 29, 3, 57, 62, 31, 52, 41, 53, 37, 54, 13, 6, 48, 25, 44, 55, 21, 30, 8, 58, 9, 12, 18, 39, 60, 10, 16, 49, 64, 27, 20, 47, 56, 45, 36, 61, 63, 15, 34, 33, 40, 19, 26, 35, 22, 43 ]
];
s`MonodromyGroup := PermutationGroup<64 |  
\[ 12, 29, 8, 61, 2, 5, 45, 53, 6, 14, 31, 9, 25, 27, 34, 20, 50, 15, 18, 64, 38, 1, 59, 21, 24, 16, 30, 47, 22, 43, 28, 42, 11, 39, 37, 52, 32, 49, 3, 51, 44, 54, 40, 26, 62, 60, 7, 41, 4, 55, 63, 17, 19, 56, 23, 46, 48, 36, 58, 35, 13, 33, 10, 57 ],
\[ 3, 10, 16, 22, 18, 27, 1, 35, 34, 41, 5, 43, 2, 52, 54, 7, 39, 48, 46, 38, 60, 51, 49, 6, 37, 4, 57, 9, 53, 58, 55, 47, 59, 64, 45, 8, 14, 12, 32, 23, 13, 63, 20, 62, 36, 33, 17, 11, 56, 61, 26, 25, 44, 31, 15, 40, 24, 21, 19, 30, 42, 29, 50, 28 ],
\[ 4, 11, 17, 23, 24, 28, 32, 1, 38, 42, 46, 7, 50, 2, 5, 51, 14, 59, 29, 3, 57, 62, 31, 52, 41, 53, 37, 54, 13, 6, 48, 25, 44, 55, 21, 30, 8, 58, 9, 12, 18, 39, 60, 10, 16, 49, 64, 27, 20, 47, 56, 45, 36, 61, 63, 15, 34, 33, 40, 19, 26, 35, 22, 43 ] >;

/*
Edge printing
*/

s`Edges := [];
edge1 := TwoEdgeInitialize();
edge1`Blocks := {@ PowerSet(IntegerRing()) |
{ IntegerRing() | 1, 5 },
{ IntegerRing() | 2, 12 },
{ IntegerRing() | 3, 18 },
{ IntegerRing() | 4, 24 },
{ IntegerRing() | 6, 22 },
{ IntegerRing() | 7, 11 },
{ IntegerRing() | 8, 15 },
{ IntegerRing() | 9, 29 },
{ IntegerRing() | 10, 43 },
{ IntegerRing() | 13, 38 },
{ IntegerRing() | 14, 40 },
{ IntegerRing() | 16, 48 },
{ IntegerRing() | 17, 59 },
{ IntegerRing() | 19, 39 },
{ IntegerRing() | 20, 41 },
{ IntegerRing() | 21, 61 },
{ IntegerRing() | 23, 52 },
{ IntegerRing() | 25, 49 },
{ IntegerRing() | 26, 57 },
{ IntegerRing() | 27, 51 },
{ IntegerRing() | 28, 62 },
{ IntegerRing() | 30, 63 },
{ IntegerRing() | 31, 45 },
{ IntegerRing() | 32, 46 },
{ IntegerRing() | 33, 47 },
{ IntegerRing() | 34, 53 },
{ IntegerRing() | 35, 54 },
{ IntegerRing() | 36, 55 },
{ IntegerRing() | 37, 56 },
{ IntegerRing() | 42, 60 },
{ IntegerRing() | 44, 64 },
{ IntegerRing() | 50, 58 }
@};
edge1`UpstairsTriple := [ PermutationGroup<64 |  
\[ 2, 3, 4, 5, 6, 7, 8, 9, 10, 11, 12, 13, 14, 15, 16, 17, 18, 19, 20, 21, 22, 23, 24, 25, 26, 27, 28, 29, 30, 31, 32, 33, 34, 35, 36, 37, 38, 39, 40, 41, 42, 43, 44, 45, 46, 47, 48, 49, 50, 51, 52, 53, 54, 55, 56, 57, 58, 59, 60, 61, 62, 63, 64, 1 ],
\[ 2, 1, 3, 4, 5, 6, 7, 8, 9, 10, 11, 12, 13, 14, 15, 16, 17, 18, 19, 20, 21, 22, 23, 24, 25, 26, 27, 28, 29, 30, 31, 32, 33, 34, 35, 36, 37, 38, 39, 40, 41, 42, 43, 44, 45, 46, 47, 48, 49, 50, 51, 52, 53, 54, 55, 56, 57, 58, 59, 60, 61, 62, 63, 64 ]:
 Order := 126886932185884164103433389335161480802865516174545192198801894375214704230400000000000000 > |
[ 12, 29, 8, 61, 2, 5, 45, 53, 6, 14, 31, 9, 25, 27, 34, 20, 50, 15, 18, 64, 38, 1, 59, 21, 24, 16, 30, 47, 22, 43, 28, 42, 11, 39, 37, 52, 32, 49, 3, 51, 44, 54, 40, 26, 62, 60, 7, 41, 4, 55, 63, 17, 19, 56, 23, 46, 48, 36, 58, 35, 13, 33, 10, 57 ],
[ 3, 10, 16, 22, 18, 27, 1, 35, 34, 41, 5, 43, 2, 52, 54, 7, 39, 48, 46, 38, 60, 51, 49, 6, 37, 4, 57, 9, 53, 58, 55, 47, 59, 64, 45, 8, 14, 12, 32, 23, 13, 63, 20, 62, 36, 33, 17, 11, 56, 61, 26, 25, 44, 31, 15, 40, 24, 21, 19, 30, 42, 29, 50, 28 ],
[ 4, 11, 17, 23, 24, 28, 32, 1, 38, 42, 46, 7, 50, 2, 5, 51, 14, 59, 29, 3, 57, 62, 31, 52, 41, 53, 37, 54, 13, 6, 48, 25, 44, 55, 21, 30, 8, 58, 9, 12, 18, 39, 60, 10, 16, 49, 64, 27, 20, 47, 56, 45, 36, 61, 63, 15, 34, 33, 40, 19, 26, 35, 22, 43 ]
];
edge1`UpstairsFilename := "64S14-8,4,8-g17-2845628431.m";
edge1`DownstairsTriple := [ PermutationGroup<32 |  
\[ 2, 3, 4, 5, 6, 7, 8, 9, 10, 11, 12, 13, 14, 15, 16, 17, 18, 19, 20, 21, 22, 23, 24, 25, 26, 27, 28, 29, 30, 31, 32, 1 ],
\[ 2, 1, 3, 4, 5, 6, 7, 8, 9, 10, 11, 12, 13, 14, 15, 16, 17, 18, 19, 20, 21, 22, 23, 24, 25, 26, 27, 28, 29, 30, 31, 32 ]:
 Order := 263130836933693530167218012160000000 > |
[ 11, 30, 8, 23, 2, 5, 14, 22, 18, 13, 9, 21, 4, 26, 31, 7, 12, 1, 15, 17, 20, 25, 10, 32, 3, 16, 29, 19, 24, 6, 28, 27 ],
[ 3, 10, 5, 18, 7, 4, 1, 27, 22, 11, 12, 2, 29, 28, 25, 15, 31, 20, 13, 6, 19, 30, 32, 16, 24, 9, 14, 8, 21, 26, 23, 17 ],
[ 4, 3, 15, 19, 20, 22, 24, 1, 10, 31, 7, 32, 2, 5, 21, 30, 18, 26, 14, 29, 11, 28, 6, 13, 9, 27, 23, 17, 8, 12, 16, 25 ]
];
edge1`DownstairsFilename := "32S10-4,4,8-g7-1952972867.m";
Append(~s`Edges, edge1);
edge2 := TwoEdgeInitialize();
edge2`Blocks := {@ PowerSet(IntegerRing()) |
{ IntegerRing() | 1, 5 },
{ IntegerRing() | 2, 11 },
{ IntegerRing() | 3, 7 },
{ IntegerRing() | 4, 20 },
{ IntegerRing() | 6, 18 },
{ IntegerRing() | 8, 14 },
{ IntegerRing() | 9, 33 },
{ IntegerRing() | 10, 12 },
{ IntegerRing() | 13, 21 },
{ IntegerRing() | 15, 25 },
{ IntegerRing() | 16, 26 },
{ IntegerRing() | 17, 24 },
{ IntegerRing() | 19, 39 },
{ IntegerRing() | 22, 27 },
{ IntegerRing() | 23, 47 },
{ IntegerRing() | 28, 29 },
{ IntegerRing() | 30, 41 },
{ IntegerRing() | 31, 59 },
{ IntegerRing() | 32, 34 },
{ IntegerRing() | 35, 37 },
{ IntegerRing() | 36, 38 },
{ IntegerRing() | 40, 50 },
{ IntegerRing() | 42, 44 },
{ IntegerRing() | 43, 55 },
{ IntegerRing() | 45, 54 },
{ IntegerRing() | 46, 49 },
{ IntegerRing() | 48, 60 },
{ IntegerRing() | 51, 53 },
{ IntegerRing() | 52, 62 },
{ IntegerRing() | 56, 58 },
{ IntegerRing() | 57, 63 },
{ IntegerRing() | 61, 64 }
@};
edge2`UpstairsTriple := [ PermutationGroup<64 |  
\[ 2, 3, 4, 5, 6, 7, 8, 9, 10, 11, 12, 13, 14, 15, 16, 17, 18, 19, 20, 21, 22, 23, 24, 25, 26, 27, 28, 29, 30, 31, 32, 33, 34, 35, 36, 37, 38, 39, 40, 41, 42, 43, 44, 45, 46, 47, 48, 49, 50, 51, 52, 53, 54, 55, 56, 57, 58, 59, 60, 61, 62, 63, 64, 1 ],
\[ 2, 1, 3, 4, 5, 6, 7, 8, 9, 10, 11, 12, 13, 14, 15, 16, 17, 18, 19, 20, 21, 22, 23, 24, 25, 26, 27, 28, 29, 30, 31, 32, 33, 34, 35, 36, 37, 38, 39, 40, 41, 42, 43, 44, 45, 46, 47, 48, 49, 50, 51, 52, 53, 54, 55, 56, 57, 58, 59, 60, 61, 62, 63, 64 ]:
 Order := 126886932185884164103433389335161480802865516174545192198801894375214704230400000000000000 > |
[ 11, 33, 8, 24, 2, 5, 14, 22, 59, 13, 9, 21, 4, 27, 44, 7, 54, 1, 50, 17, 20, 53, 18, 45, 42, 3, 51, 30, 41, 25, 63, 26, 31, 16, 29, 12, 28, 10, 40, 37, 15, 49, 56, 46, 55, 19, 6, 34, 39, 35, 61, 47, 64, 43, 58, 36, 62, 38, 57, 32, 48, 23, 52, 60 ],
[ 3, 10, 5, 18, 7, 4, 1, 28, 32, 11, 12, 2, 39, 29, 26, 15, 44, 20, 13, 6, 19, 47, 22, 42, 16, 25, 23, 14, 8, 43, 58, 33, 34, 9, 38, 35, 36, 37, 21, 51, 55, 17, 41, 24, 62, 60, 27, 46, 48, 53, 50, 45, 40, 52, 30, 31, 64, 59, 56, 49, 57, 54, 61, 63 ],
[ 4, 3, 15, 19, 20, 22, 25, 1, 10, 35, 7, 37, 2, 5, 43, 33, 18, 27, 48, 39, 11, 29, 45, 6, 55, 9, 28, 38, 36, 8, 32, 46, 12, 49, 51, 59, 53, 31, 60, 13, 14, 26, 62, 16, 44, 17, 54, 63, 24, 21, 47, 64, 23, 42, 52, 30, 58, 41, 34, 57, 40, 61, 56, 50 ]
];
edge2`UpstairsFilename := "64S14-8,4,8-g17-2063076290.m";
edge2`DownstairsTriple := [ PermutationGroup<32 |  
\[ 2, 3, 4, 5, 6, 7, 8, 9, 10, 11, 12, 13, 14, 15, 16, 17, 18, 19, 20, 21, 22, 23, 24, 25, 26, 27, 28, 29, 30, 31, 32, 1 ],
\[ 2, 1, 3, 4, 5, 6, 7, 8, 9, 10, 11, 12, 13, 14, 15, 16, 17, 18, 19, 20, 21, 22, 23, 24, 25, 26, 27, 28, 29, 30, 31, 32 ]:
 Order := 263130836933693530167218012160000000 > |
[ 2, 8, 7, 15, 10, 1, 20, 18, 11, 21, 4, 30, 19, 3, 26, 29, 27, 5, 24, 31, 6, 23, 12, 14, 22, 28, 9, 17, 25, 32, 13, 16 ],
[ 3, 9, 1, 6, 13, 4, 22, 24, 2, 26, 16, 14, 5, 12, 30, 11, 18, 17, 32, 21, 20, 7, 28, 8, 27, 10, 25, 23, 31, 15, 29, 19 ],
[ 4, 3, 12, 16, 17, 20, 1, 9, 25, 13, 2, 28, 29, 8, 6, 19, 23, 24, 5, 22, 26, 27, 7, 32, 31, 30, 18, 10, 11, 14, 21, 15 ]
];
edge2`DownstairsFilename := "32S7-8,2,8-g5-2224065150.m";
Append(~s`Edges, edge2);
edge3 := TwoEdgeInitialize();
edge3`Blocks := {@ PowerSet(IntegerRing()) |
{ IntegerRing() | 1, 5 },
{ IntegerRing() | 2, 12 },
{ IntegerRing() | 3, 18 },
{ IntegerRing() | 4, 24 },
{ IntegerRing() | 6, 22 },
{ IntegerRing() | 7, 11 },
{ IntegerRing() | 8, 15 },
{ IntegerRing() | 9, 39 },
{ IntegerRing() | 10, 44 },
{ IntegerRing() | 13, 38 },
{ IntegerRing() | 14, 41 },
{ IntegerRing() | 16, 48 },
{ IntegerRing() | 17, 58 },
{ IntegerRing() | 19, 40 },
{ IntegerRing() | 20, 42 },
{ IntegerRing() | 21, 61 },
{ IntegerRing() | 23, 37 },
{ IntegerRing() | 25, 49 },
{ IntegerRing() | 26, 56 },
{ IntegerRing() | 27, 51 },
{ IntegerRing() | 28, 62 },
{ IntegerRing() | 29, 63 },
{ IntegerRing() | 30, 64 },
{ IntegerRing() | 31, 45 },
{ IntegerRing() | 32, 46 },
{ IntegerRing() | 33, 47 },
{ IntegerRing() | 34, 53 },
{ IntegerRing() | 35, 54 },
{ IntegerRing() | 36, 55 },
{ IntegerRing() | 43, 57 },
{ IntegerRing() | 50, 60 },
{ IntegerRing() | 52, 59 }
@};
edge3`UpstairsTriple := [ PermutationGroup<64 |  
\[ 2, 3, 4, 5, 6, 7, 8, 9, 10, 11, 12, 13, 14, 15, 16, 17, 18, 19, 20, 21, 22, 23, 24, 25, 26, 27, 28, 29, 30, 31, 32, 33, 34, 35, 36, 37, 38, 39, 40, 41, 42, 43, 44, 45, 46, 47, 48, 49, 50, 51, 52, 53, 54, 55, 56, 57, 58, 59, 60, 61, 62, 63, 64, 1 ],
\[ 2, 1, 3, 4, 5, 6, 7, 8, 9, 10, 11, 12, 13, 14, 15, 16, 17, 18, 19, 20, 21, 22, 23, 24, 25, 26, 27, 28, 29, 30, 31, 32, 33, 34, 35, 36, 37, 38, 39, 40, 41, 42, 43, 44, 45, 46, 47, 48, 49, 50, 51, 52, 53, 54, 55, 56, 57, 58, 59, 60, 61, 62, 63, 64 ]:
 Order := 126886932185884164103433389335161480802865516174545192198801894375214704230400000000000000 > |
[ 12, 39, 8, 61, 2, 5, 45, 53, 56, 14, 31, 9, 25, 27, 34, 20, 43, 15, 18, 63, 44, 1, 46, 21, 24, 16, 30, 40, 22, 38, 28, 50, 11, 47, 37, 52, 32, 49, 26, 3, 51, 29, 54, 41, 62, 60, 7, 42, 4, 55, 64, 17, 33, 23, 59, 48, 35, 57, 58, 36, 10, 19, 6, 13 ],
[ 3, 10, 16, 22, 18, 27, 1, 35, 28, 42, 5, 44, 2, 37, 54, 7, 40, 48, 46, 38, 60, 51, 49, 6, 52, 4, 56, 63, 53, 57, 55, 47, 58, 9, 45, 8, 25, 12, 62, 32, 23, 13, 61, 20, 36, 33, 17, 11, 59, 64, 26, 14, 39, 31, 15, 24, 21, 19, 41, 30, 50, 29, 34, 43 ],
[ 4, 11, 17, 23, 24, 28, 32, 1, 38, 43, 46, 7, 50, 2, 5, 51, 25, 58, 39, 3, 56, 62, 15, 37, 42, 53, 52, 54, 10, 6, 48, 14, 29, 55, 30, 21, 8, 60, 13, 9, 12, 18, 47, 57, 16, 41, 63, 27, 20, 40, 59, 45, 36, 64, 61, 34, 33, 49, 31, 19, 26, 35, 44, 22 ]
];
edge3`UpstairsFilename := "64S14-8,4,8-g17-2892528909.m";
edge3`DownstairsTriple := [ PermutationGroup<32 |  
\[ 2, 3, 4, 5, 6, 7, 8, 9, 10, 11, 12, 13, 14, 15, 16, 17, 18, 19, 20, 21, 22, 23, 24, 25, 26, 27, 28, 29, 30, 31, 32, 1 ],
\[ 2, 1, 3, 4, 5, 6, 7, 8, 9, 10, 11, 12, 13, 14, 15, 16, 17, 18, 19, 20, 21, 22, 23, 24, 25, 26, 27, 28, 29, 30, 31, 32 ]:
 Order := 263130836933693530167218012160000000 > |
[ 11, 23, 8, 24, 2, 5, 14, 22, 6, 13, 9, 21, 4, 27, 31, 7, 10, 1, 25, 17, 20, 16, 18, 12, 30, 3, 26, 19, 32, 29, 28, 15 ],
[ 3, 10, 5, 18, 7, 4, 1, 28, 27, 11, 12, 2, 32, 29, 26, 15, 31, 20, 13, 6, 19, 9, 22, 30, 16, 25, 23, 14, 8, 17, 24, 21 ],
[ 4, 3, 15, 19, 20, 22, 25, 1, 10, 30, 7, 31, 2, 5, 13, 23, 18, 27, 8, 32, 11, 29, 12, 6, 21, 9, 28, 17, 24, 26, 16, 14 ]
];
edge3`DownstairsFilename := "32S10-8,4,4-g7-3976531736.m";
Append(~s`Edges, edge3);

/*
Return for eval
*/

return s;
