s := TwoDBInitialize();

/*
Magma printing
*/

s`Name := "64S11-8,8,4-g17-950878054";
s`Filename := "64S11-8,8,4-g17-950878054.m";
s`Degree := 64;
s`Orders := \[ 8, 8, 4 ];
s`Geometry := "Hyperbolic";
s`Genus := 17;
s`Level := 6;
s`PermutationTriple := [ PermutationGroup<64 |  
\[ 2, 3, 4, 5, 6, 7, 8, 9, 10, 11, 12, 13, 14, 15, 16, 17, 18, 19, 20, 21, 22, 23, 24, 25, 26, 27, 28, 29, 30, 31, 32, 33, 34, 35, 36, 37, 38, 39, 40, 41, 42, 43, 44, 45, 46, 47, 48, 49, 50, 51, 52, 53, 54, 55, 56, 57, 58, 59, 60, 61, 62, 63, 64, 1 ],
\[ 2, 1, 3, 4, 5, 6, 7, 8, 9, 10, 11, 12, 13, 14, 15, 16, 17, 18, 19, 20, 21, 22, 23, 24, 25, 26, 27, 28, 29, 30, 31, 32, 33, 34, 35, 36, 37, 38, 39, 40, 41, 42, 43, 44, 45, 46, 47, 48, 49, 50, 51, 52, 53, 54, 55, 56, 57, 58, 59, 60, 61, 62, 63, 64 ]:
 Order := 126886932185884164103433389335161480802865516174545192198801894375214704230400000000000000 > |
[ 12, 29, 8, 38, 2, 5, 27, 49, 6, 14, 31, 9, 3, 64, 35, 20, 41, 15, 18, 44, 61, 1, 32, 21, 24, 47, 30, 10, 22, 33, 63, 59, 11, 17, 13, 23, 52, 39, 25, 50, 26, 40, 42, 37, 48, 7, 58, 36, 19, 28, 45, 55, 51, 16, 60, 62, 4, 56, 53, 54, 57, 34, 46, 43 ],
[ 3, 10, 16, 22, 18, 27, 1, 36, 38, 20, 5, 42, 2, 51, 53, 40, 13, 52, 12, 61, 60, 31, 57, 6, 47, 4, 54, 9, 21, 59, 37, 46, 17, 7, 56, 64, 8, 44, 32, 23, 28, 55, 29, 30, 33, 58, 11, 35, 41, 62, 25, 14, 50, 15, 39, 43, 34, 19, 49, 63, 45, 24, 48, 26 ],
[ 4, 11, 17, 23, 24, 28, 32, 1, 19, 41, 45, 7, 48, 2, 5, 27, 57, 58, 59, 3, 62, 43, 8, 51, 55, 49, 34, 53, 13, 6, 47, 40, 44, 50, 54, 63, 38, 26, 9, 12, 33, 56, 36, 10, 14, 60, 64, 61, 37, 16, 15, 31, 30, 21, 18, 46, 20, 25, 39, 42, 29, 35, 22, 52 ]
];
s`MonodromyGroup := PermutationGroup<64 |  
\[ 12, 29, 8, 38, 2, 5, 27, 49, 6, 14, 31, 9, 3, 64, 35, 20, 41, 15, 18, 44, 61, 1, 32, 21, 24, 47, 30, 10, 22, 33, 63, 59, 11, 17, 13, 23, 52, 39, 25, 50, 26, 40, 42, 37, 48, 7, 58, 36, 19, 28, 45, 55, 51, 16, 60, 62, 4, 56, 53, 54, 57, 34, 46, 43 ],
\[ 3, 10, 16, 22, 18, 27, 1, 36, 38, 20, 5, 42, 2, 51, 53, 40, 13, 52, 12, 61, 60, 31, 57, 6, 47, 4, 54, 9, 21, 59, 37, 46, 17, 7, 56, 64, 8, 44, 32, 23, 28, 55, 29, 30, 33, 58, 11, 35, 41, 62, 25, 14, 50, 15, 39, 43, 34, 19, 49, 63, 45, 24, 48, 26 ],
\[ 4, 11, 17, 23, 24, 28, 32, 1, 19, 41, 45, 7, 48, 2, 5, 27, 57, 58, 59, 3, 62, 43, 8, 51, 55, 49, 34, 53, 13, 6, 47, 40, 44, 50, 54, 63, 38, 26, 9, 12, 33, 56, 36, 10, 14, 60, 64, 61, 37, 16, 15, 31, 30, 21, 18, 46, 20, 25, 39, 42, 29, 35, 22, 52 ] >;

/*
Edge printing
*/

s`Edges := [];
edge1 := TwoEdgeInitialize();
edge1`Blocks := {@ PowerSet(IntegerRing()) |
{ IntegerRing() | 1, 5 },
{ IntegerRing() | 2, 12 },
{ IntegerRing() | 3, 18 },
{ IntegerRing() | 4, 24 },
{ IntegerRing() | 6, 22 },
{ IntegerRing() | 7, 11 },
{ IntegerRing() | 8, 15 },
{ IntegerRing() | 9, 29 },
{ IntegerRing() | 10, 42 },
{ IntegerRing() | 13, 19 },
{ IntegerRing() | 14, 40 },
{ IntegerRing() | 16, 52 },
{ IntegerRing() | 17, 58 },
{ IntegerRing() | 20, 55 },
{ IntegerRing() | 21, 38 },
{ IntegerRing() | 23, 51 },
{ IntegerRing() | 25, 57 },
{ IntegerRing() | 26, 62 },
{ IntegerRing() | 27, 31 },
{ IntegerRing() | 28, 43 },
{ IntegerRing() | 30, 63 },
{ IntegerRing() | 32, 45 },
{ IntegerRing() | 33, 46 },
{ IntegerRing() | 34, 47 },
{ IntegerRing() | 35, 49 },
{ IntegerRing() | 36, 53 },
{ IntegerRing() | 37, 54 },
{ IntegerRing() | 39, 61 },
{ IntegerRing() | 41, 56 },
{ IntegerRing() | 44, 60 },
{ IntegerRing() | 48, 59 },
{ IntegerRing() | 50, 64 }
@};
edge1`UpstairsTriple := [ PermutationGroup<64 |  
\[ 2, 3, 4, 5, 6, 7, 8, 9, 10, 11, 12, 13, 14, 15, 16, 17, 18, 19, 20, 21, 22, 23, 24, 25, 26, 27, 28, 29, 30, 31, 32, 33, 34, 35, 36, 37, 38, 39, 40, 41, 42, 43, 44, 45, 46, 47, 48, 49, 50, 51, 52, 53, 54, 55, 56, 57, 58, 59, 60, 61, 62, 63, 64, 1 ],
\[ 2, 1, 3, 4, 5, 6, 7, 8, 9, 10, 11, 12, 13, 14, 15, 16, 17, 18, 19, 20, 21, 22, 23, 24, 25, 26, 27, 28, 29, 30, 31, 32, 33, 34, 35, 36, 37, 38, 39, 40, 41, 42, 43, 44, 45, 46, 47, 48, 49, 50, 51, 52, 53, 54, 55, 56, 57, 58, 59, 60, 61, 62, 63, 64 ]:
 Order := 126886932185884164103433389335161480802865516174545192198801894375214704230400000000000000 > |
[ 12, 29, 8, 38, 2, 5, 27, 49, 6, 14, 31, 9, 3, 64, 35, 20, 41, 15, 18, 44, 61, 1, 32, 21, 24, 47, 30, 10, 22, 33, 63, 59, 11, 17, 13, 23, 52, 39, 25, 50, 26, 40, 42, 37, 48, 7, 58, 36, 19, 28, 45, 55, 51, 16, 60, 62, 4, 56, 53, 54, 57, 34, 46, 43 ],
[ 3, 10, 16, 22, 18, 27, 1, 36, 38, 20, 5, 42, 2, 51, 53, 40, 13, 52, 12, 61, 60, 31, 57, 6, 47, 4, 54, 9, 21, 59, 37, 46, 17, 7, 56, 64, 8, 44, 32, 23, 28, 55, 29, 30, 33, 58, 11, 35, 41, 62, 25, 14, 50, 15, 39, 43, 34, 19, 49, 63, 45, 24, 48, 26 ],
[ 4, 11, 17, 23, 24, 28, 32, 1, 19, 41, 45, 7, 48, 2, 5, 27, 57, 58, 59, 3, 62, 43, 8, 51, 55, 49, 34, 53, 13, 6, 47, 40, 44, 50, 54, 63, 38, 26, 9, 12, 33, 56, 36, 10, 14, 60, 64, 61, 37, 16, 15, 31, 30, 21, 18, 46, 20, 25, 39, 42, 29, 35, 22, 52 ]
];
edge1`UpstairsFilename := "64S11-8,8,4-g17-950878054.m";
edge1`DownstairsTriple := [ PermutationGroup<32 |  
\[ 2, 3, 4, 5, 6, 7, 8, 9, 10, 11, 12, 13, 14, 15, 16, 17, 18, 19, 20, 21, 22, 23, 24, 25, 26, 27, 28, 29, 30, 31, 32, 1 ],
\[ 2, 1, 3, 4, 5, 6, 7, 8, 9, 10, 11, 12, 13, 14, 15, 16, 17, 18, 19, 20, 21, 22, 23, 24, 25, 26, 27, 28, 29, 30, 31, 32 ]:
 Order := 263130836933693530167218012160000000 > |
[ 12, 29, 8, 26, 2, 5, 32, 18, 19, 7, 21, 9, 16, 17, 31, 4, 30, 28, 1, 25, 23, 10, 24, 11, 15, 13, 14, 3, 6, 27, 20, 22 ],
[ 3, 10, 14, 19, 16, 21, 1, 6, 26, 15, 5, 24, 2, 11, 28, 25, 13, 31, 32, 4, 20, 29, 9, 17, 7, 30, 8, 12, 18, 22, 23, 27 ],
[ 4, 11, 15, 5, 8, 22, 2, 1, 28, 30, 12, 7, 9, 32, 16, 17, 3, 27, 23, 18, 14, 19, 6, 31, 21, 20, 26, 29, 13, 24, 10, 25 ]
];
edge1`DownstairsFilename := "32S11-4,8,4-g7-1817945556.m";
Append(~s`Edges, edge1);
edge2 := TwoEdgeInitialize();
edge2`Blocks := {@ PowerSet(IntegerRing()) |
{ IntegerRing() | 1, 5 },
{ IntegerRing() | 2, 12 },
{ IntegerRing() | 3, 18 },
{ IntegerRing() | 4, 24 },
{ IntegerRing() | 6, 22 },
{ IntegerRing() | 7, 11 },
{ IntegerRing() | 8, 15 },
{ IntegerRing() | 9, 40 },
{ IntegerRing() | 10, 43 },
{ IntegerRing() | 13, 39 },
{ IntegerRing() | 14, 41 },
{ IntegerRing() | 16, 52 },
{ IntegerRing() | 17, 59 },
{ IntegerRing() | 19, 57 },
{ IntegerRing() | 20, 55 },
{ IntegerRing() | 21, 38 },
{ IntegerRing() | 23, 51 },
{ IntegerRing() | 25, 58 },
{ IntegerRing() | 26, 62 },
{ IntegerRing() | 27, 63 },
{ IntegerRing() | 28, 44 },
{ IntegerRing() | 29, 60 },
{ IntegerRing() | 30, 64 },
{ IntegerRing() | 31, 46 },
{ IntegerRing() | 32, 47 },
{ IntegerRing() | 33, 48 },
{ IntegerRing() | 34, 49 },
{ IntegerRing() | 35, 50 },
{ IntegerRing() | 36, 53 },
{ IntegerRing() | 37, 54 },
{ IntegerRing() | 42, 61 },
{ IntegerRing() | 45, 56 }
@};
edge2`UpstairsTriple := [ PermutationGroup<64 |  
\[ 2, 3, 4, 5, 6, 7, 8, 9, 10, 11, 12, 13, 14, 15, 16, 17, 18, 19, 20, 21, 22, 23, 24, 25, 26, 27, 28, 29, 30, 31, 32, 33, 34, 35, 36, 37, 38, 39, 40, 41, 42, 43, 44, 45, 46, 47, 48, 49, 50, 51, 52, 53, 54, 55, 56, 57, 58, 59, 60, 61, 62, 63, 64, 1 ],
\[ 2, 1, 3, 4, 5, 6, 7, 8, 9, 10, 11, 12, 13, 14, 15, 16, 17, 18, 19, 20, 21, 22, 23, 24, 25, 26, 27, 28, 29, 30, 31, 32, 33, 34, 35, 36, 37, 38, 39, 40, 41, 42, 43, 44, 45, 46, 47, 48, 49, 50, 51, 52, 53, 54, 55, 56, 57, 58, 59, 60, 61, 62, 63, 64 ]:
 Order := 126886932185884164103433389335161480802865516174545192198801894375214704230400000000000000 > |
[ 12, 40, 8, 38, 2, 5, 46, 50, 53, 14, 31, 9, 58, 63, 35, 20, 45, 15, 18, 42, 57, 1, 32, 21, 24, 52, 30, 10, 22, 33, 44, 60, 11, 17, 13, 23, 49, 19, 25, 36, 27, 37, 41, 43, 26, 28, 29, 7, 59, 39, 47, 55, 51, 34, 61, 62, 3, 4, 56, 6, 54, 16, 64, 48 ],
[ 3, 10, 16, 22, 18, 27, 1, 36, 38, 17, 5, 43, 2, 51, 53, 41, 57, 52, 32, 13, 61, 63, 58, 6, 49, 4, 54, 60, 35, 9, 26, 48, 20, 7, 56, 31, 8, 42, 12, 21, 23, 28, 59, 29, 30, 62, 33, 55, 11, 45, 25, 14, 46, 15, 39, 64, 47, 34, 19, 50, 44, 24, 37, 40 ],
[ 4, 11, 17, 23, 24, 28, 32, 1, 39, 42, 47, 7, 29, 2, 5, 46, 58, 59, 9, 3, 62, 44, 8, 51, 55, 50, 16, 53, 57, 6, 49, 41, 45, 27, 54, 64, 38, 26, 60, 13, 12, 33, 61, 36, 10, 34, 14, 56, 63, 37, 15, 31, 30, 21, 18, 43, 40, 20, 25, 19, 48, 35, 52, 22 ]
];
edge2`UpstairsFilename := "64S11-8,8,4-g17-128363631.m";
edge2`DownstairsTriple := [ PermutationGroup<32 |  
\[ 2, 3, 4, 5, 6, 7, 8, 9, 10, 11, 12, 13, 14, 15, 16, 17, 18, 19, 20, 21, 22, 23, 24, 25, 26, 27, 28, 29, 30, 31, 32, 1 ],
\[ 2, 1, 3, 4, 5, 6, 7, 8, 9, 10, 11, 12, 13, 14, 15, 16, 17, 18, 19, 20, 21, 22, 23, 24, 25, 26, 27, 28, 29, 30, 31, 32 ]:
 Order := 263130836933693530167218012160000000 > |
[ 12, 24, 8, 29, 2, 5, 22, 19, 6, 7, 26, 9, 3, 18, 31, 4, 16, 32, 17, 1, 14, 25, 10, 20, 27, 23, 11, 15, 13, 28, 21, 30 ],
[ 3, 10, 14, 20, 16, 22, 1, 6, 29, 18, 5, 27, 2, 11, 13, 28, 12, 17, 31, 26, 4, 21, 9, 19, 24, 30, 15, 7, 32, 8, 23, 25 ],
[ 4, 11, 15, 5, 8, 23, 2, 1, 17, 31, 12, 7, 9, 22, 16, 18, 24, 3, 30, 25, 19, 28, 20, 13, 6, 14, 32, 26, 21, 29, 27, 10 ]
];
edge2`DownstairsFilename := "32S8-8,8,4-g9-3534559420.m";
Append(~s`Edges, edge2);
edge3 := TwoEdgeInitialize();
edge3`Blocks := {@ PowerSet(IntegerRing()) |
{ IntegerRing() | 1, 5 },
{ IntegerRing() | 2, 11 },
{ IntegerRing() | 3, 16 },
{ IntegerRing() | 4, 8 },
{ IntegerRing() | 6, 21 },
{ IntegerRing() | 7, 13 },
{ IntegerRing() | 9, 32 },
{ IntegerRing() | 10, 27 },
{ IntegerRing() | 12, 34 },
{ IntegerRing() | 14, 28 },
{ IntegerRing() | 15, 18 },
{ IntegerRing() | 17, 44 },
{ IntegerRing() | 19, 29 },
{ IntegerRing() | 20, 30 },
{ IntegerRing() | 22, 51 },
{ IntegerRing() | 23, 25 },
{ IntegerRing() | 24, 46 },
{ IntegerRing() | 26, 40 },
{ IntegerRing() | 31, 58 },
{ IntegerRing() | 33, 55 },
{ IntegerRing() | 35, 39 },
{ IntegerRing() | 36, 37 },
{ IntegerRing() | 38, 60 },
{ IntegerRing() | 41, 56 },
{ IntegerRing() | 42, 48 },
{ IntegerRing() | 43, 49 },
{ IntegerRing() | 45, 62 },
{ IntegerRing() | 47, 54 },
{ IntegerRing() | 50, 53 },
{ IntegerRing() | 52, 63 },
{ IntegerRing() | 57, 64 },
{ IntegerRing() | 59, 61 }
@};
edge3`UpstairsTriple := [ PermutationGroup<64 |  
\[ 2, 3, 4, 5, 6, 7, 8, 9, 10, 11, 12, 13, 14, 15, 16, 17, 18, 19, 20, 21, 22, 23, 24, 25, 26, 27, 28, 29, 30, 31, 32, 33, 34, 35, 36, 37, 38, 39, 40, 41, 42, 43, 44, 45, 46, 47, 48, 49, 50, 51, 52, 53, 54, 55, 56, 57, 58, 59, 60, 61, 62, 63, 64, 1 ],
\[ 2, 1, 3, 4, 5, 6, 7, 8, 9, 10, 11, 12, 13, 14, 15, 16, 17, 18, 19, 20, 21, 22, 23, 24, 25, 26, 27, 28, 29, 30, 31, 32, 33, 34, 35, 36, 37, 38, 39, 40, 41, 42, 43, 44, 45, 46, 47, 48, 49, 50, 51, 52, 53, 54, 55, 56, 57, 58, 59, 60, 61, 62, 63, 64 ]:
 Order := 126886932185884164103433389335161480802865516174545192198801894375214704230400000000000000 > |
[ 2, 9, 8, 19, 11, 1, 26, 29, 31, 13, 32, 38, 40, 18, 42, 4, 3, 48, 34, 50, 5, 25, 10, 6, 27, 55, 7, 15, 12, 53, 57, 58, 49, 60, 37, 56, 41, 61, 36, 33, 14, 20, 52, 16, 24, 21, 17, 30, 63, 39, 23, 22, 35, 44, 43, 28, 45, 64, 54, 59, 47, 46, 51, 62 ],
[ 3, 10, 14, 6, 16, 22, 1, 21, 19, 35, 27, 2, 5, 13, 17, 28, 45, 44, 48, 4, 51, 30, 24, 54, 46, 41, 39, 7, 42, 8, 26, 29, 9, 11, 34, 23, 25, 53, 12, 56, 61, 33, 15, 62, 49, 47, 36, 55, 18, 52, 20, 57, 63, 37, 32, 59, 38, 40, 31, 50, 58, 43, 64, 60 ],
[ 4, 7, 15, 5, 8, 23, 11, 1, 12, 36, 13, 32, 2, 26, 16, 18, 46, 3, 20, 29, 25, 50, 21, 17, 6, 28, 37, 40, 30, 19, 33, 34, 58, 9, 38, 27, 10, 39, 60, 14, 54, 43, 48, 24, 52, 44, 41, 49, 42, 51, 53, 62, 22, 56, 31, 47, 59, 55, 64, 35, 57, 63, 45, 61 ]
];
edge3`UpstairsFilename := "64S11-8,8,4-g17-3779716160.m";
edge3`DownstairsTriple := [ PermutationGroup<32 |  
\[ 2, 3, 4, 5, 6, 7, 8, 9, 10, 11, 12, 13, 14, 15, 16, 17, 18, 19, 20, 21, 22, 23, 24, 25, 26, 27, 28, 29, 30, 31, 32, 1 ],
\[ 2, 1, 3, 4, 5, 6, 7, 8, 9, 10, 11, 12, 13, 14, 15, 16, 17, 18, 19, 20, 21, 22, 23, 24, 25, 26, 27, 28, 29, 30, 31, 32 ]:
 Order := 263130836933693530167218012160000000 > |
[ 2, 8, 4, 16, 10, 1, 24, 19, 7, 23, 14, 13, 31, 17, 3, 11, 32, 29, 5, 21, 22, 9, 6, 25, 28, 27, 30, 20, 26, 12, 18, 15 ],
[ 3, 9, 12, 6, 14, 21, 1, 16, 26, 28, 2, 7, 15, 29, 10, 31, 19, 4, 24, 5, 18, 23, 32, 30, 8, 11, 22, 13, 20, 17, 25, 27 ],
[ 4, 7, 13, 1, 17, 22, 2, 11, 27, 20, 8, 24, 3, 26, 23, 18, 5, 16, 25, 10, 29, 6, 15, 12, 19, 14, 9, 31, 21, 32, 28, 30 ]
];
edge3`DownstairsFilename := "32S11-8,4,2-g3-3185716309.m";
Append(~s`Edges, edge3);

/*
Return for eval
*/

return s;
