s := TwoDBInitialize();

/*
Magma printing
*/

s`Name := "64S15-8,8,8-g21-2889731697";
s`Filename := "64S15-8,8,8-g21-2889731697.m";
s`Degree := 64;
s`Orders := \[ 8, 8, 8 ];
s`Geometry := "Hyperbolic";
s`Genus := 21;
s`Level := 6;
s`PermutationTriple := [ PermutationGroup<64 |  
\[ 2, 3, 4, 5, 6, 7, 8, 9, 10, 11, 12, 13, 14, 15, 16, 17, 18, 19, 20, 21, 22, 23, 24, 25, 26, 27, 28, 29, 30, 31, 32, 33, 34, 35, 36, 37, 38, 39, 40, 41, 42, 43, 44, 45, 46, 47, 48, 49, 50, 51, 52, 53, 54, 55, 56, 57, 58, 59, 60, 61, 62, 63, 64, 1 ],
\[ 2, 1, 3, 4, 5, 6, 7, 8, 9, 10, 11, 12, 13, 14, 15, 16, 17, 18, 19, 20, 21, 22, 23, 24, 25, 26, 27, 28, 29, 30, 31, 32, 33, 34, 35, 36, 37, 38, 39, 40, 41, 42, 43, 44, 45, 46, 47, 48, 49, 50, 51, 52, 53, 54, 55, 56, 57, 58, 59, 60, 61, 62, 63, 64 ]:
 Order := 126886932185884164103433389335161480802865516174545192198801894375214704230400000000000000 > |
[ 12, 25, 8, 24, 2, 5, 22, 26, 6, 3, 4, 9, 7, 30, 18, 14, 16, 40, 28, 1, 27, 19, 29, 13, 20, 17, 44, 11, 35, 10, 32, 33, 34, 37, 36, 43, 15, 39, 51, 31, 42, 52, 21, 23, 47, 48, 54, 55, 50, 45, 41, 56, 38, 46, 49, 53, 58, 61, 60, 62, 59, 63, 64, 57 ],
[ 3, 10, 15, 20, 16, 8, 1, 31, 30, 33, 5, 17, 2, 37, 38, 32, 18, 41, 25, 14, 11, 6, 4, 9, 26, 34, 13, 12, 7, 40, 39, 42, 53, 51, 28, 24, 52, 57, 59, 56, 58, 60, 22, 19, 43, 21, 44, 23, 27, 29, 63, 64, 62, 35, 36, 61, 50, 54, 45, 46, 55, 49, 47, 48 ],
[ 4, 11, 2, 21, 22, 24, 27, 1, 28, 9, 35, 7, 36, 5, 14, 12, 25, 3, 43, 19, 45, 29, 47, 23, 13, 6, 46, 44, 48, 20, 30, 8, 16, 10, 50, 54, 26, 33, 15, 17, 34, 18, 55, 49, 57, 58, 59, 60, 61, 62, 31, 32, 40, 63, 64, 37, 52, 38, 56, 39, 41, 42, 53, 51 ]
];
s`MonodromyGroup := PermutationGroup<64 |  
\[ 12, 25, 8, 24, 2, 5, 22, 26, 6, 3, 4, 9, 7, 30, 18, 14, 16, 40, 28, 1, 27, 19, 29, 13, 20, 17, 44, 11, 35, 10, 32, 33, 34, 37, 36, 43, 15, 39, 51, 31, 42, 52, 21, 23, 47, 48, 54, 55, 50, 45, 41, 56, 38, 46, 49, 53, 58, 61, 60, 62, 59, 63, 64, 57 ],
\[ 3, 10, 15, 20, 16, 8, 1, 31, 30, 33, 5, 17, 2, 37, 38, 32, 18, 41, 25, 14, 11, 6, 4, 9, 26, 34, 13, 12, 7, 40, 39, 42, 53, 51, 28, 24, 52, 57, 59, 56, 58, 60, 22, 19, 43, 21, 44, 23, 27, 29, 63, 64, 62, 35, 36, 61, 50, 54, 45, 46, 55, 49, 47, 48 ],
\[ 4, 11, 2, 21, 22, 24, 27, 1, 28, 9, 35, 7, 36, 5, 14, 12, 25, 3, 43, 19, 45, 29, 47, 23, 13, 6, 46, 44, 48, 20, 30, 8, 16, 10, 50, 54, 26, 33, 15, 17, 34, 18, 55, 49, 57, 58, 59, 60, 61, 62, 31, 32, 40, 63, 64, 37, 52, 38, 56, 39, 41, 42, 53, 51 ] >;

/*
Edge printing
*/

s`Edges := [];
edge1 := TwoEdgeInitialize();
edge1`Blocks := {@ PowerSet(IntegerRing()) |
{ IntegerRing() | 1, 5 },
{ IntegerRing() | 2, 12 },
{ IntegerRing() | 3, 16 },
{ IntegerRing() | 4, 22 },
{ IntegerRing() | 6, 20 },
{ IntegerRing() | 7, 11 },
{ IntegerRing() | 8, 14 },
{ IntegerRing() | 9, 25 },
{ IntegerRing() | 10, 17 },
{ IntegerRing() | 13, 28 },
{ IntegerRing() | 15, 32 },
{ IntegerRing() | 18, 33 },
{ IntegerRing() | 19, 24 },
{ IntegerRing() | 21, 29 },
{ IntegerRing() | 23, 43 },
{ IntegerRing() | 26, 30 },
{ IntegerRing() | 27, 35 },
{ IntegerRing() | 31, 37 },
{ IntegerRing() | 34, 40 },
{ IntegerRing() | 36, 44 },
{ IntegerRing() | 38, 42 },
{ IntegerRing() | 39, 52 },
{ IntegerRing() | 41, 53 },
{ IntegerRing() | 45, 48 },
{ IntegerRing() | 46, 50 },
{ IntegerRing() | 47, 55 },
{ IntegerRing() | 49, 54 },
{ IntegerRing() | 51, 56 },
{ IntegerRing() | 57, 60 },
{ IntegerRing() | 58, 62 },
{ IntegerRing() | 59, 64 },
{ IntegerRing() | 61, 63 }
@};
edge1`UpstairsTriple := [ PermutationGroup<64 |  
\[ 2, 3, 4, 5, 6, 7, 8, 9, 10, 11, 12, 13, 14, 15, 16, 17, 18, 19, 20, 21, 22, 23, 24, 25, 26, 27, 28, 29, 30, 31, 32, 33, 34, 35, 36, 37, 38, 39, 40, 41, 42, 43, 44, 45, 46, 47, 48, 49, 50, 51, 52, 53, 54, 55, 56, 57, 58, 59, 60, 61, 62, 63, 64, 1 ],
\[ 2, 1, 3, 4, 5, 6, 7, 8, 9, 10, 11, 12, 13, 14, 15, 16, 17, 18, 19, 20, 21, 22, 23, 24, 25, 26, 27, 28, 29, 30, 31, 32, 33, 34, 35, 36, 37, 38, 39, 40, 41, 42, 43, 44, 45, 46, 47, 48, 49, 50, 51, 52, 53, 54, 55, 56, 57, 58, 59, 60, 61, 62, 63, 64 ]:
 Order := 126886932185884164103433389335161480802865516174545192198801894375214704230400000000000000 > |
[ 12, 25, 8, 24, 2, 5, 22, 26, 6, 3, 4, 9, 7, 30, 18, 14, 16, 40, 28, 1, 27, 19, 29, 13, 20, 17, 44, 11, 35, 10, 32, 33, 34, 37, 36, 43, 15, 39, 51, 31, 42, 52, 21, 23, 47, 48, 54, 55, 50, 45, 41, 56, 38, 46, 49, 53, 58, 61, 60, 62, 59, 63, 64, 57 ],
[ 3, 10, 15, 20, 16, 8, 1, 31, 30, 33, 5, 17, 2, 37, 38, 32, 18, 41, 25, 14, 11, 6, 4, 9, 26, 34, 13, 12, 7, 40, 39, 42, 53, 51, 28, 24, 52, 57, 59, 56, 58, 60, 22, 19, 43, 21, 44, 23, 27, 29, 63, 64, 62, 35, 36, 61, 50, 54, 45, 46, 55, 49, 47, 48 ],
[ 4, 11, 2, 21, 22, 24, 27, 1, 28, 9, 35, 7, 36, 5, 14, 12, 25, 3, 43, 19, 45, 29, 47, 23, 13, 6, 46, 44, 48, 20, 30, 8, 16, 10, 50, 54, 26, 33, 15, 17, 34, 18, 55, 49, 57, 58, 59, 60, 61, 62, 31, 32, 40, 63, 64, 37, 52, 38, 56, 39, 41, 42, 53, 51 ]
];
edge1`UpstairsFilename := "64S15-8,8,8-g21-2889731697.m";
edge1`DownstairsTriple := [ PermutationGroup<32 |  
\[ 2, 3, 4, 5, 6, 7, 8, 9, 10, 11, 12, 13, 14, 15, 16, 17, 18, 19, 20, 21, 22, 23, 24, 25, 26, 27, 28, 29, 30, 31, 32, 1 ],
\[ 2, 1, 3, 4, 5, 6, 7, 8, 9, 10, 11, 12, 13, 14, 15, 16, 17, 18, 19, 20, 21, 22, 23, 24, 25, 26, 27, 28, 29, 30, 31, 32 ]:
 Order := 263130836933693530167218012160000000 > |
[ 6, 1, 8, 9, 2, 5, 4, 10, 15, 11, 3, 13, 20, 17, 7, 14, 19, 12, 16, 18, 22, 28, 21, 26, 24, 27, 25, 23, 30, 32, 29, 31 ],
[ 3, 8, 12, 2, 10, 11, 1, 18, 5, 20, 13, 21, 23, 7, 6, 4, 15, 22, 9, 28, 29, 31, 30, 16, 14, 19, 17, 32, 25, 27, 24, 26 ],
[ 4, 9, 6, 14, 15, 7, 17, 1, 16, 2, 5, 8, 3, 24, 19, 26, 25, 10, 27, 11, 13, 12, 20, 29, 30, 31, 32, 18, 22, 21, 28, 23 ]
];
edge1`DownstairsFilename := "32S12-4,8,8-g9-1086144173.m";
Append(~s`Edges, edge1);
edge2 := TwoEdgeInitialize();
edge2`Blocks := {@ PowerSet(IntegerRing()) |
{ IntegerRing() | 1, 5 },
{ IntegerRing() | 2, 11 },
{ IntegerRing() | 3, 16 },
{ IntegerRing() | 4, 21 },
{ IntegerRing() | 6, 24 },
{ IntegerRing() | 7, 25 },
{ IntegerRing() | 8, 26 },
{ IntegerRing() | 9, 39 },
{ IntegerRing() | 10, 40 },
{ IntegerRing() | 12, 42 },
{ IntegerRing() | 13, 43 },
{ IntegerRing() | 14, 20 },
{ IntegerRing() | 15, 50 },
{ IntegerRing() | 17, 51 },
{ IntegerRing() | 18, 32 },
{ IntegerRing() | 19, 54 },
{ IntegerRing() | 22, 48 },
{ IntegerRing() | 23, 36 },
{ IntegerRing() | 27, 56 },
{ IntegerRing() | 28, 59 },
{ IntegerRing() | 29, 60 },
{ IntegerRing() | 30, 58 },
{ IntegerRing() | 31, 61 },
{ IntegerRing() | 33, 53 },
{ IntegerRing() | 34, 38 },
{ IntegerRing() | 35, 62 },
{ IntegerRing() | 37, 63 },
{ IntegerRing() | 41, 44 },
{ IntegerRing() | 45, 47 },
{ IntegerRing() | 46, 64 },
{ IntegerRing() | 49, 57 },
{ IntegerRing() | 52, 55 }
@};
edge2`UpstairsTriple := [ PermutationGroup<64 |  
\[ 2, 3, 4, 5, 6, 7, 8, 9, 10, 11, 12, 13, 14, 15, 16, 17, 18, 19, 20, 21, 22, 23, 24, 25, 26, 27, 28, 29, 30, 31, 32, 33, 34, 35, 36, 37, 38, 39, 40, 41, 42, 43, 44, 45, 46, 47, 48, 49, 50, 51, 52, 53, 54, 55, 56, 57, 58, 59, 60, 61, 62, 63, 64, 1 ],
\[ 2, 1, 3, 4, 5, 6, 7, 8, 9, 10, 11, 12, 13, 14, 15, 16, 17, 18, 19, 20, 21, 22, 23, 24, 25, 26, 27, 28, 29, 30, 31, 32, 33, 34, 35, 36, 37, 38, 39, 40, 41, 42, 43, 44, 45, 46, 47, 48, 49, 50, 51, 52, 53, 54, 55, 56, 57, 58, 59, 60, 61, 62, 63, 64 ]:
 Order := 126886932185884164103433389335161480802865516174545192198801894375214704230400000000000000 > |
[ 2, 9, 8, 19, 11, 1, 31, 35, 37, 13, 39, 22, 27, 18, 29, 26, 3, 41, 33, 32, 54, 4, 34, 5, 61, 62, 30, 12, 6, 17, 28, 44, 7, 45, 10, 38, 46, 47, 63, 43, 36, 48, 56, 23, 55, 15, 52, 21, 14, 60, 16, 49, 25, 53, 57, 58, 20, 51, 42, 24, 59, 40, 64, 50 ],
[ 3, 10, 14, 6, 16, 27, 1, 36, 30, 18, 40, 2, 38, 48, 17, 20, 47, 53, 9, 22, 24, 46, 4, 56, 5, 23, 49, 29, 35, 41, 37, 33, 15, 7, 52, 21, 8, 25, 58, 32, 59, 11, 34, 28, 12, 13, 42, 64, 61, 51, 45, 54, 50, 39, 19, 57, 31, 44, 60, 62, 63, 55, 26, 43 ],
[ 4, 7, 15, 20, 21, 28, 32, 1, 12, 29, 25, 44, 2, 27, 22, 50, 9, 3, 23, 56, 14, 45, 58, 59, 18, 5, 46, 57, 33, 6, 34, 16, 55, 26, 37, 30, 19, 8, 42, 60, 10, 41, 11, 40, 43, 31, 13, 47, 35, 48, 39, 17, 52, 36, 51, 64, 62, 24, 49, 53, 38, 63, 54, 61 ]
];
edge2`UpstairsFilename := "64S15-8,8,8-g21-1711081017.m";
edge2`DownstairsTriple := [ PermutationGroup<32 |  
\[ 2, 3, 4, 5, 6, 7, 8, 9, 10, 11, 12, 13, 14, 15, 16, 17, 18, 19, 20, 21, 22, 23, 24, 25, 26, 27, 28, 29, 30, 31, 32, 1 ],
\[ 2, 1, 3, 4, 5, 6, 7, 8, 9, 10, 11, 12, 13, 14, 15, 16, 17, 18, 19, 20, 21, 22, 23, 24, 25, 26, 27, 28, 29, 30, 31, 32 ]:
 Order := 263130836933693530167218012160000000 > |
[ 12, 24, 8, 23, 2, 5, 21, 25, 6, 3, 4, 9, 7, 28, 18, 14, 16, 32, 26, 1, 19, 27, 13, 20, 17, 11, 29, 10, 30, 31, 15, 22 ],
[ 3, 10, 15, 20, 16, 8, 1, 22, 28, 29, 5, 17, 2, 31, 11, 27, 18, 13, 24, 14, 6, 4, 9, 25, 30, 12, 7, 32, 26, 23, 21, 19 ],
[ 4, 11, 2, 15, 21, 23, 18, 1, 26, 9, 29, 7, 30, 5, 14, 12, 24, 3, 31, 19, 27, 28, 22, 13, 6, 32, 8, 20, 16, 10, 25, 17 ]
];
edge2`DownstairsFilename := "32S15-8,8,8-g11-501457476.m";
Append(~s`Edges, edge2);
edge3 := TwoEdgeInitialize();
edge3`Blocks := {@ PowerSet(IntegerRing()) |
{ IntegerRing() | 1, 5 },
{ IntegerRing() | 2, 11 },
{ IntegerRing() | 3, 16 },
{ IntegerRing() | 4, 21 },
{ IntegerRing() | 6, 24 },
{ IntegerRing() | 7, 25 },
{ IntegerRing() | 8, 26 },
{ IntegerRing() | 9, 39 },
{ IntegerRing() | 10, 40 },
{ IntegerRing() | 12, 42 },
{ IntegerRing() | 13, 43 },
{ IntegerRing() | 14, 34 },
{ IntegerRing() | 15, 50 },
{ IntegerRing() | 17, 51 },
{ IntegerRing() | 18, 45 },
{ IntegerRing() | 19, 54 },
{ IntegerRing() | 20, 38 },
{ IntegerRing() | 22, 53 },
{ IntegerRing() | 23, 48 },
{ IntegerRing() | 27, 58 },
{ IntegerRing() | 28, 59 },
{ IntegerRing() | 29, 60 },
{ IntegerRing() | 30, 61 },
{ IntegerRing() | 31, 49 },
{ IntegerRing() | 32, 47 },
{ IntegerRing() | 33, 62 },
{ IntegerRing() | 35, 57 },
{ IntegerRing() | 36, 56 },
{ IntegerRing() | 37, 63 },
{ IntegerRing() | 41, 55 },
{ IntegerRing() | 44, 52 },
{ IntegerRing() | 46, 64 }
@};
edge3`UpstairsTriple := [ PermutationGroup<64 |  
\[ 2, 3, 4, 5, 6, 7, 8, 9, 10, 11, 12, 13, 14, 15, 16, 17, 18, 19, 20, 21, 22, 23, 24, 25, 26, 27, 28, 29, 30, 31, 32, 33, 34, 35, 36, 37, 38, 39, 40, 41, 42, 43, 44, 45, 46, 47, 48, 49, 50, 51, 52, 53, 54, 55, 56, 57, 58, 59, 60, 61, 62, 63, 64, 1 ],
\[ 2, 1, 3, 4, 5, 6, 7, 8, 9, 10, 11, 12, 13, 14, 15, 16, 17, 18, 19, 20, 21, 22, 23, 24, 25, 26, 27, 28, 29, 30, 31, 32, 33, 34, 35, 36, 37, 38, 39, 40, 41, 42, 43, 44, 45, 46, 47, 48, 49, 50, 51, 52, 53, 54, 55, 56, 57, 58, 59, 60, 61, 62, 63, 64 ]:
 Order := 126886932185884164103433389335161480802865516174545192198801894375214704230400000000000000 > |
[ 2, 9, 8, 19, 11, 1, 31, 35, 37, 13, 39, 22, 27, 18, 29, 26, 3, 41, 33, 32, 54, 4, 34, 5, 49, 57, 30, 12, 6, 17, 28, 44, 7, 45, 10, 38, 46, 47, 63, 43, 36, 53, 58, 23, 55, 15, 52, 14, 59, 60, 16, 48, 21, 62, 56, 20, 40, 61, 42, 24, 51, 25, 64, 50 ],
[ 3, 10, 14, 6, 16, 27, 1, 36, 30, 18, 40, 2, 38, 25, 17, 34, 47, 42, 9, 22, 24, 46, 4, 58, 5, 56, 48, 29, 35, 41, 37, 33, 15, 7, 52, 49, 8, 53, 61, 45, 54, 11, 20, 28, 12, 13, 62, 21, 63, 51, 32, 59, 64, 39, 19, 31, 44, 23, 60, 57, 55, 50, 26, 43 ],
[ 4, 7, 15, 20, 21, 28, 32, 1, 12, 29, 25, 44, 2, 27, 22, 50, 9, 3, 23, 26, 38, 45, 57, 59, 47, 5, 46, 56, 33, 6, 34, 43, 55, 58, 37, 30, 19, 8, 42, 60, 10, 52, 11, 51, 16, 31, 13, 35, 14, 53, 39, 17, 18, 48, 40, 61, 63, 64, 36, 62, 24, 41, 54, 49 ]
];
edge3`UpstairsFilename := "64S15-8,8,8-g21-737544174.m";
edge3`DownstairsTriple := [ PermutationGroup<32 |  
\[ 2, 3, 4, 5, 6, 7, 8, 9, 10, 11, 12, 13, 14, 15, 16, 17, 18, 19, 20, 21, 22, 23, 24, 25, 26, 27, 28, 29, 30, 31, 32, 1 ],
\[ 2, 1, 3, 4, 5, 6, 7, 8, 9, 10, 11, 12, 13, 14, 15, 16, 17, 18, 19, 20, 21, 22, 23, 24, 25, 26, 27, 28, 29, 30, 31, 32 ]:
 Order := 263130836933693530167218012160000000 > |
[ 11, 30, 8, 24, 2, 5, 14, 22, 29, 13, 9, 21, 4, 27, 23, 7, 26, 1, 25, 17, 20, 12, 18, 16, 31, 3, 10, 19, 32, 28, 6, 15 ],
[ 3, 10, 5, 18, 7, 4, 1, 28, 17, 11, 12, 2, 32, 29, 26, 15, 30, 20, 13, 6, 19, 31, 22, 9, 16, 25, 23, 14, 8, 24, 27, 21 ],
[ 4, 3, 15, 19, 20, 22, 25, 1, 10, 31, 7, 23, 2, 5, 13, 30, 18, 27, 8, 32, 11, 29, 16, 6, 21, 9, 28, 17, 24, 12, 26, 14 ]
];
edge3`DownstairsFilename := "32S13-8,4,4-g7-3726016880.m";
Append(~s`Edges, edge3);

/*
Return for eval
*/

return s;
