s := TwoDBInitialize();

/*
Magma printing
*/

s`Name := "64S17-8,4,8-g17-3997851000";
s`Filename := "64S17-8,4,8-g17-3997851000.m";
s`Degree := 64;
s`Orders := \[ 8, 4, 8 ];
s`Geometry := "Hyperbolic";
s`Genus := 17;
s`Level := 6;
s`PermutationTriple := [ PermutationGroup<64 |  
\[ 2, 3, 4, 5, 6, 7, 8, 9, 10, 11, 12, 13, 14, 15, 16, 17, 18, 19, 20, 21, 22, 23, 24, 25, 26, 27, 28, 29, 30, 31, 32, 33, 34, 35, 36, 37, 38, 39, 40, 41, 42, 43, 44, 45, 46, 47, 48, 49, 50, 51, 52, 53, 54, 55, 56, 57, 58, 59, 60, 61, 62, 63, 64, 1 ],
\[ 2, 1, 3, 4, 5, 6, 7, 8, 9, 10, 11, 12, 13, 14, 15, 16, 17, 18, 19, 20, 21, 22, 23, 24, 25, 26, 27, 28, 29, 30, 31, 32, 33, 34, 35, 36, 37, 38, 39, 40, 41, 42, 43, 44, 45, 46, 47, 48, 49, 50, 51, 52, 53, 54, 55, 56, 57, 58, 59, 60, 61, 62, 63, 64 ]:
 Order := 126886932185884164103433389335161480802865516174545192198801894375214704230400000000000000 > |
[ 2, 9, 8, 19, 11, 1, 31, 34, 38, 13, 20, 44, 46, 18, 40, 26, 3, 42, 12, 32, 54, 4, 14, 5, 61, 22, 30, 33, 6, 10, 39, 45, 7, 21, 37, 47, 24, 63, 59, 36, 28, 49, 53, 51, 35, 25, 56, 52, 64, 15, 16, 50, 17, 43, 27, 48, 58, 23, 60, 41, 55, 29, 62, 57 ],
[ 3, 10, 14, 6, 16, 27, 1, 35, 34, 18, 41, 2, 37, 7, 17, 48, 32, 12, 40, 22, 24, 50, 4, 59, 5, 62, 23, 29, 53, 45, 36, 33, 15, 42, 31, 8, 44, 46, 9, 30, 52, 39, 11, 47, 19, 49, 13, 25, 51, 55, 38, 43, 58, 64, 20, 21, 26, 28, 56, 63, 57, 61, 54, 60 ],
[ 4, 7, 15, 20, 21, 28, 32, 1, 12, 40, 25, 45, 2, 27, 22, 49, 29, 3, 23, 43, 9, 57, 53, 13, 38, 5, 50, 11, 26, 6, 14, 55, 58, 36, 30, 19, 8, 39, 35, 33, 64, 10, 63, 18, 17, 47, 31, 59, 34, 41, 37, 16, 52, 56, 62, 44, 54, 61, 42, 24, 48, 60, 51, 46 ]
];
s`MonodromyGroup := PermutationGroup<64 |  
\[ 2, 9, 8, 19, 11, 1, 31, 34, 38, 13, 20, 44, 46, 18, 40, 26, 3, 42, 12, 32, 54, 4, 14, 5, 61, 22, 30, 33, 6, 10, 39, 45, 7, 21, 37, 47, 24, 63, 59, 36, 28, 49, 53, 51, 35, 25, 56, 52, 64, 15, 16, 50, 17, 43, 27, 48, 58, 23, 60, 41, 55, 29, 62, 57 ],
\[ 3, 10, 14, 6, 16, 27, 1, 35, 34, 18, 41, 2, 37, 7, 17, 48, 32, 12, 40, 22, 24, 50, 4, 59, 5, 62, 23, 29, 53, 45, 36, 33, 15, 42, 31, 8, 44, 46, 9, 30, 52, 39, 11, 47, 19, 49, 13, 25, 51, 55, 38, 43, 58, 64, 20, 21, 26, 28, 56, 63, 57, 61, 54, 60 ],
\[ 4, 7, 15, 20, 21, 28, 32, 1, 12, 40, 25, 45, 2, 27, 22, 49, 29, 3, 23, 43, 9, 57, 53, 13, 38, 5, 50, 11, 26, 6, 14, 55, 58, 36, 30, 19, 8, 39, 35, 33, 64, 10, 63, 18, 17, 47, 31, 59, 34, 41, 37, 16, 52, 56, 62, 44, 54, 61, 42, 24, 48, 60, 51, 46 ] >;

/*
Edge printing
*/

s`Edges := [];
edge1 := TwoEdgeInitialize();
edge1`Blocks := {@ PowerSet(IntegerRing()) |
{ IntegerRing() | 1, 5 },
{ IntegerRing() | 2, 11 },
{ IntegerRing() | 3, 16 },
{ IntegerRing() | 4, 21 },
{ IntegerRing() | 6, 24 },
{ IntegerRing() | 7, 25 },
{ IntegerRing() | 8, 26 },
{ IntegerRing() | 9, 20 },
{ IntegerRing() | 10, 41 },
{ IntegerRing() | 12, 43 },
{ IntegerRing() | 13, 28 },
{ IntegerRing() | 14, 48 },
{ IntegerRing() | 15, 49 },
{ IntegerRing() | 17, 51 },
{ IntegerRing() | 18, 52 },
{ IntegerRing() | 19, 54 },
{ IntegerRing() | 22, 34 },
{ IntegerRing() | 23, 56 },
{ IntegerRing() | 27, 59 },
{ IntegerRing() | 29, 37 },
{ IntegerRing() | 30, 60 },
{ IntegerRing() | 31, 61 },
{ IntegerRing() | 32, 38 },
{ IntegerRing() | 33, 46 },
{ IntegerRing() | 35, 62 },
{ IntegerRing() | 36, 57 },
{ IntegerRing() | 39, 55 },
{ IntegerRing() | 40, 64 },
{ IntegerRing() | 42, 50 },
{ IntegerRing() | 44, 53 },
{ IntegerRing() | 45, 63 },
{ IntegerRing() | 47, 58 }
@};
edge1`UpstairsTriple := [ PermutationGroup<64 |  
\[ 2, 3, 4, 5, 6, 7, 8, 9, 10, 11, 12, 13, 14, 15, 16, 17, 18, 19, 20, 21, 22, 23, 24, 25, 26, 27, 28, 29, 30, 31, 32, 33, 34, 35, 36, 37, 38, 39, 40, 41, 42, 43, 44, 45, 46, 47, 48, 49, 50, 51, 52, 53, 54, 55, 56, 57, 58, 59, 60, 61, 62, 63, 64, 1 ],
\[ 2, 1, 3, 4, 5, 6, 7, 8, 9, 10, 11, 12, 13, 14, 15, 16, 17, 18, 19, 20, 21, 22, 23, 24, 25, 26, 27, 28, 29, 30, 31, 32, 33, 34, 35, 36, 37, 38, 39, 40, 41, 42, 43, 44, 45, 46, 47, 48, 49, 50, 51, 52, 53, 54, 55, 56, 57, 58, 59, 60, 61, 62, 63, 64 ]:
 Order := 126886932185884164103433389335161480802865516174545192198801894375214704230400000000000000 > |
[ 2, 9, 8, 19, 11, 1, 31, 34, 38, 13, 20, 44, 46, 18, 40, 26, 3, 42, 12, 32, 54, 4, 14, 5, 61, 22, 30, 33, 6, 10, 39, 45, 7, 21, 37, 47, 24, 63, 59, 36, 28, 49, 53, 51, 35, 25, 56, 52, 64, 15, 16, 50, 17, 43, 27, 48, 58, 23, 60, 41, 55, 29, 62, 57 ],
[ 3, 10, 14, 6, 16, 27, 1, 35, 34, 18, 41, 2, 37, 7, 17, 48, 32, 12, 40, 22, 24, 50, 4, 59, 5, 62, 23, 29, 53, 45, 36, 33, 15, 42, 31, 8, 44, 46, 9, 30, 52, 39, 11, 47, 19, 49, 13, 25, 51, 55, 38, 43, 58, 64, 20, 21, 26, 28, 56, 63, 57, 61, 54, 60 ],
[ 4, 7, 15, 20, 21, 28, 32, 1, 12, 40, 25, 45, 2, 27, 22, 49, 29, 3, 23, 43, 9, 57, 53, 13, 38, 5, 50, 11, 26, 6, 14, 55, 58, 36, 30, 19, 8, 39, 35, 33, 64, 10, 63, 18, 17, 47, 31, 59, 34, 41, 37, 16, 52, 56, 62, 44, 54, 61, 42, 24, 48, 60, 51, 46 ]
];
edge1`UpstairsFilename := "64S17-8,4,8-g17-3997851000.m";
edge1`DownstairsTriple := [ PermutationGroup<32 |  
\[ 2, 3, 4, 5, 6, 7, 8, 9, 10, 11, 12, 13, 14, 15, 16, 17, 18, 19, 20, 21, 22, 23, 24, 25, 26, 27, 28, 29, 30, 31, 32, 1 ],
\[ 2, 1, 3, 4, 5, 6, 7, 8, 9, 10, 11, 12, 13, 14, 15, 16, 17, 18, 19, 20, 21, 22, 23, 24, 25, 26, 27, 28, 29, 30, 31, 32 ]:
 Order := 263130836933693530167218012160000000 > |
[ 11, 28, 8, 10, 2, 5, 12, 13, 26, 25, 9, 29, 4, 21, 18, 14, 16, 32, 1, 7, 20, 15, 3, 19, 31, 30, 24, 22, 17, 27, 23, 6 ],
[ 3, 8, 15, 19, 16, 23, 1, 27, 13, 5, 14, 2, 32, 18, 7, 30, 22, 25, 17, 6, 24, 4, 26, 31, 11, 20, 12, 21, 9, 10, 28, 29 ],
[ 4, 10, 6, 9, 20, 13, 26, 1, 25, 22, 7, 15, 2, 5, 17, 19, 32, 3, 21, 28, 11, 31, 24, 8, 30, 29, 16, 12, 27, 23, 18, 14 ]
];
edge1`DownstairsFilename := "32S12-8,4,8-g9-2546277561.m";
Append(~s`Edges, edge1);
edge2 := TwoEdgeInitialize();
edge2`Blocks := {@ PowerSet(IntegerRing()) |
{ IntegerRing() | 1, 5 },
{ IntegerRing() | 2, 11 },
{ IntegerRing() | 3, 16 },
{ IntegerRing() | 4, 21 },
{ IntegerRing() | 6, 24 },
{ IntegerRing() | 7, 25 },
{ IntegerRing() | 8, 26 },
{ IntegerRing() | 9, 39 },
{ IntegerRing() | 10, 43 },
{ IntegerRing() | 12, 45 },
{ IntegerRing() | 13, 22 },
{ IntegerRing() | 14, 50 },
{ IntegerRing() | 15, 49 },
{ IntegerRing() | 17, 52 },
{ IntegerRing() | 18, 53 },
{ IntegerRing() | 19, 55 },
{ IntegerRing() | 20, 48 },
{ IntegerRing() | 23, 38 },
{ IntegerRing() | 27, 59 },
{ IntegerRing() | 28, 34 },
{ IntegerRing() | 29, 44 },
{ IntegerRing() | 30, 60 },
{ IntegerRing() | 31, 56 },
{ IntegerRing() | 32, 61 },
{ IntegerRing() | 33, 41 },
{ IntegerRing() | 35, 62 },
{ IntegerRing() | 36, 57 },
{ IntegerRing() | 37, 51 },
{ IntegerRing() | 40, 54 },
{ IntegerRing() | 42, 63 },
{ IntegerRing() | 46, 58 },
{ IntegerRing() | 47, 64 }
@};
edge2`UpstairsTriple := [ PermutationGroup<64 |  
\[ 2, 3, 4, 5, 6, 7, 8, 9, 10, 11, 12, 13, 14, 15, 16, 17, 18, 19, 20, 21, 22, 23, 24, 25, 26, 27, 28, 29, 30, 31, 32, 33, 34, 35, 36, 37, 38, 39, 40, 41, 42, 43, 44, 45, 46, 47, 48, 49, 50, 51, 52, 53, 54, 55, 56, 57, 58, 59, 60, 61, 62, 63, 64, 1 ],
\[ 2, 1, 3, 4, 5, 6, 7, 8, 9, 10, 11, 12, 13, 14, 15, 16, 17, 18, 19, 20, 21, 22, 23, 24, 25, 26, 27, 28, 29, 30, 31, 32, 33, 34, 35, 36, 37, 38, 39, 40, 41, 42, 43, 44, 45, 46, 47, 48, 49, 50, 51, 52, 53, 54, 55, 56, 57, 58, 59, 60, 61, 62, 63, 64 ]:
 Order := 126886932185884164103433389335161480802865516174545192198801894375214704230400000000000000 > |
[ 2, 9, 8, 19, 11, 1, 31, 34, 38, 13, 39, 46, 21, 18, 42, 26, 3, 44, 12, 32, 55, 4, 14, 5, 56, 28, 30, 33, 6, 10, 40, 47, 7, 41, 37, 48, 49, 50, 23, 52, 25, 36, 22, 24, 58, 59, 35, 61, 63, 53, 15, 16, 29, 17, 45, 54, 20, 27, 60, 43, 64, 51, 57, 62 ],
[ 3, 10, 14, 6, 16, 27, 1, 35, 34, 18, 43, 2, 37, 7, 17, 50, 32, 12, 42, 22, 24, 51, 4, 59, 5, 62, 23, 29, 54, 47, 36, 33, 15, 44, 31, 8, 46, 21, 28, 9, 49, 30, 53, 40, 11, 48, 19, 13, 52, 25, 58, 61, 45, 39, 63, 57, 26, 20, 38, 64, 41, 56, 60, 55 ],
[ 4, 7, 15, 20, 21, 28, 32, 1, 12, 42, 25, 47, 2, 27, 22, 49, 29, 3, 23, 56, 48, 11, 54, 34, 61, 5, 51, 57, 43, 6, 14, 58, 39, 36, 30, 19, 8, 40, 45, 35, 9, 33, 63, 10, 64, 18, 17, 31, 13, 59, 26, 44, 16, 62, 38, 50, 55, 53, 37, 24, 46, 60, 41, 52 ]
];
edge2`UpstairsFilename := "64S17-8,4,8-g17-1019777056.m";
edge2`DownstairsTriple := [ PermutationGroup<32 |  
\[ 2, 3, 4, 5, 6, 7, 8, 9, 10, 11, 12, 13, 14, 15, 16, 17, 18, 19, 20, 21, 22, 23, 24, 25, 26, 27, 28, 29, 30, 31, 32, 1 ],
\[ 2, 1, 3, 4, 5, 6, 7, 8, 9, 10, 11, 12, 13, 14, 15, 16, 17, 18, 19, 20, 21, 22, 23, 24, 25, 26, 27, 28, 29, 30, 31, 32 ]:
 Order := 263130836933693530167218012160000000 > |
[ 11, 22, 8, 23, 2, 5, 14, 29, 6, 13, 9, 30, 20, 21, 32, 7, 12, 1, 24, 17, 25, 18, 10, 31, 3, 28, 19, 15, 16, 4, 26, 27 ],
[ 3, 10, 5, 18, 7, 4, 1, 26, 29, 11, 12, 2, 19, 27, 25, 15, 31, 20, 30, 6, 9, 21, 32, 16, 24, 14, 8, 13, 22, 28, 23, 17 ],
[ 4, 3, 15, 19, 20, 21, 24, 1, 10, 31, 7, 32, 2, 5, 30, 9, 18, 29, 14, 28, 26, 12, 6, 13, 22, 17, 23, 8, 27, 11, 25, 16 ]
];
edge2`DownstairsFilename := "32S5-8,4,8-g9-3079523836.m";
Append(~s`Edges, edge2);
edge3 := TwoEdgeInitialize();
edge3`Blocks := {@ PowerSet(IntegerRing()) |
{ IntegerRing() | 1, 5 },
{ IntegerRing() | 2, 11 },
{ IntegerRing() | 3, 7 },
{ IntegerRing() | 4, 20 },
{ IntegerRing() | 6, 18 },
{ IntegerRing() | 8, 14 },
{ IntegerRing() | 9, 33 },
{ IntegerRing() | 10, 12 },
{ IntegerRing() | 13, 35 },
{ IntegerRing() | 15, 25 },
{ IntegerRing() | 16, 26 },
{ IntegerRing() | 17, 24 },
{ IntegerRing() | 19, 45 },
{ IntegerRing() | 21, 41 },
{ IntegerRing() | 22, 43 },
{ IntegerRing() | 23, 42 },
{ IntegerRing() | 27, 32 },
{ IntegerRing() | 28, 29 },
{ IntegerRing() | 30, 39 },
{ IntegerRing() | 31, 51 },
{ IntegerRing() | 34, 55 },
{ IntegerRing() | 36, 37 },
{ IntegerRing() | 38, 52 },
{ IntegerRing() | 40, 57 },
{ IntegerRing() | 44, 49 },
{ IntegerRing() | 46, 62 },
{ IntegerRing() | 47, 50 },
{ IntegerRing() | 48, 61 },
{ IntegerRing() | 53, 59 },
{ IntegerRing() | 54, 63 },
{ IntegerRing() | 56, 60 },
{ IntegerRing() | 58, 64 }
@};
edge3`UpstairsTriple := [ PermutationGroup<64 |  
\[ 2, 3, 4, 5, 6, 7, 8, 9, 10, 11, 12, 13, 14, 15, 16, 17, 18, 19, 20, 21, 22, 23, 24, 25, 26, 27, 28, 29, 30, 31, 32, 33, 34, 35, 36, 37, 38, 39, 40, 41, 42, 43, 44, 45, 46, 47, 48, 49, 50, 51, 52, 53, 54, 55, 56, 57, 58, 59, 60, 61, 62, 63, 64, 1 ],
\[ 2, 1, 3, 4, 5, 6, 7, 8, 9, 10, 11, 12, 13, 14, 15, 16, 17, 18, 19, 20, 21, 22, 23, 24, 25, 26, 27, 28, 29, 30, 31, 32, 33, 34, 35, 36, 37, 38, 39, 40, 41, 42, 43, 44, 45, 46, 47, 48, 49, 50, 51, 52, 53, 54, 55, 56, 57, 58, 59, 60, 61, 62, 63, 64 ]:
 Order := 126886932185884164103433389335161480802865516174545192198801894375214704230400000000000000 > |
[ 11, 33, 8, 24, 2, 5, 14, 32, 51, 13, 9, 35, 52, 27, 37, 7, 12, 1, 25, 17, 20, 26, 18, 10, 36, 3, 55, 30, 39, 57, 59, 34, 31, 60, 38, 28, 29, 63, 40, 64, 4, 6, 16, 22, 15, 45, 23, 41, 43, 42, 53, 54, 47, 48, 56, 49, 58, 62, 50, 44, 21, 19, 61, 46 ],
[ 3, 10, 5, 18, 7, 4, 1, 28, 32, 11, 12, 2, 39, 29, 26, 15, 36, 20, 41, 6, 19, 42, 22, 37, 16, 25, 9, 14, 8, 13, 52, 33, 27, 57, 30, 24, 17, 31, 35, 34, 45, 43, 23, 62, 21, 44, 61, 47, 46, 48, 38, 51, 60, 64, 40, 53, 55, 54, 56, 59, 50, 49, 58, 63 ],
[ 4, 3, 15, 19, 20, 22, 25, 1, 10, 36, 7, 37, 2, 5, 41, 42, 18, 43, 44, 45, 47, 46, 48, 6, 21, 23, 28, 17, 24, 8, 32, 29, 12, 9, 11, 26, 16, 39, 14, 13, 50, 61, 62, 53, 49, 54, 56, 58, 59, 60, 27, 30, 52, 31, 33, 57, 35, 34, 38, 40, 64, 63, 51, 55 ]
];
edge3`UpstairsFilename := "64S17-8,4,8-g17-1020992994.m";
edge3`DownstairsTriple := [ PermutationGroup<32 |  
\[ 2, 3, 4, 5, 6, 7, 8, 9, 10, 11, 12, 13, 14, 15, 16, 17, 18, 19, 20, 21, 22, 23, 24, 25, 26, 27, 28, 29, 30, 31, 32, 1 ],
\[ 2, 1, 3, 4, 5, 6, 7, 8, 9, 10, 11, 12, 13, 14, 15, 16, 17, 18, 19, 20, 21, 22, 23, 24, 25, 26, 27, 28, 29, 30, 31, 32 ]:
 Order := 263130836933693530167218012160000000 > |
[ 2, 8, 7, 15, 10, 1, 23, 19, 11, 22, 17, 27, 20, 3, 9, 12, 30, 4, 5, 21, 14, 6, 26, 25, 29, 13, 24, 18, 32, 28, 16, 31 ],
[ 3, 9, 1, 6, 13, 4, 24, 23, 2, 28, 25, 14, 5, 12, 27, 18, 19, 16, 17, 31, 22, 21, 8, 7, 11, 29, 15, 10, 26, 32, 20, 30 ],
[ 4, 3, 12, 16, 17, 21, 1, 9, 27, 13, 2, 18, 29, 22, 6, 20, 25, 10, 23, 5, 31, 28, 24, 15, 7, 8, 14, 32, 11, 19, 30, 26 ]
];
edge3`DownstairsFilename := "32S5-8,2,8-g5-2840669646.m";
Append(~s`Edges, edge3);
edge4 := TwoEdgeInitialize();
edge4`Blocks := {@ PowerSet(IntegerRing()) |
{ IntegerRing() | 1, 5 },
{ IntegerRing() | 2, 12 },
{ IntegerRing() | 3, 18 },
{ IntegerRing() | 4, 24 },
{ IntegerRing() | 6, 22 },
{ IntegerRing() | 7, 11 },
{ IntegerRing() | 8, 15 },
{ IntegerRing() | 9, 40 },
{ IntegerRing() | 10, 44 },
{ IntegerRing() | 13, 39 },
{ IntegerRing() | 14, 41 },
{ IntegerRing() | 16, 49 },
{ IntegerRing() | 17, 59 },
{ IntegerRing() | 19, 57 },
{ IntegerRing() | 20, 42 },
{ IntegerRing() | 21, 51 },
{ IntegerRing() | 23, 62 },
{ IntegerRing() | 25, 58 },
{ IntegerRing() | 26, 56 },
{ IntegerRing() | 27, 55 },
{ IntegerRing() | 28, 61 },
{ IntegerRing() | 29, 60 },
{ IntegerRing() | 30, 45 },
{ IntegerRing() | 31, 46 },
{ IntegerRing() | 32, 47 },
{ IntegerRing() | 33, 48 },
{ IntegerRing() | 34, 38 },
{ IntegerRing() | 35, 53 },
{ IntegerRing() | 36, 54 },
{ IntegerRing() | 37, 52 },
{ IntegerRing() | 43, 64 },
{ IntegerRing() | 50, 63 }
@};
edge4`UpstairsTriple := [ PermutationGroup<64 |  
\[ 2, 3, 4, 5, 6, 7, 8, 9, 10, 11, 12, 13, 14, 15, 16, 17, 18, 19, 20, 21, 22, 23, 24, 25, 26, 27, 28, 29, 30, 31, 32, 33, 34, 35, 36, 37, 38, 39, 40, 41, 42, 43, 44, 45, 46, 47, 48, 49, 50, 51, 52, 53, 54, 55, 56, 57, 58, 59, 60, 61, 62, 63, 64, 1 ],
\[ 2, 1, 3, 4, 5, 6, 7, 8, 9, 10, 11, 12, 13, 14, 15, 16, 17, 18, 19, 20, 21, 22, 23, 24, 25, 26, 27, 28, 29, 30, 31, 32, 33, 34, 35, 36, 37, 38, 39, 40, 41, 42, 43, 44, 45, 46, 47, 48, 49, 50, 51, 52, 53, 54, 55, 56, 57, 58, 59, 60, 61, 62, 63, 64 ]:
 Order := 126886932185884164103433389335161480802865516174545192198801894375214704230400000000000000 > |
[ 12, 40, 8, 51, 2, 5, 46, 38, 59, 14, 31, 9, 61, 57, 34, 20, 64, 15, 18, 62, 13, 1, 32, 21, 24, 16, 30, 33, 22, 10, 58, 63, 11, 55, 37, 60, 56, 27, 28, 17, 19, 23, 54, 41, 44, 25, 50, 7, 42, 53, 39, 26, 52, 29, 45, 49, 3, 4, 43, 6, 48, 47, 35, 36 ],
[ 3, 10, 16, 22, 18, 27, 1, 35, 38, 42, 5, 44, 2, 52, 53, 7, 57, 49, 47, 39, 43, 55, 58, 6, 9, 4, 56, 60, 14, 50, 54, 48, 59, 23, 46, 8, 28, 62, 12, 34, 37, 13, 30, 20, 63, 36, 33, 17, 11, 21, 64, 61, 31, 15, 26, 24, 32, 40, 19, 41, 29, 25, 51, 45 ],
[ 4, 11, 17, 23, 24, 28, 32, 1, 39, 43, 47, 7, 50, 2, 5, 55, 58, 59, 60, 3, 56, 61, 10, 62, 35, 14, 9, 20, 31, 6, 49, 34, 37, 54, 45, 51, 8, 36, 63, 13, 12, 18, 33, 64, 22, 16, 38, 52, 27, 19, 26, 15, 30, 21, 40, 41, 29, 53, 25, 46, 42, 44, 57, 48 ]
];
edge4`UpstairsFilename := "64S17-8,4,8-g17-2826474318.m";
edge4`DownstairsTriple := [ PermutationGroup<32 |  
\[ 2, 3, 4, 5, 6, 7, 8, 9, 10, 11, 12, 13, 14, 15, 16, 17, 18, 19, 20, 21, 22, 23, 24, 25, 26, 27, 28, 29, 30, 31, 32, 1 ],
\[ 2, 1, 3, 4, 5, 6, 7, 8, 9, 10, 11, 12, 13, 14, 15, 16, 17, 18, 19, 20, 21, 22, 23, 24, 25, 26, 27, 28, 29, 30, 31, 32 ]:
 Order := 263130836933693530167218012160000000 > |
[ 2, 9, 8, 19, 11, 1, 27, 29, 15, 13, 26, 25, 17, 18, 5, 10, 3, 20, 12, 28, 7, 4, 14, 16, 21, 6, 22, 32, 24, 31, 23, 30 ],
[ 3, 10, 14, 6, 16, 24, 1, 30, 29, 18, 8, 2, 31, 7, 17, 32, 28, 12, 5, 22, 15, 9, 4, 23, 26, 13, 11, 21, 20, 27, 25, 19 ],
[ 4, 7, 15, 20, 21, 25, 28, 1, 12, 5, 19, 32, 2, 24, 22, 6, 26, 3, 23, 10, 31, 30, 13, 9, 18, 27, 14, 29, 11, 16, 8, 17 ]
];
edge4`DownstairsFilename := "32S4-8,4,8-g9-3511985617.m";
Append(~s`Edges, edge4);
edge5 := TwoEdgeInitialize();
edge5`Blocks := {@ PowerSet(IntegerRing()) |
{ IntegerRing() | 1, 5 },
{ IntegerRing() | 2, 11 },
{ IntegerRing() | 3, 16 },
{ IntegerRing() | 4, 21 },
{ IntegerRing() | 6, 19 },
{ IntegerRing() | 7, 10 },
{ IntegerRing() | 8, 14 },
{ IntegerRing() | 9, 33 },
{ IntegerRing() | 12, 27 },
{ IntegerRing() | 13, 29 },
{ IntegerRing() | 15, 36 },
{ IntegerRing() | 17, 24 },
{ IntegerRing() | 18, 30 },
{ IntegerRing() | 20, 44 },
{ IntegerRing() | 22, 25 },
{ IntegerRing() | 23, 28 },
{ IntegerRing() | 26, 41 },
{ IntegerRing() | 31, 39 },
{ IntegerRing() | 32, 54 },
{ IntegerRing() | 34, 37 },
{ IntegerRing() | 35, 38 },
{ IntegerRing() | 40, 51 },
{ IntegerRing() | 42, 46 },
{ IntegerRing() | 43, 62 },
{ IntegerRing() | 45, 47 },
{ IntegerRing() | 48, 49 },
{ IntegerRing() | 50, 61 },
{ IntegerRing() | 52, 55 },
{ IntegerRing() | 53, 64 },
{ IntegerRing() | 56, 57 },
{ IntegerRing() | 58, 59 },
{ IntegerRing() | 60, 63 }
@};
edge5`UpstairsTriple := [ PermutationGroup<64 |  
\[ 2, 3, 4, 5, 6, 7, 8, 9, 10, 11, 12, 13, 14, 15, 16, 17, 18, 19, 20, 21, 22, 23, 24, 25, 26, 27, 28, 29, 30, 31, 32, 33, 34, 35, 36, 37, 38, 39, 40, 41, 42, 43, 44, 45, 46, 47, 48, 49, 50, 51, 52, 53, 54, 55, 56, 57, 58, 59, 60, 61, 62, 63, 64, 1 ],
\[ 2, 1, 3, 4, 5, 6, 7, 8, 9, 10, 11, 12, 13, 14, 15, 16, 17, 18, 19, 20, 21, 22, 23, 24, 25, 26, 27, 28, 29, 30, 31, 32, 33, 34, 35, 36, 37, 38, 39, 40, 41, 42, 43, 44, 45, 46, 47, 48, 49, 50, 51, 52, 53, 54, 55, 56, 57, 58, 59, 60, 61, 62, 63, 64 ]:
 Order := 126886932185884164103433389335161480802865516174545192198801894375214704230400000000000000 > |
[ 11, 33, 8, 10, 2, 5, 12, 13, 54, 27, 9, 34, 35, 29, 18, 14, 16, 39, 1, 28, 7, 21, 15, 3, 4, 19, 37, 36, 38, 31, 51, 64, 32, 55, 56, 30, 52, 57, 40, 59, 6, 24, 42, 23, 44, 17, 20, 25, 22, 41, 58, 60, 61, 53, 63, 43, 62, 47, 45, 48, 26, 46, 49, 50 ],
[ 3, 8, 15, 19, 16, 24, 1, 30, 13, 5, 14, 2, 39, 18, 7, 36, 23, 27, 17, 25, 6, 26, 4, 28, 41, 42, 11, 21, 31, 12, 37, 35, 29, 9, 51, 10, 33, 40, 34, 52, 46, 44, 47, 22, 48, 20, 49, 61, 50, 43, 55, 54, 56, 38, 32, 59, 58, 60, 63, 64, 62, 45, 53, 57 ],
[ 4, 10, 6, 20, 21, 25, 28, 1, 27, 23, 7, 15, 2, 5, 17, 19, 41, 3, 22, 43, 44, 47, 42, 26, 45, 48, 36, 46, 11, 16, 8, 37, 12, 30, 9, 24, 18, 33, 14, 13, 49, 50, 53, 62, 56, 61, 57, 58, 59, 60, 29, 31, 52, 34, 39, 32, 54, 35, 38, 40, 63, 64, 51, 55 ]
];
edge5`UpstairsFilename := "64S17-8,4,8-g17-2505526857.m";
edge5`DownstairsTriple := [ PermutationGroup<32 |  
\[ 2, 3, 4, 5, 6, 7, 8, 9, 10, 11, 12, 13, 14, 15, 16, 17, 18, 19, 20, 21, 22, 23, 24, 25, 26, 27, 28, 29, 30, 31, 32, 1 ],
\[ 2, 1, 3, 4, 5, 6, 7, 8, 9, 10, 11, 12, 13, 14, 15, 16, 17, 18, 19, 20, 21, 22, 23, 24, 25, 26, 27, 28, 29, 30, 31, 32 ]:
 Order := 263130836933693530167218012160000000 > |
[ 2, 9, 8, 7, 10, 1, 11, 12, 21, 24, 26, 27, 16, 23, 3, 25, 20, 22, 4, 13, 5, 28, 29, 6, 30, 18, 14, 19, 15, 31, 32, 17 ],
[ 3, 8, 13, 6, 14, 15, 1, 16, 12, 23, 2, 25, 7, 31, 20, 11, 19, 21, 24, 4, 27, 5, 32, 29, 26, 9, 30, 10, 17, 18, 22, 28 ],
[ 4, 7, 6, 17, 18, 19, 20, 1, 11, 22, 13, 2, 15, 21, 24, 3, 23, 25, 32, 29, 26, 30, 5, 28, 8, 16, 9, 31, 10, 12, 27, 14 ]
];
edge5`DownstairsFilename := "32S3-8,4,8-g9-3462902165.m";
Append(~s`Edges, edge5);
edge6 := TwoEdgeInitialize();
edge6`Blocks := {@ PowerSet(IntegerRing()) |
{ IntegerRing() | 1, 5 },
{ IntegerRing() | 2, 11 },
{ IntegerRing() | 3, 16 },
{ IntegerRing() | 4, 21 },
{ IntegerRing() | 6, 24 },
{ IntegerRing() | 7, 25 },
{ IntegerRing() | 8, 26 },
{ IntegerRing() | 9, 29 },
{ IntegerRing() | 10, 41 },
{ IntegerRing() | 12, 43 },
{ IntegerRing() | 13, 44 },
{ IntegerRing() | 14, 50 },
{ IntegerRing() | 15, 51 },
{ IntegerRing() | 17, 39 },
{ IntegerRing() | 18, 53 },
{ IntegerRing() | 19, 55 },
{ IntegerRing() | 20, 37 },
{ IntegerRing() | 22, 45 },
{ IntegerRing() | 23, 57 },
{ IntegerRing() | 27, 47 },
{ IntegerRing() | 28, 38 },
{ IntegerRing() | 30, 59 },
{ IntegerRing() | 31, 60 },
{ IntegerRing() | 32, 49 },
{ IntegerRing() | 33, 61 },
{ IntegerRing() | 34, 54 },
{ IntegerRing() | 35, 56 },
{ IntegerRing() | 36, 62 },
{ IntegerRing() | 40, 64 },
{ IntegerRing() | 42, 58 },
{ IntegerRing() | 46, 63 },
{ IntegerRing() | 48, 52 }
@};
edge6`UpstairsTriple := [ PermutationGroup<64 |  
\[ 2, 3, 4, 5, 6, 7, 8, 9, 10, 11, 12, 13, 14, 15, 16, 17, 18, 19, 20, 21, 22, 23, 24, 25, 26, 27, 28, 29, 30, 31, 32, 33, 34, 35, 36, 37, 38, 39, 40, 41, 42, 43, 44, 45, 46, 47, 48, 49, 50, 51, 52, 53, 54, 55, 56, 57, 58, 59, 60, 61, 62, 63, 64, 1 ],
\[ 2, 1, 3, 4, 5, 6, 7, 8, 9, 10, 11, 12, 13, 14, 15, 16, 17, 18, 19, 20, 21, 22, 23, 24, 25, 26, 27, 28, 29, 30, 31, 32, 33, 34, 35, 36, 37, 38, 39, 40, 41, 42, 43, 44, 45, 46, 47, 48, 49, 50, 51, 52, 53, 54, 55, 56, 57, 58, 59, 60, 61, 62, 63, 64 ]:
 Order := 126886932185884164103433389335161480802865516174545192198801894375214704230400000000000000 > |
[ 2, 9, 8, 19, 11, 1, 31, 34, 24, 13, 29, 45, 47, 18, 40, 26, 3, 42, 12, 32, 55, 4, 14, 5, 60, 54, 30, 33, 6, 10, 38, 46, 7, 39, 37, 48, 49, 61, 16, 36, 44, 57, 22, 27, 21, 35, 59, 51, 63, 53, 64, 15, 58, 17, 43, 20, 50, 23, 41, 28, 25, 52, 56, 62 ],
[ 3, 10, 14, 6, 16, 27, 1, 35, 34, 18, 41, 2, 37, 7, 17, 50, 32, 12, 40, 22, 24, 52, 4, 47, 5, 56, 23, 29, 54, 46, 36, 33, 15, 42, 31, 8, 45, 9, 49, 30, 53, 38, 11, 20, 48, 19, 57, 13, 61, 25, 39, 44, 43, 58, 64, 60, 21, 28, 63, 62, 51, 26, 55, 59 ],
[ 4, 7, 15, 20, 21, 28, 32, 1, 12, 40, 25, 46, 2, 27, 22, 51, 29, 3, 23, 26, 37, 53, 54, 38, 49, 5, 52, 56, 43, 6, 14, 44, 58, 36, 30, 19, 8, 35, 9, 33, 64, 10, 63, 11, 18, 17, 48, 31, 13, 47, 45, 60, 16, 62, 57, 59, 34, 41, 24, 50, 42, 55, 39, 61 ]
];
edge6`UpstairsFilename := "64S17-8,4,8-g17-1563394385.m";
edge6`DownstairsTriple := [ PermutationGroup<32 |  
\[ 2, 3, 4, 5, 6, 7, 8, 9, 10, 11, 12, 13, 14, 15, 16, 17, 18, 19, 20, 21, 22, 23, 24, 25, 26, 27, 28, 29, 30, 31, 32, 1 ],
\[ 2, 1, 3, 4, 5, 6, 7, 8, 9, 10, 11, 12, 13, 14, 15, 16, 17, 18, 19, 20, 21, 22, 23, 24, 25, 26, 27, 28, 29, 30, 31, 32 ]:
 Order := 263130836933693530167218012160000000 > |
[ 6, 1, 8, 20, 2, 5, 26, 15, 11, 24, 22, 3, 16, 32, 12, 30, 4, 25, 17, 19, 13, 23, 9, 7, 31, 10, 18, 29, 14, 21, 27, 28 ],
[ 3, 9, 13, 2, 15, 22, 1, 27, 21, 5, 31, 25, 7, 12, 30, 19, 29, 17, 6, 32, 4, 16, 18, 14, 24, 28, 26, 8, 23, 10, 20, 11 ],
[ 4, 10, 14, 18, 19, 7, 25, 1, 29, 27, 2, 5, 9, 17, 28, 3, 16, 8, 31, 21, 15, 32, 6, 30, 23, 13, 11, 20, 26, 22, 12, 24 ]
];
edge6`DownstairsFilename := "32S2-4,4,4-g5-3984326407.m";
Append(~s`Edges, edge6);
edge7 := TwoEdgeInitialize();
edge7`Blocks := {@ PowerSet(IntegerRing()) |
{ IntegerRing() | 1, 5 },
{ IntegerRing() | 2, 12 },
{ IntegerRing() | 3, 17 },
{ IntegerRing() | 4, 21 },
{ IntegerRing() | 6, 19 },
{ IntegerRing() | 7, 11 },
{ IntegerRing() | 8, 14 },
{ IntegerRing() | 9, 31 },
{ IntegerRing() | 10, 27 },
{ IntegerRing() | 13, 35 },
{ IntegerRing() | 15, 37 },
{ IntegerRing() | 16, 23 },
{ IntegerRing() | 18, 30 },
{ IntegerRing() | 20, 26 },
{ IntegerRing() | 22, 41 },
{ IntegerRing() | 24, 28 },
{ IntegerRing() | 25, 43 },
{ IntegerRing() | 29, 33 },
{ IntegerRing() | 32, 40 },
{ IntegerRing() | 34, 52 },
{ IntegerRing() | 36, 39 },
{ IntegerRing() | 38, 54 },
{ IntegerRing() | 42, 48 },
{ IntegerRing() | 44, 47 },
{ IntegerRing() | 45, 50 },
{ IntegerRing() | 46, 61 },
{ IntegerRing() | 49, 62 },
{ IntegerRing() | 51, 56 },
{ IntegerRing() | 53, 58 },
{ IntegerRing() | 55, 60 },
{ IntegerRing() | 57, 63 },
{ IntegerRing() | 59, 64 }
@};
edge7`UpstairsTriple := [ PermutationGroup<64 |  
\[ 2, 3, 4, 5, 6, 7, 8, 9, 10, 11, 12, 13, 14, 15, 16, 17, 18, 19, 20, 21, 22, 23, 24, 25, 26, 27, 28, 29, 30, 31, 32, 33, 34, 35, 36, 37, 38, 39, 40, 41, 42, 43, 44, 45, 46, 47, 48, 49, 50, 51, 52, 53, 54, 55, 56, 57, 58, 59, 60, 61, 62, 63, 64, 1 ],
\[ 2, 1, 3, 4, 5, 6, 7, 8, 9, 10, 11, 12, 13, 14, 15, 16, 17, 18, 19, 20, 21, 22, 23, 24, 25, 26, 27, 28, 29, 30, 31, 32, 33, 34, 35, 36, 37, 38, 39, 40, 41, 42, 43, 44, 45, 46, 47, 48, 49, 50, 51, 52, 53, 54, 55, 56, 57, 58, 59, 60, 61, 62, 63, 64 ]:
 Order := 126886932185884164103433389335161480802865516174545192198801894375214704230400000000000000 > |
[ 12, 31, 8, 17, 2, 5, 10, 33, 40, 13, 27, 9, 54, 29, 18, 37, 14, 39, 1, 6, 3, 21, 15, 7, 28, 19, 35, 11, 52, 36, 32, 58, 34, 63, 38, 51, 30, 60, 56, 53, 4, 23, 24, 22, 26, 48, 41, 16, 43, 20, 64, 57, 45, 55, 49, 59, 47, 50, 61, 62, 42, 25, 44, 46 ],
[ 3, 10, 15, 19, 17, 24, 1, 2, 33, 30, 5, 27, 9, 12, 7, 21, 37, 14, 28, 41, 6, 42, 4, 16, 20, 22, 18, 23, 36, 8, 29, 54, 39, 32, 31, 35, 11, 56, 13, 38, 48, 43, 26, 50, 62, 44, 45, 25, 46, 49, 34, 40, 63, 51, 53, 52, 64, 57, 55, 58, 47, 61, 59, 60 ],
[ 4, 11, 16, 20, 21, 25, 6, 1, 14, 15, 19, 7, 2, 5, 28, 41, 23, 3, 43, 44, 26, 46, 22, 42, 45, 47, 37, 48, 18, 17, 8, 35, 30, 9, 12, 10, 24, 36, 27, 13, 61, 62, 50, 53, 55, 57, 58, 49, 59, 60, 29, 31, 52, 39, 32, 33, 56, 34, 38, 40, 63, 64, 51, 54 ]
];
edge7`UpstairsFilename := "64S17-8,4,8-g17-2476243793.m";
edge7`DownstairsTriple := [ PermutationGroup<32 |  
\[ 2, 3, 4, 5, 6, 7, 8, 9, 10, 11, 12, 13, 14, 15, 16, 17, 18, 19, 20, 21, 22, 23, 24, 25, 26, 27, 28, 29, 30, 31, 32, 1 ],
\[ 2, 1, 3, 4, 5, 6, 7, 8, 9, 10, 11, 12, 13, 14, 15, 16, 17, 18, 19, 20, 21, 22, 23, 24, 25, 26, 27, 28, 29, 30, 31, 32 ]:
 Order := 263130836933693530167218012160000000 > |
[ 2, 9, 8, 3, 11, 1, 10, 18, 19, 12, 20, 22, 5, 6, 7, 4, 15, 21, 29, 28, 31, 30, 13, 16, 14, 23, 17, 32, 25, 27, 24, 26 ],
[ 3, 10, 5, 6, 7, 15, 1, 2, 18, 11, 8, 9, 4, 16, 13, 23, 14, 20, 22, 12, 19, 28, 17, 25, 27, 24, 26, 21, 31, 29, 32, 30 ],
[ 4, 7, 13, 14, 15, 17, 6, 1, 8, 5, 3, 2, 16, 24, 23, 26, 25, 11, 12, 10, 9, 20, 27, 29, 30, 31, 32, 18, 21, 19, 28, 22 ]
];
edge7`DownstairsFilename := "32S12-8,4,8-g9-3111898994.m";
Append(~s`Edges, edge7);

/*
Return for eval
*/

return s;
