s := TwoDBInitialize();

/*
Magma printing
*/

s`Name := "64S13-8,4,8-g17-2544425189";
s`Filename := "64S13-8,4,8-g17-2544425189.m";
s`Degree := 64;
s`Orders := \[ 8, 4, 8 ];
s`Geometry := "Hyperbolic";
s`Genus := 17;
s`Level := 6;
s`PermutationTriple := [ PermutationGroup<64 |  
\[ 2, 3, 4, 5, 6, 7, 8, 9, 10, 11, 12, 13, 14, 15, 16, 17, 18, 19, 20, 21, 22, 23, 24, 25, 26, 27, 28, 29, 30, 31, 32, 33, 34, 35, 36, 37, 38, 39, 40, 41, 42, 43, 44, 45, 46, 47, 48, 49, 50, 51, 52, 53, 54, 55, 56, 57, 58, 59, 60, 61, 62, 63, 64, 1 ],
\[ 2, 1, 3, 4, 5, 6, 7, 8, 9, 10, 11, 12, 13, 14, 15, 16, 17, 18, 19, 20, 21, 22, 23, 24, 25, 26, 27, 28, 29, 30, 31, 32, 33, 34, 35, 36, 37, 38, 39, 40, 41, 42, 43, 44, 45, 46, 47, 48, 49, 50, 51, 52, 53, 54, 55, 56, 57, 58, 59, 60, 61, 62, 63, 64 ]:
 Order := 126886932185884164103433389335161480802865516174545192198801894375214704230400000000000000 > |
[ 2, 9, 8, 19, 11, 1, 31, 34, 23, 13, 38, 22, 27, 18, 47, 26, 3, 29, 10, 45, 54, 4, 14, 5, 62, 64, 30, 17, 6, 12, 28, 53, 7, 33, 37, 50, 32, 57, 56, 42, 48, 58, 55, 49, 43, 52, 35, 21, 39, 15, 16, 60, 36, 40, 44, 20, 46, 61, 51, 24, 41, 59, 25, 63 ],
[ 3, 10, 14, 6, 16, 27, 1, 35, 28, 18, 40, 2, 20, 7, 17, 46, 32, 12, 43, 22, 24, 44, 4, 58, 5, 56, 23, 29, 34, 39, 36, 33, 15, 9, 31, 8, 48, 59, 19, 52, 11, 37, 30, 13, 63, 25, 54, 50, 51, 42, 45, 41, 61, 53, 26, 62, 21, 57, 60, 64, 47, 55, 49, 38 ],
[ 4, 7, 15, 20, 21, 28, 32, 1, 12, 39, 25, 43, 2, 27, 48, 49, 9, 3, 23, 26, 37, 18, 34, 59, 45, 5, 44, 35, 10, 6, 14, 42, 29, 36, 61, 54, 8, 41, 63, 47, 53, 11, 51, 62, 13, 58, 33, 52, 22, 31, 38, 16, 17, 57, 19, 30, 64, 50, 56, 40, 24, 46, 60, 55 ]
];
s`MonodromyGroup := PermutationGroup<64 |  
\[ 2, 9, 8, 19, 11, 1, 31, 34, 23, 13, 38, 22, 27, 18, 47, 26, 3, 29, 10, 45, 54, 4, 14, 5, 62, 64, 30, 17, 6, 12, 28, 53, 7, 33, 37, 50, 32, 57, 56, 42, 48, 58, 55, 49, 43, 52, 35, 21, 39, 15, 16, 60, 36, 40, 44, 20, 46, 61, 51, 24, 41, 59, 25, 63 ],
\[ 3, 10, 14, 6, 16, 27, 1, 35, 28, 18, 40, 2, 20, 7, 17, 46, 32, 12, 43, 22, 24, 44, 4, 58, 5, 56, 23, 29, 34, 39, 36, 33, 15, 9, 31, 8, 48, 59, 19, 52, 11, 37, 30, 13, 63, 25, 54, 50, 51, 42, 45, 41, 61, 53, 26, 62, 21, 57, 60, 64, 47, 55, 49, 38 ],
\[ 4, 7, 15, 20, 21, 28, 32, 1, 12, 39, 25, 43, 2, 27, 48, 49, 9, 3, 23, 26, 37, 18, 34, 59, 45, 5, 44, 35, 10, 6, 14, 42, 29, 36, 61, 54, 8, 41, 63, 47, 53, 11, 51, 62, 13, 58, 33, 52, 22, 31, 38, 16, 17, 57, 19, 30, 64, 50, 56, 40, 24, 46, 60, 55 ] >;

/*
Edge printing
*/

s`Edges := [];
edge1 := TwoEdgeInitialize();
edge1`Blocks := {@ PowerSet(IntegerRing()) |
{ IntegerRing() | 1, 5 },
{ IntegerRing() | 2, 11 },
{ IntegerRing() | 3, 16 },
{ IntegerRing() | 4, 21 },
{ IntegerRing() | 6, 24 },
{ IntegerRing() | 7, 25 },
{ IntegerRing() | 8, 26 },
{ IntegerRing() | 9, 38 },
{ IntegerRing() | 10, 40 },
{ IntegerRing() | 12, 41 },
{ IntegerRing() | 13, 42 },
{ IntegerRing() | 14, 46 },
{ IntegerRing() | 15, 49 },
{ IntegerRing() | 17, 51 },
{ IntegerRing() | 18, 52 },
{ IntegerRing() | 19, 54 },
{ IntegerRing() | 20, 37 },
{ IntegerRing() | 22, 48 },
{ IntegerRing() | 23, 57 },
{ IntegerRing() | 27, 58 },
{ IntegerRing() | 28, 59 },
{ IntegerRing() | 29, 60 },
{ IntegerRing() | 30, 61 },
{ IntegerRing() | 31, 62 },
{ IntegerRing() | 32, 45 },
{ IntegerRing() | 33, 63 },
{ IntegerRing() | 34, 64 },
{ IntegerRing() | 35, 56 },
{ IntegerRing() | 36, 55 },
{ IntegerRing() | 39, 47 },
{ IntegerRing() | 43, 53 },
{ IntegerRing() | 44, 50 }
@};
edge1`UpstairsTriple := [ PermutationGroup<64 |  
\[ 2, 3, 4, 5, 6, 7, 8, 9, 10, 11, 12, 13, 14, 15, 16, 17, 18, 19, 20, 21, 22, 23, 24, 25, 26, 27, 28, 29, 30, 31, 32, 33, 34, 35, 36, 37, 38, 39, 40, 41, 42, 43, 44, 45, 46, 47, 48, 49, 50, 51, 52, 53, 54, 55, 56, 57, 58, 59, 60, 61, 62, 63, 64, 1 ],
\[ 2, 1, 3, 4, 5, 6, 7, 8, 9, 10, 11, 12, 13, 14, 15, 16, 17, 18, 19, 20, 21, 22, 23, 24, 25, 26, 27, 28, 29, 30, 31, 32, 33, 34, 35, 36, 37, 38, 39, 40, 41, 42, 43, 44, 45, 46, 47, 48, 49, 50, 51, 52, 53, 54, 55, 56, 57, 58, 59, 60, 61, 62, 63, 64 ]:
 Order := 126886932185884164103433389335161480802865516174545192198801894375214704230400000000000000 > |
[ 2, 9, 8, 19, 11, 1, 31, 34, 23, 13, 38, 22, 27, 18, 47, 26, 3, 29, 10, 45, 54, 4, 14, 5, 62, 64, 30, 17, 6, 12, 28, 53, 7, 33, 37, 50, 32, 57, 56, 42, 48, 58, 55, 49, 43, 52, 35, 21, 39, 15, 16, 60, 36, 40, 44, 20, 46, 61, 51, 24, 41, 59, 25, 63 ],
[ 3, 10, 14, 6, 16, 27, 1, 35, 28, 18, 40, 2, 20, 7, 17, 46, 32, 12, 43, 22, 24, 44, 4, 58, 5, 56, 23, 29, 34, 39, 36, 33, 15, 9, 31, 8, 48, 59, 19, 52, 11, 37, 30, 13, 63, 25, 54, 50, 51, 42, 45, 41, 61, 53, 26, 62, 21, 57, 60, 64, 47, 55, 49, 38 ],
[ 4, 7, 15, 20, 21, 28, 32, 1, 12, 39, 25, 43, 2, 27, 48, 49, 9, 3, 23, 26, 37, 18, 34, 59, 45, 5, 44, 35, 10, 6, 14, 42, 29, 36, 61, 54, 8, 41, 63, 47, 53, 11, 51, 62, 13, 58, 33, 52, 22, 31, 38, 16, 17, 57, 19, 30, 64, 50, 56, 40, 24, 46, 60, 55 ]
];
edge1`UpstairsFilename := "64S13-8,4,8-g17-2544425189.m";
edge1`DownstairsTriple := [ PermutationGroup<32 |  
\[ 2, 3, 4, 5, 6, 7, 8, 9, 10, 11, 12, 13, 14, 15, 16, 17, 18, 19, 20, 21, 22, 23, 24, 25, 26, 27, 28, 29, 30, 31, 32, 1 ],
\[ 2, 1, 3, 4, 5, 6, 7, 8, 9, 10, 11, 12, 13, 14, 15, 16, 17, 18, 19, 20, 21, 22, 23, 24, 25, 26, 27, 28, 29, 30, 31, 32 ]:
 Order := 263130836933693530167218012160000000 > |
[ 11, 23, 8, 24, 2, 5, 14, 22, 6, 13, 9, 21, 4, 27, 31, 7, 10, 1, 25, 17, 20, 16, 18, 12, 30, 3, 26, 19, 32, 29, 28, 15 ],
[ 3, 10, 5, 18, 7, 4, 1, 28, 27, 11, 12, 2, 32, 29, 26, 15, 31, 20, 13, 6, 19, 9, 22, 30, 16, 25, 23, 14, 8, 17, 24, 21 ],
[ 4, 3, 15, 19, 20, 22, 25, 1, 10, 30, 7, 31, 2, 5, 13, 23, 18, 27, 8, 32, 11, 29, 12, 6, 21, 9, 28, 17, 24, 26, 16, 14 ]
];
edge1`DownstairsFilename := "32S10-8,4,4-g7-3976531736.m";
Append(~s`Edges, edge1);
edge2 := TwoEdgeInitialize();
edge2`Blocks := {@ PowerSet(IntegerRing()) |
{ IntegerRing() | 1, 5 },
{ IntegerRing() | 2, 11 },
{ IntegerRing() | 3, 7 },
{ IntegerRing() | 4, 18 },
{ IntegerRing() | 6, 20 },
{ IntegerRing() | 8, 21 },
{ IntegerRing() | 9, 23 },
{ IntegerRing() | 10, 12 },
{ IntegerRing() | 13, 19 },
{ IntegerRing() | 14, 25 },
{ IntegerRing() | 15, 26 },
{ IntegerRing() | 16, 24 },
{ IntegerRing() | 17, 33 },
{ IntegerRing() | 22, 27 },
{ IntegerRing() | 28, 29 },
{ IntegerRing() | 30, 37 },
{ IntegerRing() | 31, 32 },
{ IntegerRing() | 34, 42 },
{ IntegerRing() | 35, 38 },
{ IntegerRing() | 36, 43 },
{ IntegerRing() | 39, 41 },
{ IntegerRing() | 40, 49 },
{ IntegerRing() | 44, 45 },
{ IntegerRing() | 46, 54 },
{ IntegerRing() | 47, 48 },
{ IntegerRing() | 50, 57 },
{ IntegerRing() | 51, 53 },
{ IntegerRing() | 52, 59 },
{ IntegerRing() | 55, 58 },
{ IntegerRing() | 56, 64 },
{ IntegerRing() | 60, 61 },
{ IntegerRing() | 62, 63 }
@};
edge2`UpstairsTriple := [ PermutationGroup<64 |  
\[ 2, 3, 4, 5, 6, 7, 8, 9, 10, 11, 12, 13, 14, 15, 16, 17, 18, 19, 20, 21, 22, 23, 24, 25, 26, 27, 28, 29, 30, 31, 32, 33, 34, 35, 36, 37, 38, 39, 40, 41, 42, 43, 44, 45, 46, 47, 48, 49, 50, 51, 52, 53, 54, 55, 56, 57, 58, 59, 60, 61, 62, 63, 64, 1 ],
\[ 2, 1, 3, 4, 5, 6, 7, 8, 9, 10, 11, 12, 13, 14, 15, 16, 17, 18, 19, 20, 21, 22, 23, 24, 25, 26, 27, 28, 29, 30, 31, 32, 33, 34, 35, 36, 37, 38, 39, 40, 41, 42, 43, 44, 45, 46, 47, 48, 49, 50, 51, 52, 53, 54, 55, 56, 57, 58, 59, 60, 61, 62, 63, 64 ]:
 Order := 126886932185884164103433389335161480802865516174545192198801894375214704230400000000000000 > |
[ 2, 9, 8, 16, 11, 1, 21, 27, 20, 13, 23, 19, 18, 35, 3, 10, 34, 24, 4, 5, 22, 15, 6, 12, 38, 7, 26, 30, 37, 25, 41, 39, 42, 32, 28, 46, 14, 29, 33, 55, 17, 31, 54, 53, 51, 45, 50, 57, 58, 49, 43, 62, 36, 44, 47, 59, 40, 48, 63, 56, 64, 60, 61, 52 ],
[ 3, 10, 5, 6, 7, 18, 1, 28, 22, 11, 12, 2, 17, 15, 25, 32, 19, 20, 33, 4, 29, 23, 27, 31, 26, 14, 9, 21, 8, 36, 16, 24, 13, 47, 45, 37, 43, 44, 40, 41, 49, 48, 30, 35, 38, 60, 42, 34, 39, 56, 52, 53, 59, 61, 63, 57, 64, 62, 51, 54, 46, 55, 58, 50 ],
[ 4, 7, 14, 17, 18, 22, 25, 1, 12, 31, 3, 32, 2, 36, 9, 20, 40, 33, 11, 27, 5, 28, 10, 6, 43, 23, 29, 44, 45, 8, 47, 48, 49, 13, 26, 52, 21, 15, 16, 56, 24, 19, 59, 60, 61, 30, 62, 63, 64, 34, 35, 57, 38, 37, 39, 46, 42, 41, 50, 58, 55, 51, 53, 54 ]
];
edge2`UpstairsFilename := "64S13-8,4,8-g17-2894297558.m";
edge2`DownstairsTriple := [ PermutationGroup<32 |  
\[ 2, 3, 4, 5, 6, 7, 8, 9, 10, 11, 12, 13, 14, 15, 16, 17, 18, 19, 20, 21, 22, 23, 24, 25, 26, 27, 28, 29, 30, 31, 32, 1 ],
\[ 2, 1, 3, 4, 5, 6, 7, 8, 9, 10, 11, 12, 13, 14, 15, 16, 17, 18, 19, 20, 21, 22, 23, 24, 25, 26, 27, 28, 29, 30, 31, 32 ]:
 Order := 263130836933693530167218012160000000 > |
[ 2, 8, 7, 15, 10, 1, 20, 6, 11, 23, 4, 28, 19, 3, 9, 27, 30, 5, 32, 14, 22, 12, 18, 31, 26, 17, 24, 21, 13, 25, 16, 29 ],
[ 3, 9, 1, 6, 13, 4, 21, 20, 2, 25, 16, 14, 5, 12, 24, 11, 18, 17, 31, 8, 7, 26, 32, 15, 10, 22, 29, 30, 27, 28, 19, 23 ],
[ 4, 3, 12, 16, 17, 20, 1, 9, 24, 13, 2, 26, 27, 8, 6, 19, 22, 32, 5, 21, 30, 7, 25, 29, 28, 10, 11, 14, 23, 18, 15, 31 ]
];
edge2`DownstairsFilename := "32S9-4,2,8-g3-3217295790.m";
Append(~s`Edges, edge2);
edge3 := TwoEdgeInitialize();
edge3`Blocks := {@ PowerSet(IntegerRing()) |
{ IntegerRing() | 1, 5 },
{ IntegerRing() | 2, 12 },
{ IntegerRing() | 3, 18 },
{ IntegerRing() | 4, 24 },
{ IntegerRing() | 6, 22 },
{ IntegerRing() | 7, 11 },
{ IntegerRing() | 8, 15 },
{ IntegerRing() | 9, 41 },
{ IntegerRing() | 10, 47 },
{ IntegerRing() | 13, 40 },
{ IntegerRing() | 14, 44 },
{ IntegerRing() | 16, 53 },
{ IntegerRing() | 17, 63 },
{ IntegerRing() | 19, 43 },
{ IntegerRing() | 20, 45 },
{ IntegerRing() | 21, 48 },
{ IntegerRing() | 23, 58 },
{ IntegerRing() | 25, 54 },
{ IntegerRing() | 26, 38 },
{ IntegerRing() | 27, 57 },
{ IntegerRing() | 28, 39 },
{ IntegerRing() | 29, 49 },
{ IntegerRing() | 30, 56 },
{ IntegerRing() | 31, 50 },
{ IntegerRing() | 32, 51 },
{ IntegerRing() | 33, 52 },
{ IntegerRing() | 34, 42 },
{ IntegerRing() | 35, 59 },
{ IntegerRing() | 36, 60 },
{ IntegerRing() | 37, 61 },
{ IntegerRing() | 46, 64 },
{ IntegerRing() | 55, 62 }
@};
edge3`UpstairsTriple := [ PermutationGroup<64 |  
\[ 2, 3, 4, 5, 6, 7, 8, 9, 10, 11, 12, 13, 14, 15, 16, 17, 18, 19, 20, 21, 22, 23, 24, 25, 26, 27, 28, 29, 30, 31, 32, 33, 34, 35, 36, 37, 38, 39, 40, 41, 42, 43, 44, 45, 46, 47, 48, 49, 50, 51, 52, 53, 54, 55, 56, 57, 58, 59, 60, 61, 62, 63, 64, 1 ],
\[ 2, 1, 3, 4, 5, 6, 7, 8, 9, 10, 11, 12, 13, 14, 15, 16, 17, 18, 19, 20, 21, 22, 23, 24, 25, 26, 27, 28, 29, 30, 31, 32, 33, 34, 35, 36, 37, 38, 39, 40, 41, 42, 43, 44, 45, 46, 47, 48, 49, 50, 51, 52, 53, 54, 55, 56, 57, 58, 59, 60, 61, 62, 63, 64 ]:
 Order := 126886932185884164103433389335161480802865516174545192198801894375214704230400000000000000 > |
[ 12, 41, 8, 48, 2, 5, 50, 42, 26, 14, 31, 9, 25, 27, 34, 20, 55, 15, 18, 29, 10, 1, 63, 21, 24, 16, 30, 19, 22, 13, 28, 46, 11, 33, 37, 58, 32, 53, 43, 54, 38, 52, 3, 57, 49, 36, 44, 47, 6, 39, 64, 7, 45, 4, 35, 40, 56, 17, 61, 23, 51, 59, 62, 60 ],
[ 3, 10, 16, 22, 18, 27, 1, 35, 39, 45, 5, 47, 2, 58, 59, 7, 43, 53, 51, 40, 55, 57, 54, 6, 37, 4, 38, 49, 42, 46, 60, 52, 63, 41, 50, 8, 14, 24, 29, 12, 28, 9, 32, 23, 13, 21, 20, 62, 34, 36, 33, 17, 11, 61, 30, 64, 26, 25, 31, 15, 44, 56, 19, 48 ],
[ 4, 11, 17, 23, 24, 28, 32, 1, 40, 46, 51, 7, 55, 2, 5, 57, 14, 63, 41, 3, 38, 39, 31, 58, 45, 42, 37, 59, 47, 6, 53, 25, 49, 60, 21, 30, 8, 34, 35, 62, 13, 36, 9, 12, 18, 43, 64, 26, 10, 16, 54, 29, 27, 20, 52, 22, 61, 50, 48, 56, 15, 33, 44, 19 ]
];
edge3`UpstairsFilename := "64S13-8,4,8-g17-3600997590.m";
edge3`DownstairsTriple := [ PermutationGroup<32 |  
\[ 2, 3, 4, 5, 6, 7, 8, 9, 10, 11, 12, 13, 14, 15, 16, 17, 18, 19, 20, 21, 22, 23, 24, 25, 26, 27, 28, 29, 30, 31, 32, 1 ],
\[ 2, 1, 3, 4, 5, 6, 7, 8, 9, 10, 11, 12, 13, 14, 15, 16, 17, 18, 19, 20, 21, 22, 23, 24, 25, 26, 27, 28, 29, 30, 31, 32 ]:
 Order := 263130836933693530167218012160000000 > |
[ 11, 23, 8, 24, 2, 5, 14, 22, 6, 13, 9, 21, 4, 27, 31, 7, 10, 1, 15, 17, 20, 16, 18, 12, 32, 3, 26, 30, 19, 25, 28, 29 ],
[ 3, 10, 5, 18, 7, 4, 1, 28, 27, 11, 12, 2, 30, 29, 26, 15, 32, 20, 13, 6, 19, 9, 22, 31, 16, 25, 23, 14, 8, 21, 17, 24 ],
[ 4, 3, 15, 19, 20, 22, 25, 1, 10, 31, 7, 32, 2, 5, 21, 23, 18, 27, 14, 30, 11, 29, 12, 6, 13, 9, 28, 24, 17, 8, 16, 26 ]
];
edge3`DownstairsFilename := "32S8-8,4,8-g9-440941202.m";
Append(~s`Edges, edge3);

/*
Return for eval
*/

return s;
