s := TwoDBInitialize();

/*
Magma printing
*/

s`Name := "64S14-8,8,4-g17-2200874454";
s`Filename := "64S14-8,8,4-g17-2200874454.m";
s`Degree := 64;
s`Orders := \[ 8, 8, 4 ];
s`Geometry := "Hyperbolic";
s`Genus := 17;
s`Level := 6;
s`PermutationTriple := [ PermutationGroup<64 |  
\[ 2, 3, 4, 5, 6, 7, 8, 9, 10, 11, 12, 13, 14, 15, 16, 17, 18, 19, 20, 21, 22, 23, 24, 25, 26, 27, 28, 29, 30, 31, 32, 33, 34, 35, 36, 37, 38, 39, 40, 41, 42, 43, 44, 45, 46, 47, 48, 49, 50, 51, 52, 53, 54, 55, 56, 57, 58, 59, 60, 61, 62, 63, 64, 1 ],
\[ 2, 1, 3, 4, 5, 6, 7, 8, 9, 10, 11, 12, 13, 14, 15, 16, 17, 18, 19, 20, 21, 22, 23, 24, 25, 26, 27, 28, 29, 30, 31, 32, 33, 34, 35, 36, 37, 38, 39, 40, 41, 42, 43, 44, 45, 46, 47, 48, 49, 50, 51, 52, 53, 54, 55, 56, 57, 58, 59, 60, 61, 62, 63, 64 ]:
 Order := 126886932185884164103433389335161480802865516174545192198801894375214704230400000000000000 > |
[ 12, 29, 8, 61, 2, 5, 44, 53, 6, 14, 31, 9, 25, 27, 35, 20, 43, 15, 18, 41, 38, 1, 32, 21, 24, 16, 30, 46, 22, 42, 28, 62, 11, 59, 39, 23, 47, 48, 3, 51, 57, 40, 55, 63, 49, 7, 17, 4, 36, 60, 64, 45, 19, 52, 34, 50, 56, 37, 58, 26, 13, 54, 33, 10 ],
[ 3, 10, 16, 22, 18, 27, 1, 36, 35, 17, 5, 42, 2, 52, 54, 14, 39, 56, 45, 38, 43, 51, 48, 6, 34, 4, 37, 9, 53, 62, 26, 46, 20, 7, 41, 44, 8, 12, 32, 23, 64, 59, 63, 57, 33, 50, 11, 47, 61, 13, 55, 25, 60, 31, 15, 40, 24, 28, 19, 30, 58, 21, 29, 49 ],
[ 4, 11, 17, 23, 24, 28, 32, 1, 38, 41, 45, 7, 49, 2, 5, 31, 48, 59, 29, 3, 57, 63, 8, 52, 50, 53, 16, 54, 13, 6, 47, 40, 43, 51, 55, 64, 61, 62, 9, 12, 33, 60, 10, 34, 14, 58, 27, 20, 19, 18, 56, 15, 37, 30, 21, 44, 35, 42, 25, 46, 26, 39, 36, 22 ]
];
s`MonodromyGroup := PermutationGroup<64 |  
\[ 12, 29, 8, 61, 2, 5, 44, 53, 6, 14, 31, 9, 25, 27, 35, 20, 43, 15, 18, 41, 38, 1, 32, 21, 24, 16, 30, 46, 22, 42, 28, 62, 11, 59, 39, 23, 47, 48, 3, 51, 57, 40, 55, 63, 49, 7, 17, 4, 36, 60, 64, 45, 19, 52, 34, 50, 56, 37, 58, 26, 13, 54, 33, 10 ],
\[ 3, 10, 16, 22, 18, 27, 1, 36, 35, 17, 5, 42, 2, 52, 54, 14, 39, 56, 45, 38, 43, 51, 48, 6, 34, 4, 37, 9, 53, 62, 26, 46, 20, 7, 41, 44, 8, 12, 32, 23, 64, 59, 63, 57, 33, 50, 11, 47, 61, 13, 55, 25, 60, 31, 15, 40, 24, 28, 19, 30, 58, 21, 29, 49 ],
\[ 4, 11, 17, 23, 24, 28, 32, 1, 38, 41, 45, 7, 49, 2, 5, 31, 48, 59, 29, 3, 57, 63, 8, 52, 50, 53, 16, 54, 13, 6, 47, 40, 43, 51, 55, 64, 61, 62, 9, 12, 33, 60, 10, 34, 14, 58, 27, 20, 19, 18, 56, 15, 37, 30, 21, 44, 35, 42, 25, 46, 26, 39, 36, 22 ] >;

/*
Edge printing
*/

s`Edges := [];
edge1 := TwoEdgeInitialize();
edge1`Blocks := {@ PowerSet(IntegerRing()) |
{ IntegerRing() | 1, 5 },
{ IntegerRing() | 2, 12 },
{ IntegerRing() | 3, 18 },
{ IntegerRing() | 4, 24 },
{ IntegerRing() | 6, 22 },
{ IntegerRing() | 7, 11 },
{ IntegerRing() | 8, 15 },
{ IntegerRing() | 9, 29 },
{ IntegerRing() | 10, 42 },
{ IntegerRing() | 13, 38 },
{ IntegerRing() | 14, 40 },
{ IntegerRing() | 16, 56 },
{ IntegerRing() | 17, 59 },
{ IntegerRing() | 19, 39 },
{ IntegerRing() | 20, 50 },
{ IntegerRing() | 21, 61 },
{ IntegerRing() | 23, 52 },
{ IntegerRing() | 25, 48 },
{ IntegerRing() | 26, 57 },
{ IntegerRing() | 27, 51 },
{ IntegerRing() | 28, 63 },
{ IntegerRing() | 30, 64 },
{ IntegerRing() | 31, 44 },
{ IntegerRing() | 32, 45 },
{ IntegerRing() | 33, 46 },
{ IntegerRing() | 34, 47 },
{ IntegerRing() | 35, 53 },
{ IntegerRing() | 36, 54 },
{ IntegerRing() | 37, 55 },
{ IntegerRing() | 41, 60 },
{ IntegerRing() | 43, 58 },
{ IntegerRing() | 49, 62 }
@};
edge1`UpstairsTriple := [ PermutationGroup<64 |  
\[ 2, 3, 4, 5, 6, 7, 8, 9, 10, 11, 12, 13, 14, 15, 16, 17, 18, 19, 20, 21, 22, 23, 24, 25, 26, 27, 28, 29, 30, 31, 32, 33, 34, 35, 36, 37, 38, 39, 40, 41, 42, 43, 44, 45, 46, 47, 48, 49, 50, 51, 52, 53, 54, 55, 56, 57, 58, 59, 60, 61, 62, 63, 64, 1 ],
\[ 2, 1, 3, 4, 5, 6, 7, 8, 9, 10, 11, 12, 13, 14, 15, 16, 17, 18, 19, 20, 21, 22, 23, 24, 25, 26, 27, 28, 29, 30, 31, 32, 33, 34, 35, 36, 37, 38, 39, 40, 41, 42, 43, 44, 45, 46, 47, 48, 49, 50, 51, 52, 53, 54, 55, 56, 57, 58, 59, 60, 61, 62, 63, 64 ]:
 Order := 126886932185884164103433389335161480802865516174545192198801894375214704230400000000000000 > |
[ 12, 29, 8, 61, 2, 5, 44, 53, 6, 14, 31, 9, 25, 27, 35, 20, 43, 15, 18, 41, 38, 1, 32, 21, 24, 16, 30, 46, 22, 42, 28, 62, 11, 59, 39, 23, 47, 48, 3, 51, 57, 40, 55, 63, 49, 7, 17, 4, 36, 60, 64, 45, 19, 52, 34, 50, 56, 37, 58, 26, 13, 54, 33, 10 ],
[ 3, 10, 16, 22, 18, 27, 1, 36, 35, 17, 5, 42, 2, 52, 54, 14, 39, 56, 45, 38, 43, 51, 48, 6, 34, 4, 37, 9, 53, 62, 26, 46, 20, 7, 41, 44, 8, 12, 32, 23, 64, 59, 63, 57, 33, 50, 11, 47, 61, 13, 55, 25, 60, 31, 15, 40, 24, 28, 19, 30, 58, 21, 29, 49 ],
[ 4, 11, 17, 23, 24, 28, 32, 1, 38, 41, 45, 7, 49, 2, 5, 31, 48, 59, 29, 3, 57, 63, 8, 52, 50, 53, 16, 54, 13, 6, 47, 40, 43, 51, 55, 64, 61, 62, 9, 12, 33, 60, 10, 34, 14, 58, 27, 20, 19, 18, 56, 15, 37, 30, 21, 44, 35, 42, 25, 46, 26, 39, 36, 22 ]
];
edge1`UpstairsFilename := "64S14-8,8,4-g17-2200874454.m";
edge1`DownstairsTriple := [ PermutationGroup<32 |  
\[ 2, 3, 4, 5, 6, 7, 8, 9, 10, 11, 12, 13, 14, 15, 16, 17, 18, 19, 20, 21, 22, 23, 24, 25, 26, 27, 28, 29, 30, 31, 32, 1 ],
\[ 2, 1, 3, 4, 5, 6, 7, 8, 9, 10, 11, 12, 13, 14, 15, 16, 17, 18, 19, 20, 21, 22, 23, 24, 25, 26, 27, 28, 29, 30, 31, 32 ]:
 Order := 263130836933693530167218012160000000 > |
[ 12, 30, 8, 28, 2, 5, 22, 19, 20, 7, 25, 9, 3, 18, 31, 4, 16, 32, 13, 1, 14, 24, 26, 10, 23, 11, 15, 17, 27, 6, 29, 21 ],
[ 3, 10, 14, 20, 16, 22, 1, 6, 19, 18, 5, 26, 2, 11, 13, 27, 12, 17, 32, 25, 4, 21, 30, 9, 29, 15, 7, 31, 8, 28, 24, 23 ],
[ 4, 11, 15, 5, 8, 23, 2, 1, 17, 31, 12, 7, 9, 22, 16, 18, 30, 3, 29, 24, 19, 27, 20, 6, 14, 32, 25, 21, 28, 13, 26, 10 ]
];
edge1`DownstairsFilename := "32S10-4,8,4-g7-168536519.m";
Append(~s`Edges, edge1);
edge2 := TwoEdgeInitialize();
edge2`Blocks := {@ PowerSet(IntegerRing()) |
{ IntegerRing() | 1, 5 },
{ IntegerRing() | 2, 12 },
{ IntegerRing() | 3, 16 },
{ IntegerRing() | 4, 8 },
{ IntegerRing() | 6, 20 },
{ IntegerRing() | 7, 11 },
{ IntegerRing() | 9, 33 },
{ IntegerRing() | 10, 27 },
{ IntegerRing() | 13, 17 },
{ IntegerRing() | 14, 43 },
{ IntegerRing() | 15, 18 },
{ IntegerRing() | 19, 29 },
{ IntegerRing() | 21, 30 },
{ IntegerRing() | 22, 26 },
{ IntegerRing() | 23, 25 },
{ IntegerRing() | 24, 50 },
{ IntegerRing() | 28, 39 },
{ IntegerRing() | 31, 58 },
{ IntegerRing() | 32, 40 },
{ IntegerRing() | 34, 37 },
{ IntegerRing() | 35, 55 },
{ IntegerRing() | 36, 38 },
{ IntegerRing() | 41, 64 },
{ IntegerRing() | 42, 44 },
{ IntegerRing() | 45, 47 },
{ IntegerRing() | 46, 48 },
{ IntegerRing() | 49, 53 },
{ IntegerRing() | 51, 54 },
{ IntegerRing() | 52, 63 },
{ IntegerRing() | 56, 61 },
{ IntegerRing() | 57, 62 },
{ IntegerRing() | 59, 60 }
@};
edge2`UpstairsTriple := [ PermutationGroup<64 |  
\[ 2, 3, 4, 5, 6, 7, 8, 9, 10, 11, 12, 13, 14, 15, 16, 17, 18, 19, 20, 21, 22, 23, 24, 25, 26, 27, 28, 29, 30, 31, 32, 33, 34, 35, 36, 37, 38, 39, 40, 41, 42, 43, 44, 45, 46, 47, 48, 49, 50, 51, 52, 53, 54, 55, 56, 57, 58, 59, 60, 61, 62, 63, 64, 1 ],
\[ 2, 1, 3, 4, 5, 6, 7, 8, 9, 10, 11, 12, 13, 14, 15, 16, 17, 18, 19, 20, 21, 22, 23, 24, 25, 26, 27, 28, 29, 30, 31, 32, 33, 34, 35, 36, 37, 38, 39, 40, 41, 42, 43, 44, 45, 46, 47, 48, 49, 50, 51, 52, 53, 54, 55, 56, 57, 58, 59, 60, 61, 62, 63, 64 ]:
 Order := 126886932185884164103433389335161480802865516174545192198801894375214704230400000000000000 > |
[ 12, 33, 8, 29, 2, 5, 22, 19, 58, 7, 26, 9, 3, 18, 47, 4, 16, 45, 53, 1, 14, 25, 46, 20, 48, 23, 11, 55, 49, 43, 62, 13, 31, 10, 38, 30, 27, 21, 35, 17, 44, 34, 15, 37, 51, 41, 54, 64, 56, 6, 39, 50, 61, 28, 36, 60, 63, 57, 32, 40, 59, 52, 24, 42 ],
[ 3, 10, 14, 20, 16, 22, 1, 6, 32, 35, 5, 27, 2, 41, 13, 43, 12, 17, 38, 26, 4, 51, 50, 19, 24, 54, 55, 7, 36, 8, 42, 45, 40, 9, 49, 34, 33, 37, 11, 47, 62, 21, 64, 30, 23, 15, 25, 18, 63, 29, 60, 48, 52, 59, 53, 28, 61, 44, 31, 58, 39, 56, 46, 57 ],
[ 4, 11, 15, 5, 8, 23, 2, 1, 17, 36, 12, 7, 9, 42, 16, 18, 33, 3, 30, 25, 19, 28, 20, 49, 6, 39, 38, 26, 21, 29, 37, 54, 13, 31, 61, 27, 58, 10, 22, 51, 63, 43, 44, 14, 48, 45, 46, 47, 50, 53, 32, 41, 24, 40, 56, 35, 60, 34, 57, 62, 55, 59, 64, 52 ]
];
edge2`UpstairsFilename := "64S14-8,8,4-g17-2493987505.m";
edge2`DownstairsTriple := [ PermutationGroup<32 |  
\[ 2, 3, 4, 5, 6, 7, 8, 9, 10, 11, 12, 13, 14, 15, 16, 17, 18, 19, 20, 21, 22, 23, 24, 25, 26, 27, 28, 29, 30, 31, 32, 1 ],
\[ 2, 1, 3, 4, 5, 6, 7, 8, 9, 10, 11, 12, 13, 14, 15, 16, 17, 18, 19, 20, 21, 22, 23, 24, 25, 26, 27, 28, 29, 30, 31, 32 ]:
 Order := 263130836933693530167218012160000000 > |
[ 2, 8, 4, 15, 10, 1, 20, 18, 7, 22, 3, 13, 31, 16, 29, 24, 12, 5, 30, 21, 28, 6, 26, 11, 9, 27, 17, 19, 14, 25, 32, 23 ],
[ 3, 9, 12, 6, 14, 20, 1, 24, 26, 28, 2, 19, 11, 23, 27, 18, 4, 30, 5, 32, 22, 15, 7, 31, 8, 29, 25, 13, 10, 17, 21, 16 ],
[ 4, 7, 13, 1, 16, 21, 2, 11, 27, 19, 8, 30, 3, 26, 17, 5, 15, 25, 10, 23, 6, 29, 20, 32, 18, 14, 9, 31, 22, 12, 28, 24 ]
];
edge2`DownstairsFilename := "32S7-8,8,2-g5-1487757405.m";
Append(~s`Edges, edge2);
edge3 := TwoEdgeInitialize();
edge3`Blocks := {@ PowerSet(IntegerRing()) |
{ IntegerRing() | 1, 5 },
{ IntegerRing() | 2, 12 },
{ IntegerRing() | 3, 18 },
{ IntegerRing() | 4, 24 },
{ IntegerRing() | 6, 22 },
{ IntegerRing() | 7, 11 },
{ IntegerRing() | 8, 15 },
{ IntegerRing() | 9, 39 },
{ IntegerRing() | 10, 43 },
{ IntegerRing() | 13, 38 },
{ IntegerRing() | 14, 41 },
{ IntegerRing() | 16, 34 },
{ IntegerRing() | 17, 58 },
{ IntegerRing() | 19, 40 },
{ IntegerRing() | 20, 49 },
{ IntegerRing() | 21, 61 },
{ IntegerRing() | 23, 51 },
{ IntegerRing() | 25, 48 },
{ IntegerRing() | 26, 56 },
{ IntegerRing() | 27, 50 },
{ IntegerRing() | 28, 62 },
{ IntegerRing() | 29, 63 },
{ IntegerRing() | 30, 64 },
{ IntegerRing() | 31, 45 },
{ IntegerRing() | 32, 46 },
{ IntegerRing() | 33, 47 },
{ IntegerRing() | 35, 53 },
{ IntegerRing() | 36, 54 },
{ IntegerRing() | 37, 55 },
{ IntegerRing() | 42, 57 },
{ IntegerRing() | 44, 60 },
{ IntegerRing() | 52, 59 }
@};
edge3`UpstairsTriple := [ PermutationGroup<64 |  
\[ 2, 3, 4, 5, 6, 7, 8, 9, 10, 11, 12, 13, 14, 15, 16, 17, 18, 19, 20, 21, 22, 23, 24, 25, 26, 27, 28, 29, 30, 31, 32, 33, 34, 35, 36, 37, 38, 39, 40, 41, 42, 43, 44, 45, 46, 47, 48, 49, 50, 51, 52, 53, 54, 55, 56, 57, 58, 59, 60, 61, 62, 63, 64, 1 ],
\[ 2, 1, 3, 4, 5, 6, 7, 8, 9, 10, 11, 12, 13, 14, 15, 16, 17, 18, 19, 20, 21, 22, 23, 24, 25, 26, 27, 28, 29, 30, 31, 32, 33, 34, 35, 36, 37, 38, 39, 40, 41, 42, 43, 44, 45, 46, 47, 48, 49, 50, 51, 52, 53, 54, 55, 56, 57, 58, 59, 60, 61, 62, 63, 64 ]:
 Order := 126886932185884164103433389335161480802865516174545192198801894375214704230400000000000000 > |
[ 12, 39, 8, 61, 2, 5, 45, 53, 54, 14, 31, 9, 25, 27, 35, 20, 42, 15, 18, 44, 40, 1, 32, 21, 24, 16, 30, 43, 22, 47, 28, 63, 11, 49, 38, 23, 52, 48, 36, 3, 50, 56, 41, 55, 62, 29, 7, 4, 60, 64, 46, 17, 13, 51, 59, 34, 26, 57, 58, 37, 19, 10, 6, 33 ],
[ 3, 10, 16, 22, 18, 27, 1, 36, 21, 20, 5, 43, 2, 51, 54, 11, 40, 34, 46, 38, 44, 50, 48, 6, 59, 4, 26, 63, 53, 9, 37, 47, 17, 7, 42, 45, 8, 12, 61, 32, 23, 62, 49, 64, 55, 33, 58, 52, 13, 56, 25, 14, 57, 31, 15, 24, 28, 19, 41, 30, 60, 29, 35, 39 ],
[ 4, 11, 17, 23, 24, 28, 32, 1, 38, 42, 46, 7, 29, 2, 5, 27, 48, 58, 39, 3, 56, 62, 8, 51, 49, 53, 52, 54, 19, 6, 16, 41, 44, 50, 55, 64, 61, 63, 13, 9, 12, 33, 57, 10, 34, 14, 60, 20, 18, 59, 15, 31, 37, 30, 21, 35, 47, 25, 45, 43, 26, 36, 40, 22 ]
];
edge3`UpstairsFilename := "64S14-8,8,4-g17-2120533035.m";
edge3`DownstairsTriple := [ PermutationGroup<32 |  
\[ 2, 3, 4, 5, 6, 7, 8, 9, 10, 11, 12, 13, 14, 15, 16, 17, 18, 19, 20, 21, 22, 23, 24, 25, 26, 27, 28, 29, 30, 31, 32, 1 ],
\[ 2, 1, 3, 4, 5, 6, 7, 8, 9, 10, 11, 12, 13, 14, 15, 16, 17, 18, 19, 20, 21, 22, 23, 24, 25, 26, 27, 28, 29, 30, 31, 32 ]:
 Order := 263130836933693530167218012160000000 > |
[ 12, 24, 8, 28, 2, 5, 22, 19, 6, 7, 26, 9, 3, 18, 31, 4, 16, 30, 17, 1, 14, 25, 10, 20, 27, 23, 11, 13, 32, 29, 21, 15 ],
[ 3, 10, 14, 20, 16, 22, 1, 6, 28, 15, 5, 27, 2, 7, 13, 32, 12, 17, 31, 26, 4, 29, 9, 19, 24, 21, 18, 30, 8, 23, 25, 11 ],
[ 4, 11, 15, 5, 8, 23, 2, 1, 17, 30, 12, 7, 9, 26, 16, 18, 24, 3, 29, 25, 19, 14, 20, 13, 6, 32, 31, 21, 28, 27, 10, 22 ]
];
edge3`DownstairsFilename := "32S10-8,4,4-g7-2281950237.m";
Append(~s`Edges, edge3);

/*
Return for eval
*/

return s;
