s := TwoDBInitialize();

/*
Magma printing
*/

s`Name := "64S16-8,8,8-g21-120592663";
s`Filename := "64S16-8,8,8-g21-120592663.m";
s`Degree := 64;
s`Orders := \[ 8, 8, 8 ];
s`Geometry := "Hyperbolic";
s`Genus := 21;
s`Level := 6;
s`PermutationTriple := [ PermutationGroup<64 |  
\[ 2, 3, 4, 5, 6, 7, 8, 9, 10, 11, 12, 13, 14, 15, 16, 17, 18, 19, 20, 21, 22, 23, 24, 25, 26, 27, 28, 29, 30, 31, 32, 33, 34, 35, 36, 37, 38, 39, 40, 41, 42, 43, 44, 45, 46, 47, 48, 49, 50, 51, 52, 53, 54, 55, 56, 57, 58, 59, 60, 61, 62, 63, 64, 1 ],
\[ 2, 1, 3, 4, 5, 6, 7, 8, 9, 10, 11, 12, 13, 14, 15, 16, 17, 18, 19, 20, 21, 22, 23, 24, 25, 26, 27, 28, 29, 30, 31, 32, 33, 34, 35, 36, 37, 38, 39, 40, 41, 42, 43, 44, 45, 46, 47, 48, 49, 50, 51, 52, 53, 54, 55, 56, 57, 58, 59, 60, 61, 62, 63, 64 ]:
 Order := 126886932185884164103433389335161480802865516174545192198801894375214704230400000000000000 > |
[ 2, 9, 8, 3, 11, 1, 10, 26, 27, 12, 28, 34, 16, 13, 22, 38, 6, 15, 4, 5, 31, 45, 7, 23, 30, 29, 49, 50, 53, 32, 33, 54, 55, 51, 21, 25, 14, 48, 19, 20, 17, 18, 37, 35, 52, 36, 24, 61, 41, 62, 47, 64, 39, 56, 63, 60, 44, 42, 40, 46, 43, 59, 57, 58 ],
[ 3, 10, 13, 6, 15, 23, 1, 2, 26, 30, 31, 9, 21, 4, 25, 8, 19, 20, 37, 35, 5, 11, 36, 17, 7, 38, 34, 45, 27, 22, 16, 12, 28, 54, 14, 18, 44, 33, 41, 42, 47, 46, 39, 40, 32, 24, 60, 29, 53, 55, 49, 50, 61, 52, 48, 51, 43, 59, 57, 58, 63, 64, 62, 56 ],
[ 4, 7, 14, 17, 18, 24, 6, 1, 8, 25, 21, 2, 35, 19, 36, 3, 39, 40, 43, 44, 20, 5, 46, 41, 23, 16, 12, 22, 9, 15, 13, 10, 11, 32, 37, 42, 57, 31, 49, 58, 51, 60, 53, 59, 30, 47, 56, 26, 29, 33, 27, 28, 48, 45, 38, 34, 61, 62, 63, 64, 55, 52, 50, 54 ]
];
s`MonodromyGroup := PermutationGroup<64 |  
\[ 2, 9, 8, 3, 11, 1, 10, 26, 27, 12, 28, 34, 16, 13, 22, 38, 6, 15, 4, 5, 31, 45, 7, 23, 30, 29, 49, 50, 53, 32, 33, 54, 55, 51, 21, 25, 14, 48, 19, 20, 17, 18, 37, 35, 52, 36, 24, 61, 41, 62, 47, 64, 39, 56, 63, 60, 44, 42, 40, 46, 43, 59, 57, 58 ],
\[ 3, 10, 13, 6, 15, 23, 1, 2, 26, 30, 31, 9, 21, 4, 25, 8, 19, 20, 37, 35, 5, 11, 36, 17, 7, 38, 34, 45, 27, 22, 16, 12, 28, 54, 14, 18, 44, 33, 41, 42, 47, 46, 39, 40, 32, 24, 60, 29, 53, 55, 49, 50, 61, 52, 48, 51, 43, 59, 57, 58, 63, 64, 62, 56 ],
\[ 4, 7, 14, 17, 18, 24, 6, 1, 8, 25, 21, 2, 35, 19, 36, 3, 39, 40, 43, 44, 20, 5, 46, 41, 23, 16, 12, 22, 9, 15, 13, 10, 11, 32, 37, 42, 57, 31, 49, 58, 51, 60, 53, 59, 30, 47, 56, 26, 29, 33, 27, 28, 48, 45, 38, 34, 61, 62, 63, 64, 55, 52, 50, 54 ] >;

/*
Edge printing
*/

s`Edges := [];
edge1 := TwoEdgeInitialize();
edge1`Blocks := {@ PowerSet(IntegerRing()) |
{ IntegerRing() | 1, 5 },
{ IntegerRing() | 2, 11 },
{ IntegerRing() | 3, 15 },
{ IntegerRing() | 4, 18 },
{ IntegerRing() | 6, 20 },
{ IntegerRing() | 7, 21 },
{ IntegerRing() | 8, 22 },
{ IntegerRing() | 9, 28 },
{ IntegerRing() | 10, 31 },
{ IntegerRing() | 12, 33 },
{ IntegerRing() | 13, 25 },
{ IntegerRing() | 14, 36 },
{ IntegerRing() | 16, 30 },
{ IntegerRing() | 17, 40 },
{ IntegerRing() | 19, 42 },
{ IntegerRing() | 23, 35 },
{ IntegerRing() | 24, 44 },
{ IntegerRing() | 26, 45 },
{ IntegerRing() | 27, 50 },
{ IntegerRing() | 29, 52 },
{ IntegerRing() | 32, 38 },
{ IntegerRing() | 34, 55 },
{ IntegerRing() | 37, 46 },
{ IntegerRing() | 39, 58 },
{ IntegerRing() | 41, 59 },
{ IntegerRing() | 43, 60 },
{ IntegerRing() | 47, 57 },
{ IntegerRing() | 48, 54 },
{ IntegerRing() | 49, 62 },
{ IntegerRing() | 51, 63 },
{ IntegerRing() | 53, 64 },
{ IntegerRing() | 56, 61 }
@};
edge1`UpstairsTriple := [ PermutationGroup<64 |  
\[ 2, 3, 4, 5, 6, 7, 8, 9, 10, 11, 12, 13, 14, 15, 16, 17, 18, 19, 20, 21, 22, 23, 24, 25, 26, 27, 28, 29, 30, 31, 32, 33, 34, 35, 36, 37, 38, 39, 40, 41, 42, 43, 44, 45, 46, 47, 48, 49, 50, 51, 52, 53, 54, 55, 56, 57, 58, 59, 60, 61, 62, 63, 64, 1 ],
\[ 2, 1, 3, 4, 5, 6, 7, 8, 9, 10, 11, 12, 13, 14, 15, 16, 17, 18, 19, 20, 21, 22, 23, 24, 25, 26, 27, 28, 29, 30, 31, 32, 33, 34, 35, 36, 37, 38, 39, 40, 41, 42, 43, 44, 45, 46, 47, 48, 49, 50, 51, 52, 53, 54, 55, 56, 57, 58, 59, 60, 61, 62, 63, 64 ]:
 Order := 126886932185884164103433389335161480802865516174545192198801894375214704230400000000000000 > |
[ 2, 9, 8, 3, 11, 1, 10, 26, 27, 12, 28, 34, 16, 13, 22, 38, 6, 15, 4, 5, 31, 45, 7, 23, 30, 29, 49, 50, 53, 32, 33, 54, 55, 51, 21, 25, 14, 48, 19, 20, 17, 18, 37, 35, 52, 36, 24, 61, 41, 62, 47, 64, 39, 56, 63, 60, 44, 42, 40, 46, 43, 59, 57, 58 ],
[ 3, 10, 13, 6, 15, 23, 1, 2, 26, 30, 31, 9, 21, 4, 25, 8, 19, 20, 37, 35, 5, 11, 36, 17, 7, 38, 34, 45, 27, 22, 16, 12, 28, 54, 14, 18, 44, 33, 41, 42, 47, 46, 39, 40, 32, 24, 60, 29, 53, 55, 49, 50, 61, 52, 48, 51, 43, 59, 57, 58, 63, 64, 62, 56 ],
[ 4, 7, 14, 17, 18, 24, 6, 1, 8, 25, 21, 2, 35, 19, 36, 3, 39, 40, 43, 44, 20, 5, 46, 41, 23, 16, 12, 22, 9, 15, 13, 10, 11, 32, 37, 42, 57, 31, 49, 58, 51, 60, 53, 59, 30, 47, 56, 26, 29, 33, 27, 28, 48, 45, 38, 34, 61, 62, 63, 64, 55, 52, 50, 54 ]
];
edge1`UpstairsFilename := "64S16-8,8,8-g21-120592663.m";
edge1`DownstairsTriple := [ PermutationGroup<32 |  
\[ 2, 3, 4, 5, 6, 7, 8, 9, 10, 11, 12, 13, 14, 15, 16, 17, 18, 19, 20, 21, 22, 23, 24, 25, 26, 27, 28, 29, 30, 31, 32, 1 ],
\[ 2, 1, 3, 4, 5, 6, 7, 8, 9, 10, 11, 12, 13, 14, 15, 16, 17, 18, 19, 20, 21, 22, 23, 24, 25, 26, 27, 28, 29, 30, 31, 32 ]:
 Order := 263130836933693530167218012160000000 > |
[ 2, 9, 8, 3, 11, 1, 10, 18, 19, 12, 20, 22, 5, 6, 7, 4, 15, 21, 29, 28, 31, 30, 13, 16, 14, 23, 17, 32, 25, 27, 24, 26 ],
[ 3, 10, 5, 6, 7, 15, 1, 2, 18, 11, 8, 9, 4, 16, 13, 23, 14, 20, 22, 12, 19, 28, 17, 25, 27, 24, 26, 21, 31, 29, 32, 30 ],
[ 4, 7, 13, 14, 15, 17, 6, 1, 8, 5, 3, 2, 16, 24, 23, 26, 25, 11, 12, 10, 9, 20, 27, 29, 30, 31, 32, 18, 21, 19, 28, 22 ]
];
edge1`DownstairsFilename := "32S12-8,4,8-g9-3111898994.m";
Append(~s`Edges, edge1);
edge2 := TwoEdgeInitialize();
edge2`Blocks := {@ PowerSet(IntegerRing()) |
{ IntegerRing() | 1, 5 },
{ IntegerRing() | 2, 11 },
{ IntegerRing() | 3, 15 },
{ IntegerRing() | 4, 18 },
{ IntegerRing() | 6, 20 },
{ IntegerRing() | 7, 21 },
{ IntegerRing() | 8, 22 },
{ IntegerRing() | 9, 28 },
{ IntegerRing() | 10, 31 },
{ IntegerRing() | 12, 33 },
{ IntegerRing() | 13, 37 },
{ IntegerRing() | 14, 39 },
{ IntegerRing() | 16, 41 },
{ IntegerRing() | 17, 44 },
{ IntegerRing() | 19, 46 },
{ IntegerRing() | 23, 48 },
{ IntegerRing() | 24, 49 },
{ IntegerRing() | 25, 50 },
{ IntegerRing() | 26, 51 },
{ IntegerRing() | 27, 58 },
{ IntegerRing() | 29, 60 },
{ IntegerRing() | 30, 47 },
{ IntegerRing() | 32, 40 },
{ IntegerRing() | 34, 36 },
{ IntegerRing() | 35, 59 },
{ IntegerRing() | 38, 54 },
{ IntegerRing() | 42, 53 },
{ IntegerRing() | 43, 62 },
{ IntegerRing() | 45, 64 },
{ IntegerRing() | 52, 56 },
{ IntegerRing() | 55, 61 },
{ IntegerRing() | 57, 63 }
@};
edge2`UpstairsTriple := [ PermutationGroup<64 |  
\[ 2, 3, 4, 5, 6, 7, 8, 9, 10, 11, 12, 13, 14, 15, 16, 17, 18, 19, 20, 21, 22, 23, 24, 25, 26, 27, 28, 29, 30, 31, 32, 33, 34, 35, 36, 37, 38, 39, 40, 41, 42, 43, 44, 45, 46, 47, 48, 49, 50, 51, 52, 53, 54, 55, 56, 57, 58, 59, 60, 61, 62, 63, 64, 1 ],
\[ 2, 1, 3, 4, 5, 6, 7, 8, 9, 10, 11, 12, 13, 14, 15, 16, 17, 18, 19, 20, 21, 22, 23, 24, 25, 26, 27, 28, 29, 30, 31, 32, 33, 34, 35, 36, 37, 38, 39, 40, 41, 42, 43, 44, 45, 46, 47, 48, 49, 50, 51, 52, 53, 54, 55, 56, 57, 58, 59, 60, 61, 62, 63, 64 ]:
 Order := 126886932185884164103433389335161480802865516174545192198801894375214704230400000000000000 > |
[ 2, 9, 8, 3, 11, 1, 10, 26, 27, 12, 28, 34, 16, 13, 22, 42, 6, 15, 4, 5, 31, 51, 7, 23, 30, 29, 57, 58, 61, 32, 33, 39, 36, 59, 38, 35, 41, 49, 37, 14, 53, 56, 19, 20, 17, 18, 40, 21, 48, 47, 60, 25, 52, 24, 62, 50, 45, 63, 54, 55, 43, 46, 64, 44 ],
[ 3, 10, 13, 6, 15, 23, 1, 2, 26, 30, 31, 9, 35, 4, 37, 8, 19, 20, 40, 48, 5, 11, 52, 17, 7, 42, 34, 51, 27, 62, 47, 12, 28, 39, 63, 14, 59, 16, 18, 33, 22, 49, 45, 46, 54, 32, 43, 56, 44, 21, 53, 60, 24, 41, 25, 29, 61, 36, 57, 58, 50, 64, 55, 38 ],
[ 4, 7, 14, 17, 18, 24, 6, 1, 8, 25, 21, 2, 36, 19, 39, 3, 43, 44, 47, 49, 20, 5, 53, 45, 23, 16, 12, 22, 9, 55, 50, 10, 11, 32, 58, 40, 34, 13, 46, 31, 15, 38, 57, 62, 59, 30, 61, 42, 64, 48, 41, 51, 54, 37, 52, 26, 29, 33, 27, 28, 56, 63, 60, 35 ]
];
edge2`UpstairsFilename := "64S16-8,8,8-g21-1539572911.m";
edge2`DownstairsTriple := [ PermutationGroup<32 |  
\[ 2, 3, 4, 5, 6, 7, 8, 9, 10, 11, 12, 13, 14, 15, 16, 17, 18, 19, 20, 21, 22, 23, 24, 25, 26, 27, 28, 29, 30, 31, 32, 1 ],
\[ 2, 1, 3, 4, 5, 6, 7, 8, 9, 10, 11, 12, 13, 14, 15, 16, 17, 18, 19, 20, 21, 22, 23, 24, 25, 26, 27, 28, 29, 30, 31, 32 ]:
 Order := 263130836933693530167218012160000000 > |
[ 2, 9, 8, 3, 11, 1, 10, 26, 20, 12, 17, 30, 16, 13, 22, 32, 6, 15, 4, 5, 28, 19, 7, 23, 27, 18, 29, 24, 14, 21, 25, 31 ],
[ 3, 10, 13, 6, 15, 23, 1, 2, 26, 27, 28, 9, 21, 4, 25, 8, 19, 20, 29, 30, 5, 11, 31, 17, 7, 32, 22, 16, 12, 14, 18, 24 ],
[ 4, 7, 14, 17, 18, 24, 6, 1, 8, 25, 21, 2, 30, 19, 31, 3, 22, 9, 27, 12, 20, 5, 32, 11, 23, 16, 15, 13, 10, 29, 26, 28 ]
];
edge2`DownstairsFilename := "32S15-8,8,8-g11-3822551829.m";
Append(~s`Edges, edge2);
edge3 := TwoEdgeInitialize();
edge3`Blocks := {@ PowerSet(IntegerRing()) |
{ IntegerRing() | 1, 5 },
{ IntegerRing() | 2, 11 },
{ IntegerRing() | 3, 15 },
{ IntegerRing() | 4, 18 },
{ IntegerRing() | 6, 20 },
{ IntegerRing() | 7, 21 },
{ IntegerRing() | 8, 22 },
{ IntegerRing() | 9, 17 },
{ IntegerRing() | 10, 28 },
{ IntegerRing() | 12, 24 },
{ IntegerRing() | 13, 33 },
{ IntegerRing() | 14, 35 },
{ IntegerRing() | 16, 37 },
{ IntegerRing() | 19, 26 },
{ IntegerRing() | 23, 30 },
{ IntegerRing() | 25, 39 },
{ IntegerRing() | 27, 44 },
{ IntegerRing() | 29, 41 },
{ IntegerRing() | 31, 49 },
{ IntegerRing() | 32, 51 },
{ IntegerRing() | 34, 53 },
{ IntegerRing() | 36, 38 },
{ IntegerRing() | 40, 46 },
{ IntegerRing() | 42, 55 },
{ IntegerRing() | 43, 58 },
{ IntegerRing() | 45, 57 },
{ IntegerRing() | 47, 61 },
{ IntegerRing() | 48, 62 },
{ IntegerRing() | 50, 64 },
{ IntegerRing() | 52, 54 },
{ IntegerRing() | 56, 60 },
{ IntegerRing() | 59, 63 }
@};
edge3`UpstairsTriple := [ PermutationGroup<64 |  
\[ 2, 3, 4, 5, 6, 7, 8, 9, 10, 11, 12, 13, 14, 15, 16, 17, 18, 19, 20, 21, 22, 23, 24, 25, 26, 27, 28, 29, 30, 31, 32, 33, 34, 35, 36, 37, 38, 39, 40, 41, 42, 43, 44, 45, 46, 47, 48, 49, 50, 51, 52, 53, 54, 55, 56, 57, 58, 59, 60, 61, 62, 63, 64, 1 ],
\[ 2, 1, 3, 4, 5, 6, 7, 8, 9, 10, 11, 12, 13, 14, 15, 16, 17, 18, 19, 20, 21, 22, 23, 24, 25, 26, 27, 28, 29, 30, 31, 32, 33, 34, 35, 36, 37, 38, 39, 40, 41, 42, 43, 44, 45, 46, 47, 48, 49, 50, 51, 52, 53, 54, 55, 56, 57, 58, 59, 60, 61, 62, 63, 64 ]:
 Order := 126886932185884164103433389335161480802865516174545192198801894375214704230400000000000000 > |
[ 2, 9, 8, 3, 11, 1, 10, 26, 20, 12, 17, 30, 16, 13, 22, 38, 6, 15, 4, 5, 28, 19, 7, 23, 27, 18, 29, 24, 46, 21, 34, 31, 37, 54, 33, 14, 36, 35, 44, 25, 40, 43, 45, 41, 60, 39, 50, 47, 53, 59, 49, 32, 52, 51, 58, 42, 56, 57, 62, 55, 64, 61, 48, 63 ],
[ 3, 10, 13, 6, 15, 23, 1, 2, 26, 27, 28, 9, 31, 4, 33, 8, 19, 20, 36, 30, 5, 11, 40, 17, 7, 38, 43, 44, 12, 46, 47, 14, 49, 16, 18, 52, 22, 54, 21, 56, 24, 25, 50, 58, 29, 60, 42, 32, 61, 34, 35, 63, 37, 59, 39, 48, 41, 64, 45, 62, 55, 51, 57, 53 ],
[ 4, 7, 14, 17, 18, 24, 6, 1, 8, 25, 21, 2, 32, 19, 35, 3, 22, 9, 37, 12, 20, 5, 41, 11, 23, 16, 42, 39, 10, 29, 48, 36, 51, 13, 26, 53, 15, 34, 30, 57, 28, 40, 47, 55, 27, 45, 56, 52, 62, 31, 38, 64, 33, 50, 46, 63, 44, 61, 43, 59, 60, 54, 58, 49 ]
];
edge3`UpstairsFilename := "64S16-8,8,8-g21-3366349504.m";
edge3`DownstairsTriple := [ PermutationGroup<32 |  
\[ 2, 3, 4, 5, 6, 7, 8, 9, 10, 11, 12, 13, 14, 15, 16, 17, 18, 19, 20, 21, 22, 23, 24, 25, 26, 27, 28, 29, 30, 31, 32, 1 ],
\[ 2, 1, 3, 4, 5, 6, 7, 8, 9, 10, 11, 12, 13, 14, 15, 16, 17, 18, 19, 20, 21, 22, 23, 24, 25, 26, 27, 28, 29, 30, 31, 32 ]:
 Order := 263130836933693530167218012160000000 > |
[ 2, 5, 8, 3, 6, 1, 9, 13, 10, 15, 14, 11, 4, 21, 7, 17, 18, 23, 22, 19, 12, 29, 16, 25, 26, 31, 30, 27, 20, 32, 24, 28 ],
[ 3, 9, 11, 6, 13, 15, 1, 2, 17, 5, 19, 4, 21, 8, 23, 7, 25, 10, 27, 12, 29, 14, 31, 16, 30, 18, 24, 20, 32, 22, 28, 26 ],
[ 4, 7, 12, 5, 8, 10, 6, 1, 16, 2, 20, 13, 14, 3, 18, 15, 24, 9, 28, 21, 22, 11, 26, 23, 27, 17, 31, 29, 30, 19, 32, 25 ]
];
edge3`DownstairsFilename := "32S14-4,8,4-g7-1980567223.m";
Append(~s`Edges, edge3);

/*
Return for eval
*/

return s;
