s := TwoDBInitialize();

/*
Magma printing
*/

s`Name := "64S11-8,4,8-g17-2439482934";
s`Filename := "64S11-8,4,8-g17-2439482934.m";
s`Degree := 64;
s`Orders := \[ 8, 4, 8 ];
s`Geometry := "Hyperbolic";
s`Genus := 17;
s`Level := 6;
s`PermutationTriple := [ PermutationGroup<64 |  
\[ 2, 3, 4, 5, 6, 7, 8, 9, 10, 11, 12, 13, 14, 15, 16, 17, 18, 19, 20, 21, 22, 23, 24, 25, 26, 27, 28, 29, 30, 31, 32, 33, 34, 35, 36, 37, 38, 39, 40, 41, 42, 43, 44, 45, 46, 47, 48, 49, 50, 51, 52, 53, 54, 55, 56, 57, 58, 59, 60, 61, 62, 63, 64, 1 ],
\[ 2, 1, 3, 4, 5, 6, 7, 8, 9, 10, 11, 12, 13, 14, 15, 16, 17, 18, 19, 20, 21, 22, 23, 24, 25, 26, 27, 28, 29, 30, 31, 32, 33, 34, 35, 36, 37, 38, 39, 40, 41, 42, 43, 44, 45, 46, 47, 48, 49, 50, 51, 52, 53, 54, 55, 56, 57, 58, 59, 60, 61, 62, 63, 64 ]:
 Order := 126886932185884164103433389335161480802865516174545192198801894375214704230400000000000000 > |
[ 2, 9, 8, 16, 11, 1, 21, 27, 20, 13, 23, 35, 38, 36, 3, 44, 14, 24, 4, 5, 43, 32, 6, 51, 33, 7, 26, 30, 39, 56, 53, 58, 49, 10, 59, 52, 12, 37, 40, 45, 18, 55, 15, 41, 28, 29, 22, 25, 17, 54, 19, 48, 63, 60, 61, 46, 31, 57, 34, 64, 50, 42, 47, 62 ],
[ 3, 10, 5, 6, 7, 18, 1, 28, 22, 11, 12, 2, 39, 15, 25, 45, 19, 20, 48, 4, 29, 23, 31, 46, 26, 14, 42, 21, 8, 13, 9, 56, 34, 36, 30, 37, 33, 55, 35, 32, 17, 43, 54, 50, 24, 16, 49, 41, 57, 51, 62, 47, 40, 27, 59, 53, 52, 61, 60, 38, 63, 44, 64, 58 ],
[ 4, 7, 14, 17, 18, 22, 25, 1, 12, 33, 3, 36, 2, 41, 42, 20, 47, 48, 50, 31, 5, 52, 10, 6, 19, 54, 29, 16, 24, 8, 49, 9, 15, 55, 11, 26, 60, 30, 21, 13, 62, 51, 28, 46, 53, 32, 61, 57, 37, 58, 45, 34, 23, 44, 27, 35, 64, 40, 39, 43, 38, 63, 56, 59 ]
];
s`MonodromyGroup := PermutationGroup<64 |  
\[ 2, 9, 8, 16, 11, 1, 21, 27, 20, 13, 23, 35, 38, 36, 3, 44, 14, 24, 4, 5, 43, 32, 6, 51, 33, 7, 26, 30, 39, 56, 53, 58, 49, 10, 59, 52, 12, 37, 40, 45, 18, 55, 15, 41, 28, 29, 22, 25, 17, 54, 19, 48, 63, 60, 61, 46, 31, 57, 34, 64, 50, 42, 47, 62 ],
\[ 3, 10, 5, 6, 7, 18, 1, 28, 22, 11, 12, 2, 39, 15, 25, 45, 19, 20, 48, 4, 29, 23, 31, 46, 26, 14, 42, 21, 8, 13, 9, 56, 34, 36, 30, 37, 33, 55, 35, 32, 17, 43, 54, 50, 24, 16, 49, 41, 57, 51, 62, 47, 40, 27, 59, 53, 52, 61, 60, 38, 63, 44, 64, 58 ],
\[ 4, 7, 14, 17, 18, 22, 25, 1, 12, 33, 3, 36, 2, 41, 42, 20, 47, 48, 50, 31, 5, 52, 10, 6, 19, 54, 29, 16, 24, 8, 49, 9, 15, 55, 11, 26, 60, 30, 21, 13, 62, 51, 28, 46, 53, 32, 61, 57, 37, 58, 45, 34, 23, 44, 27, 35, 64, 40, 39, 43, 38, 63, 56, 59 ] >;

/*
Edge printing
*/

s`Edges := [];
edge1 := TwoEdgeInitialize();
edge1`Blocks := {@ PowerSet(IntegerRing()) |
{ IntegerRing() | 1, 5 },
{ IntegerRing() | 2, 11 },
{ IntegerRing() | 3, 7 },
{ IntegerRing() | 4, 18 },
{ IntegerRing() | 6, 20 },
{ IntegerRing() | 8, 21 },
{ IntegerRing() | 9, 23 },
{ IntegerRing() | 10, 12 },
{ IntegerRing() | 13, 35 },
{ IntegerRing() | 14, 25 },
{ IntegerRing() | 15, 26 },
{ IntegerRing() | 16, 24 },
{ IntegerRing() | 17, 48 },
{ IntegerRing() | 19, 41 },
{ IntegerRing() | 22, 31 },
{ IntegerRing() | 27, 43 },
{ IntegerRing() | 28, 29 },
{ IntegerRing() | 30, 39 },
{ IntegerRing() | 32, 53 },
{ IntegerRing() | 33, 36 },
{ IntegerRing() | 34, 37 },
{ IntegerRing() | 38, 59 },
{ IntegerRing() | 40, 56 },
{ IntegerRing() | 42, 54 },
{ IntegerRing() | 44, 51 },
{ IntegerRing() | 45, 46 },
{ IntegerRing() | 47, 57 },
{ IntegerRing() | 49, 52 },
{ IntegerRing() | 50, 62 },
{ IntegerRing() | 55, 60 },
{ IntegerRing() | 58, 63 },
{ IntegerRing() | 61, 64 }
@};
edge1`UpstairsTriple := [ PermutationGroup<64 |  
\[ 2, 3, 4, 5, 6, 7, 8, 9, 10, 11, 12, 13, 14, 15, 16, 17, 18, 19, 20, 21, 22, 23, 24, 25, 26, 27, 28, 29, 30, 31, 32, 33, 34, 35, 36, 37, 38, 39, 40, 41, 42, 43, 44, 45, 46, 47, 48, 49, 50, 51, 52, 53, 54, 55, 56, 57, 58, 59, 60, 61, 62, 63, 64, 1 ],
\[ 2, 1, 3, 4, 5, 6, 7, 8, 9, 10, 11, 12, 13, 14, 15, 16, 17, 18, 19, 20, 21, 22, 23, 24, 25, 26, 27, 28, 29, 30, 31, 32, 33, 34, 35, 36, 37, 38, 39, 40, 41, 42, 43, 44, 45, 46, 47, 48, 49, 50, 51, 52, 53, 54, 55, 56, 57, 58, 59, 60, 61, 62, 63, 64 ]:
 Order := 126886932185884164103433389335161480802865516174545192198801894375214704230400000000000000 > |
[ 2, 9, 8, 16, 11, 1, 21, 27, 20, 13, 23, 35, 38, 36, 3, 44, 14, 24, 4, 5, 43, 32, 6, 51, 33, 7, 26, 30, 39, 56, 53, 58, 49, 10, 59, 52, 12, 37, 40, 45, 18, 55, 15, 41, 28, 29, 22, 25, 17, 54, 19, 48, 63, 60, 61, 46, 31, 57, 34, 64, 50, 42, 47, 62 ],
[ 3, 10, 5, 6, 7, 18, 1, 28, 22, 11, 12, 2, 39, 15, 25, 45, 19, 20, 48, 4, 29, 23, 31, 46, 26, 14, 42, 21, 8, 13, 9, 56, 34, 36, 30, 37, 33, 55, 35, 32, 17, 43, 54, 50, 24, 16, 49, 41, 57, 51, 62, 47, 40, 27, 59, 53, 52, 61, 60, 38, 63, 44, 64, 58 ],
[ 4, 7, 14, 17, 18, 22, 25, 1, 12, 33, 3, 36, 2, 41, 42, 20, 47, 48, 50, 31, 5, 52, 10, 6, 19, 54, 29, 16, 24, 8, 49, 9, 15, 55, 11, 26, 60, 30, 21, 13, 62, 51, 28, 46, 53, 32, 61, 57, 37, 58, 45, 34, 23, 44, 27, 35, 64, 40, 39, 43, 38, 63, 56, 59 ]
];
edge1`UpstairsFilename := "64S11-8,4,8-g17-2439482934.m";
edge1`DownstairsTriple := [ PermutationGroup<32 |  
\[ 2, 3, 4, 5, 6, 7, 8, 9, 10, 11, 12, 13, 14, 15, 16, 17, 18, 19, 20, 21, 22, 23, 24, 25, 26, 27, 28, 29, 30, 31, 32, 1 ],
\[ 2, 1, 3, 4, 5, 6, 7, 8, 9, 10, 11, 12, 13, 14, 15, 16, 17, 18, 19, 20, 21, 22, 23, 24, 25, 26, 27, 28, 29, 30, 31, 32 ]:
 Order := 263130836933693530167218012160000000 > |
[ 2, 8, 7, 15, 10, 1, 22, 6, 11, 25, 17, 27, 20, 3, 28, 12, 29, 4, 5, 21, 26, 14, 24, 30, 19, 13, 32, 18, 9, 31, 23, 16 ],
[ 3, 9, 1, 6, 13, 4, 23, 21, 2, 28, 24, 14, 5, 12, 31, 18, 19, 16, 17, 32, 8, 25, 7, 11, 22, 30, 29, 10, 27, 26, 15, 20 ],
[ 4, 3, 12, 16, 17, 21, 1, 9, 27, 13, 2, 18, 30, 25, 6, 20, 24, 10, 22, 5, 32, 23, 15, 7, 28, 8, 14, 31, 19, 11, 26, 29 ]
];
edge1`DownstairsFilename := "32S11-4,2,8-g3-2127903686.m";
Append(~s`Edges, edge1);
edge2 := TwoEdgeInitialize();
edge2`Blocks := {@ PowerSet(IntegerRing()) |
{ IntegerRing() | 1, 5 },
{ IntegerRing() | 2, 11 },
{ IntegerRing() | 3, 16 },
{ IntegerRing() | 4, 21 },
{ IntegerRing() | 6, 24 },
{ IntegerRing() | 7, 25 },
{ IntegerRing() | 8, 26 },
{ IntegerRing() | 9, 38 },
{ IntegerRing() | 10, 42 },
{ IntegerRing() | 12, 44 },
{ IntegerRing() | 13, 45 },
{ IntegerRing() | 14, 52 },
{ IntegerRing() | 15, 51 },
{ IntegerRing() | 17, 40 },
{ IntegerRing() | 18, 53 },
{ IntegerRing() | 19, 43 },
{ IntegerRing() | 20, 50 },
{ IntegerRing() | 22, 46 },
{ IntegerRing() | 23, 59 },
{ IntegerRing() | 27, 49 },
{ IntegerRing() | 28, 54 },
{ IntegerRing() | 29, 61 },
{ IntegerRing() | 30, 48 },
{ IntegerRing() | 31, 57 },
{ IntegerRing() | 32, 62 },
{ IntegerRing() | 33, 63 },
{ IntegerRing() | 34, 39 },
{ IntegerRing() | 35, 64 },
{ IntegerRing() | 36, 58 },
{ IntegerRing() | 37, 60 },
{ IntegerRing() | 41, 56 },
{ IntegerRing() | 47, 55 }
@};
edge2`UpstairsTriple := [ PermutationGroup<64 |  
\[ 2, 3, 4, 5, 6, 7, 8, 9, 10, 11, 12, 13, 14, 15, 16, 17, 18, 19, 20, 21, 22, 23, 24, 25, 26, 27, 28, 29, 30, 31, 32, 33, 34, 35, 36, 37, 38, 39, 40, 41, 42, 43, 44, 45, 46, 47, 48, 49, 50, 51, 52, 53, 54, 55, 56, 57, 58, 59, 60, 61, 62, 63, 64, 1 ],
\[ 2, 1, 3, 4, 5, 6, 7, 8, 9, 10, 11, 12, 13, 14, 15, 16, 17, 18, 19, 20, 21, 22, 23, 24, 25, 26, 27, 28, 29, 30, 31, 32, 33, 34, 35, 36, 37, 38, 39, 40, 41, 42, 43, 44, 45, 46, 47, 48, 49, 50, 51, 52, 53, 54, 55, 56, 57, 58, 59, 60, 61, 62, 63, 64 ]:
 Order := 126886932185884164103433389335161480802865516174545192198801894375214704230400000000000000 > |
[ 2, 9, 8, 19, 11, 1, 31, 34, 23, 13, 38, 46, 49, 18, 47, 26, 3, 29, 42, 15, 43, 4, 14, 5, 57, 39, 30, 40, 6, 44, 54, 41, 7, 33, 37, 50, 62, 59, 63, 16, 58, 45, 10, 22, 27, 21, 64, 12, 48, 51, 55, 53, 61, 17, 35, 36, 28, 20, 52, 32, 24, 56, 25, 60 ],
[ 3, 10, 14, 6, 16, 27, 1, 35, 28, 18, 42, 2, 50, 7, 17, 52, 32, 12, 55, 22, 24, 60, 4, 49, 5, 64, 23, 29, 39, 56, 36, 33, 15, 38, 31, 8, 13, 54, 9, 62, 43, 53, 47, 11, 20, 37, 48, 41, 59, 46, 40, 25, 44, 61, 30, 19, 58, 26, 21, 45, 34, 63, 51, 57 ],
[ 4, 7, 15, 20, 21, 28, 32, 1, 12, 41, 25, 47, 2, 27, 45, 51, 38, 3, 23, 57, 50, 53, 39, 54, 62, 5, 60, 64, 10, 6, 14, 22, 61, 36, 19, 30, 8, 44, 58, 9, 17, 56, 59, 55, 11, 18, 33, 24, 37, 31, 13, 49, 16, 35, 63, 40, 52, 48, 34, 26, 42, 46, 29, 43 ]
];
edge2`UpstairsFilename := "64S11-8,4,8-g17-3305440015.m";
edge2`DownstairsTriple := [ PermutationGroup<32 |  
\[ 2, 3, 4, 5, 6, 7, 8, 9, 10, 11, 12, 13, 14, 15, 16, 17, 18, 19, 20, 21, 22, 23, 24, 25, 26, 27, 28, 29, 30, 31, 32, 1 ],
\[ 2, 1, 3, 4, 5, 6, 7, 8, 9, 10, 11, 12, 13, 14, 15, 16, 17, 18, 19, 20, 21, 22, 23, 24, 25, 26, 27, 28, 29, 30, 31, 32 ]:
 Order := 263130836933693530167218012160000000 > |
[ 11, 23, 8, 24, 2, 5, 14, 22, 6, 13, 9, 21, 4, 27, 31, 7, 10, 1, 15, 17, 20, 16, 18, 12, 32, 3, 26, 30, 19, 25, 28, 29 ],
[ 3, 10, 5, 18, 7, 4, 1, 28, 27, 11, 12, 2, 30, 29, 26, 15, 32, 20, 13, 6, 19, 9, 22, 31, 16, 25, 23, 14, 8, 21, 17, 24 ],
[ 4, 3, 15, 19, 20, 22, 25, 1, 10, 31, 7, 32, 2, 5, 21, 23, 18, 27, 14, 30, 11, 29, 12, 6, 13, 9, 28, 24, 17, 8, 16, 26 ]
];
edge2`DownstairsFilename := "32S8-8,4,8-g9-440941202.m";
Append(~s`Edges, edge2);
edge3 := TwoEdgeInitialize();
edge3`Blocks := {@ PowerSet(IntegerRing()) |
{ IntegerRing() | 1, 5 },
{ IntegerRing() | 2, 11 },
{ IntegerRing() | 3, 16 },
{ IntegerRing() | 4, 21 },
{ IntegerRing() | 6, 24 },
{ IntegerRing() | 7, 25 },
{ IntegerRing() | 8, 26 },
{ IntegerRing() | 9, 38 },
{ IntegerRing() | 10, 42 },
{ IntegerRing() | 12, 44 },
{ IntegerRing() | 13, 22 },
{ IntegerRing() | 14, 50 },
{ IntegerRing() | 15, 52 },
{ IntegerRing() | 17, 53 },
{ IntegerRing() | 18, 54 },
{ IntegerRing() | 19, 47 },
{ IntegerRing() | 20, 37 },
{ IntegerRing() | 23, 60 },
{ IntegerRing() | 27, 62 },
{ IntegerRing() | 28, 34 },
{ IntegerRing() | 29, 55 },
{ IntegerRing() | 30, 43 },
{ IntegerRing() | 31, 63 },
{ IntegerRing() | 32, 49 },
{ IntegerRing() | 33, 40 },
{ IntegerRing() | 35, 59 },
{ IntegerRing() | 36, 64 },
{ IntegerRing() | 39, 56 },
{ IntegerRing() | 41, 57 },
{ IntegerRing() | 45, 51 },
{ IntegerRing() | 46, 58 },
{ IntegerRing() | 48, 61 }
@};
edge3`UpstairsTriple := [ PermutationGroup<64 |  
\[ 2, 3, 4, 5, 6, 7, 8, 9, 10, 11, 12, 13, 14, 15, 16, 17, 18, 19, 20, 21, 22, 23, 24, 25, 26, 27, 28, 29, 30, 31, 32, 33, 34, 35, 36, 37, 38, 39, 40, 41, 42, 43, 44, 45, 46, 47, 48, 49, 50, 51, 52, 53, 54, 55, 56, 57, 58, 59, 60, 61, 62, 63, 64, 1 ],
\[ 2, 1, 3, 4, 5, 6, 7, 8, 9, 10, 11, 12, 13, 14, 15, 16, 17, 18, 19, 20, 21, 22, 23, 24, 25, 26, 27, 28, 29, 30, 31, 32, 33, 34, 35, 36, 37, 38, 39, 40, 41, 42, 43, 44, 45, 46, 47, 48, 49, 50, 51, 52, 53, 54, 55, 56, 57, 58, 59, 60, 61, 62, 63, 64 ]:
 Order := 126886932185884164103433389335161480802865516174545192198801894375214704230400000000000000 > |
[ 2, 9, 8, 19, 11, 1, 31, 34, 23, 13, 38, 45, 21, 18, 46, 26, 3, 29, 44, 15, 47, 4, 14, 5, 63, 28, 30, 40, 6, 42, 56, 41, 7, 33, 37, 48, 52, 60, 53, 25, 59, 22, 10, 51, 62, 64, 12, 49, 57, 54, 27, 58, 16, 55, 24, 17, 35, 36, 20, 50, 32, 43, 39, 61 ],
[ 3, 10, 14, 6, 16, 27, 1, 35, 28, 18, 42, 2, 48, 7, 17, 50, 32, 12, 57, 22, 24, 61, 4, 62, 5, 59, 23, 29, 39, 58, 36, 33, 15, 55, 31, 8, 13, 34, 9, 52, 43, 54, 46, 11, 37, 47, 41, 45, 40, 25, 20, 53, 49, 44, 56, 38, 30, 19, 63, 21, 51, 60, 64, 26 ],
[ 4, 7, 15, 20, 21, 28, 32, 1, 12, 41, 25, 46, 2, 27, 51, 52, 55, 3, 23, 26, 37, 11, 39, 34, 49, 5, 61, 64, 10, 6, 14, 22, 38, 36, 19, 30, 8, 44, 59, 9, 17, 57, 24, 58, 18, 33, 60, 31, 13, 62, 54, 45, 29, 16, 42, 35, 53, 40, 47, 56, 63, 48, 50, 43 ]
];
edge3`UpstairsFilename := "64S11-8,4,8-g17-4187899557.m";
edge3`DownstairsTriple := [ PermutationGroup<32 |  
\[ 2, 3, 4, 5, 6, 7, 8, 9, 10, 11, 12, 13, 14, 15, 16, 17, 18, 19, 20, 21, 22, 23, 24, 25, 26, 27, 28, 29, 30, 31, 32, 1 ],
\[ 2, 1, 3, 4, 5, 6, 7, 8, 9, 10, 11, 12, 13, 14, 15, 16, 17, 18, 19, 20, 21, 22, 23, 24, 25, 26, 27, 28, 29, 30, 31, 32 ]:
 Order := 263130836933693530167218012160000000 > |
[ 11, 22, 8, 23, 2, 5, 14, 28, 6, 13, 9, 29, 20, 21, 30, 7, 12, 1, 15, 17, 25, 18, 10, 31, 3, 19, 32, 16, 4, 27, 26, 24 ],
[ 3, 10, 5, 18, 7, 4, 1, 26, 28, 11, 12, 2, 19, 27, 25, 15, 30, 20, 29, 6, 9, 21, 31, 16, 24, 14, 8, 22, 32, 23, 17, 13 ],
[ 4, 3, 15, 19, 20, 21, 24, 1, 10, 30, 7, 31, 2, 5, 13, 9, 18, 28, 8, 32, 26, 12, 6, 29, 22, 23, 17, 27, 11, 16, 25, 14 ]
];
edge3`DownstairsFilename := "32S11-8,4,4-g7-1129720359.m";
Append(~s`Edges, edge3);

/*
Return for eval
*/

return s;
