s := TwoDBInitialize();

/*
Magma printing
*/

s`Name := "64S15-8,8,8-g21-3032221455";
s`Filename := "64S15-8,8,8-g21-3032221455.m";
s`Degree := 64;
s`Orders := \[ 8, 8, 8 ];
s`Geometry := "Hyperbolic";
s`Genus := 21;
s`Level := 6;
s`PermutationTriple := [ PermutationGroup<64 |  
\[ 2, 3, 4, 5, 6, 7, 8, 9, 10, 11, 12, 13, 14, 15, 16, 17, 18, 19, 20, 21, 22, 23, 24, 25, 26, 27, 28, 29, 30, 31, 32, 33, 34, 35, 36, 37, 38, 39, 40, 41, 42, 43, 44, 45, 46, 47, 48, 49, 50, 51, 52, 53, 54, 55, 56, 57, 58, 59, 60, 61, 62, 63, 64, 1 ],
\[ 2, 1, 3, 4, 5, 6, 7, 8, 9, 10, 11, 12, 13, 14, 15, 16, 17, 18, 19, 20, 21, 22, 23, 24, 25, 26, 27, 28, 29, 30, 31, 32, 33, 34, 35, 36, 37, 38, 39, 40, 41, 42, 43, 44, 45, 46, 47, 48, 49, 50, 51, 52, 53, 54, 55, 56, 57, 58, 59, 60, 61, 62, 63, 64 ]:
 Order := 126886932185884164103433389335161480802865516174545192198801894375214704230400000000000000 > |
[ 12, 29, 8, 59, 2, 5, 45, 53, 6, 14, 31, 9, 25, 27, 35, 20, 58, 15, 18, 48, 39, 1, 32, 21, 24, 34, 30, 46, 22, 43, 28, 44, 11, 52, 40, 38, 64, 49, 47, 3, 50, 37, 41, 62, 60, 7, 4, 55, 63, 61, 56, 57, 19, 51, 23, 42, 36, 54, 13, 33, 10, 16, 26, 17 ],
[ 3, 10, 16, 22, 18, 27, 1, 36, 35, 32, 5, 43, 2, 34, 26, 25, 40, 23, 52, 33, 58, 50, 47, 6, 51, 4, 55, 9, 53, 63, 54, 46, 56, 7, 48, 24, 8, 11, 12, 49, 38, 61, 20, 21, 37, 17, 64, 59, 13, 62, 14, 39, 44, 15, 45, 19, 28, 30, 42, 29, 57, 31, 60, 41 ],
[ 4, 11, 17, 23, 24, 28, 32, 1, 39, 42, 20, 7, 48, 2, 5, 50, 47, 56, 29, 3, 36, 60, 27, 16, 49, 30, 51, 62, 13, 6, 38, 18, 63, 15, 54, 61, 59, 8, 44, 9, 12, 33, 58, 10, 34, 57, 52, 43, 41, 64, 31, 14, 37, 21, 35, 25, 19, 46, 26, 55, 22, 53, 40, 45 ]
];
s`MonodromyGroup := PermutationGroup<64 |  
\[ 12, 29, 8, 59, 2, 5, 45, 53, 6, 14, 31, 9, 25, 27, 35, 20, 58, 15, 18, 48, 39, 1, 32, 21, 24, 34, 30, 46, 22, 43, 28, 44, 11, 52, 40, 38, 64, 49, 47, 3, 50, 37, 41, 62, 60, 7, 4, 55, 63, 61, 56, 57, 19, 51, 23, 42, 36, 54, 13, 33, 10, 16, 26, 17 ],
\[ 3, 10, 16, 22, 18, 27, 1, 36, 35, 32, 5, 43, 2, 34, 26, 25, 40, 23, 52, 33, 58, 50, 47, 6, 51, 4, 55, 9, 53, 63, 54, 46, 56, 7, 48, 24, 8, 11, 12, 49, 38, 61, 20, 21, 37, 17, 64, 59, 13, 62, 14, 39, 44, 15, 45, 19, 28, 30, 42, 29, 57, 31, 60, 41 ],
\[ 4, 11, 17, 23, 24, 28, 32, 1, 39, 42, 20, 7, 48, 2, 5, 50, 47, 56, 29, 3, 36, 60, 27, 16, 49, 30, 51, 62, 13, 6, 38, 18, 63, 15, 54, 61, 59, 8, 44, 9, 12, 33, 58, 10, 34, 57, 52, 43, 41, 64, 31, 14, 37, 21, 35, 25, 19, 46, 26, 55, 22, 53, 40, 45 ] >;

/*
Edge printing
*/

s`Edges := [];
edge1 := TwoEdgeInitialize();
edge1`Blocks := {@ PowerSet(IntegerRing()) |
{ IntegerRing() | 1, 5 },
{ IntegerRing() | 2, 12 },
{ IntegerRing() | 3, 18 },
{ IntegerRing() | 4, 24 },
{ IntegerRing() | 6, 22 },
{ IntegerRing() | 7, 11 },
{ IntegerRing() | 8, 15 },
{ IntegerRing() | 9, 29 },
{ IntegerRing() | 10, 43 },
{ IntegerRing() | 13, 39 },
{ IntegerRing() | 14, 41 },
{ IntegerRing() | 16, 23 },
{ IntegerRing() | 17, 56 },
{ IntegerRing() | 19, 40 },
{ IntegerRing() | 20, 32 },
{ IntegerRing() | 21, 59 },
{ IntegerRing() | 25, 47 },
{ IntegerRing() | 26, 36 },
{ IntegerRing() | 27, 50 },
{ IntegerRing() | 28, 60 },
{ IntegerRing() | 30, 61 },
{ IntegerRing() | 31, 45 },
{ IntegerRing() | 33, 46 },
{ IntegerRing() | 34, 38 },
{ IntegerRing() | 35, 53 },
{ IntegerRing() | 37, 54 },
{ IntegerRing() | 42, 58 },
{ IntegerRing() | 44, 48 },
{ IntegerRing() | 49, 52 },
{ IntegerRing() | 51, 64 },
{ IntegerRing() | 55, 62 },
{ IntegerRing() | 57, 63 }
@};
edge1`UpstairsTriple := [ PermutationGroup<64 |  
\[ 2, 3, 4, 5, 6, 7, 8, 9, 10, 11, 12, 13, 14, 15, 16, 17, 18, 19, 20, 21, 22, 23, 24, 25, 26, 27, 28, 29, 30, 31, 32, 33, 34, 35, 36, 37, 38, 39, 40, 41, 42, 43, 44, 45, 46, 47, 48, 49, 50, 51, 52, 53, 54, 55, 56, 57, 58, 59, 60, 61, 62, 63, 64, 1 ],
\[ 2, 1, 3, 4, 5, 6, 7, 8, 9, 10, 11, 12, 13, 14, 15, 16, 17, 18, 19, 20, 21, 22, 23, 24, 25, 26, 27, 28, 29, 30, 31, 32, 33, 34, 35, 36, 37, 38, 39, 40, 41, 42, 43, 44, 45, 46, 47, 48, 49, 50, 51, 52, 53, 54, 55, 56, 57, 58, 59, 60, 61, 62, 63, 64 ]:
 Order := 126886932185884164103433389335161480802865516174545192198801894375214704230400000000000000 > |
[ 12, 29, 8, 59, 2, 5, 45, 53, 6, 14, 31, 9, 25, 27, 35, 20, 58, 15, 18, 48, 39, 1, 32, 21, 24, 34, 30, 46, 22, 43, 28, 44, 11, 52, 40, 38, 64, 49, 47, 3, 50, 37, 41, 62, 60, 7, 4, 55, 63, 61, 56, 57, 19, 51, 23, 42, 36, 54, 13, 33, 10, 16, 26, 17 ],
[ 3, 10, 16, 22, 18, 27, 1, 36, 35, 32, 5, 43, 2, 34, 26, 25, 40, 23, 52, 33, 58, 50, 47, 6, 51, 4, 55, 9, 53, 63, 54, 46, 56, 7, 48, 24, 8, 11, 12, 49, 38, 61, 20, 21, 37, 17, 64, 59, 13, 62, 14, 39, 44, 15, 45, 19, 28, 30, 42, 29, 57, 31, 60, 41 ],
[ 4, 11, 17, 23, 24, 28, 32, 1, 39, 42, 20, 7, 48, 2, 5, 50, 47, 56, 29, 3, 36, 60, 27, 16, 49, 30, 51, 62, 13, 6, 38, 18, 63, 15, 54, 61, 59, 8, 44, 9, 12, 33, 58, 10, 34, 57, 52, 43, 41, 64, 31, 14, 37, 21, 35, 25, 19, 46, 26, 55, 22, 53, 40, 45 ]
];
edge1`UpstairsFilename := "64S15-8,8,8-g21-3032221455.m";
edge1`DownstairsTriple := [ PermutationGroup<32 |  
\[ 2, 3, 4, 5, 6, 7, 8, 9, 10, 11, 12, 13, 14, 15, 16, 17, 18, 19, 20, 21, 22, 23, 24, 25, 26, 27, 28, 29, 30, 31, 32, 1 ],
\[ 2, 1, 3, 4, 5, 6, 7, 8, 9, 10, 11, 12, 13, 14, 15, 16, 17, 18, 19, 20, 21, 22, 23, 24, 25, 26, 27, 28, 29, 30, 31, 32 ]:
 Order := 263130836933693530167218012160000000 > |
[ 11, 28, 8, 10, 2, 5, 12, 13, 19, 25, 9, 21, 23, 27, 18, 14, 16, 29, 1, 7, 20, 26, 3, 4, 24, 32, 17, 6, 30, 15, 22, 31 ],
[ 3, 8, 15, 19, 16, 23, 1, 22, 13, 5, 14, 2, 29, 18, 24, 31, 30, 20, 17, 6, 9, 4, 32, 28, 11, 7, 26, 27, 10, 12, 21, 25 ],
[ 4, 10, 6, 15, 20, 24, 18, 1, 25, 22, 7, 26, 2, 5, 17, 19, 28, 3, 21, 31, 30, 16, 9, 32, 29, 8, 11, 12, 14, 13, 23, 27 ]
];
edge1`DownstairsFilename := "32S12-4,8,8-g9-2511007746.m";
Append(~s`Edges, edge1);
edge2 := TwoEdgeInitialize();
edge2`Blocks := {@ PowerSet(IntegerRing()) |
{ IntegerRing() | 1, 5 },
{ IntegerRing() | 2, 12 },
{ IntegerRing() | 3, 16 },
{ IntegerRing() | 4, 22 },
{ IntegerRing() | 6, 20 },
{ IntegerRing() | 7, 11 },
{ IntegerRing() | 8, 14 },
{ IntegerRing() | 9, 35 },
{ IntegerRing() | 10, 17 },
{ IntegerRing() | 13, 28 },
{ IntegerRing() | 15, 32 },
{ IntegerRing() | 18, 37 },
{ IntegerRing() | 19, 24 },
{ IntegerRing() | 21, 29 },
{ IntegerRing() | 23, 50 },
{ IntegerRing() | 25, 51 },
{ IntegerRing() | 26, 30 },
{ IntegerRing() | 27, 40 },
{ IntegerRing() | 31, 43 },
{ IntegerRing() | 33, 62 },
{ IntegerRing() | 34, 38 },
{ IntegerRing() | 36, 42 },
{ IntegerRing() | 39, 46 },
{ IntegerRing() | 41, 58 },
{ IntegerRing() | 44, 48 },
{ IntegerRing() | 45, 60 },
{ IntegerRing() | 47, 49 },
{ IntegerRing() | 52, 54 },
{ IntegerRing() | 53, 59 },
{ IntegerRing() | 55, 64 },
{ IntegerRing() | 56, 57 },
{ IntegerRing() | 61, 63 }
@};
edge2`UpstairsTriple := [ PermutationGroup<64 |  
\[ 2, 3, 4, 5, 6, 7, 8, 9, 10, 11, 12, 13, 14, 15, 16, 17, 18, 19, 20, 21, 22, 23, 24, 25, 26, 27, 28, 29, 30, 31, 32, 33, 34, 35, 36, 37, 38, 39, 40, 41, 42, 43, 44, 45, 46, 47, 48, 49, 50, 51, 52, 53, 54, 55, 56, 57, 58, 59, 60, 61, 62, 63, 64, 1 ],
\[ 2, 1, 3, 4, 5, 6, 7, 8, 9, 10, 11, 12, 13, 14, 15, 16, 17, 18, 19, 20, 21, 22, 23, 24, 25, 26, 27, 28, 29, 30, 31, 32, 33, 34, 35, 36, 37, 38, 39, 40, 41, 42, 43, 44, 45, 46, 47, 48, 49, 50, 51, 52, 53, 54, 55, 56, 57, 58, 59, 60, 61, 62, 63, 64 ]:
 Order := 126886932185884164103433389335161480802865516174545192198801894375214704230400000000000000 > |
[ 12, 35, 8, 24, 2, 5, 22, 26, 62, 3, 4, 9, 7, 30, 18, 14, 16, 46, 47, 1, 27, 19, 29, 49, 20, 56, 58, 11, 40, 57, 32, 37, 63, 10, 33, 13, 39, 17, 23, 41, 31, 28, 15, 45, 42, 50, 48, 60, 44, 21, 6, 38, 54, 34, 51, 53, 59, 43, 52, 36, 64, 61, 55, 25 ],
[ 3, 10, 15, 20, 16, 8, 1, 31, 34, 37, 5, 17, 2, 43, 44, 32, 18, 47, 25, 14, 11, 6, 4, 51, 26, 58, 13, 12, 7, 41, 45, 48, 54, 46, 38, 9, 49, 39, 19, 28, 36, 35, 60, 63, 62, 24, 55, 61, 64, 22, 30, 50, 21, 23, 56, 40, 27, 42, 29, 33, 53, 52, 59, 57 ],
[ 4, 11, 2, 21, 22, 24, 27, 1, 28, 9, 40, 7, 41, 5, 14, 12, 35, 3, 50, 19, 52, 29, 38, 23, 49, 6, 53, 58, 54, 20, 30, 8, 42, 33, 13, 43, 16, 62, 10, 59, 56, 31, 26, 37, 15, 17, 39, 18, 46, 34, 47, 63, 55, 61, 44, 25, 51, 57, 64, 32, 45, 36, 60, 48 ]
];
edge2`UpstairsFilename := "64S15-8,8,8-g21-628322286.m";
edge2`DownstairsTriple := [ PermutationGroup<32 |  
\[ 2, 3, 4, 5, 6, 7, 8, 9, 10, 11, 12, 13, 14, 15, 16, 17, 18, 19, 20, 21, 22, 23, 24, 25, 26, 27, 28, 29, 30, 31, 32, 1 ],
\[ 2, 1, 3, 4, 5, 6, 7, 8, 9, 10, 11, 12, 13, 14, 15, 16, 17, 18, 19, 20, 21, 22, 23, 24, 25, 26, 27, 28, 29, 30, 31, 32 ]:
 Order := 263130836933693530167218012160000000 > |
[ 2, 9, 8, 16, 11, 1, 4, 24, 20, 3, 23, 7, 15, 22, 30, 31, 25, 28, 17, 5, 18, 27, 6, 29, 32, 13, 10, 12, 14, 19, 21, 26 ],
[ 3, 10, 13, 6, 14, 8, 1, 26, 27, 15, 29, 2, 21, 17, 31, 23, 7, 20, 4, 22, 5, 19, 24, 32, 12, 18, 30, 9, 25, 16, 11, 28 ],
[ 4, 7, 2, 17, 18, 16, 25, 1, 12, 9, 21, 32, 8, 11, 3, 19, 22, 13, 27, 28, 15, 5, 31, 6, 14, 24, 20, 26, 23, 10, 30, 29 ]
];
edge2`DownstairsFilename := "32S15-8,8,8-g11-3264397410.m";
Append(~s`Edges, edge2);
edge3 := TwoEdgeInitialize();
edge3`Blocks := {@ PowerSet(IntegerRing()) |
{ IntegerRing() | 1, 5 },
{ IntegerRing() | 2, 12 },
{ IntegerRing() | 3, 18 },
{ IntegerRing() | 4, 24 },
{ IntegerRing() | 6, 22 },
{ IntegerRing() | 7, 11 },
{ IntegerRing() | 8, 15 },
{ IntegerRing() | 9, 40 },
{ IntegerRing() | 10, 44 },
{ IntegerRing() | 13, 39 },
{ IntegerRing() | 14, 42 },
{ IntegerRing() | 16, 34 },
{ IntegerRing() | 17, 56 },
{ IntegerRing() | 19, 41 },
{ IntegerRing() | 20, 43 },
{ IntegerRing() | 21, 59 },
{ IntegerRing() | 23, 38 },
{ IntegerRing() | 25, 49 },
{ IntegerRing() | 26, 58 },
{ IntegerRing() | 27, 51 },
{ IntegerRing() | 28, 60 },
{ IntegerRing() | 29, 61 },
{ IntegerRing() | 30, 62 },
{ IntegerRing() | 31, 46 },
{ IntegerRing() | 32, 47 },
{ IntegerRing() | 33, 48 },
{ IntegerRing() | 35, 53 },
{ IntegerRing() | 36, 54 },
{ IntegerRing() | 37, 55 },
{ IntegerRing() | 45, 63 },
{ IntegerRing() | 50, 57 },
{ IntegerRing() | 52, 64 }
@};
edge3`UpstairsTriple := [ PermutationGroup<64 |  
\[ 2, 3, 4, 5, 6, 7, 8, 9, 10, 11, 12, 13, 14, 15, 16, 17, 18, 19, 20, 21, 22, 23, 24, 25, 26, 27, 28, 29, 30, 31, 32, 33, 34, 35, 36, 37, 38, 39, 40, 41, 42, 43, 44, 45, 46, 47, 48, 49, 50, 51, 52, 53, 54, 55, 56, 57, 58, 59, 60, 61, 62, 63, 64, 1 ],
\[ 2, 1, 3, 4, 5, 6, 7, 8, 9, 10, 11, 12, 13, 14, 15, 16, 17, 18, 19, 20, 21, 22, 23, 24, 25, 26, 27, 28, 29, 30, 31, 32, 33, 34, 35, 36, 37, 38, 39, 40, 41, 42, 43, 44, 45, 46, 47, 48, 49, 50, 51, 52, 53, 54, 55, 56, 57, 58, 59, 60, 61, 62, 63, 64 ]:
 Order := 126886932185884164103433389335161480802865516174545192198801894375214704230400000000000000 > |
[ 12, 40, 8, 59, 2, 5, 46, 53, 55, 14, 31, 9, 25, 27, 35, 20, 61, 15, 18, 63, 48, 1, 32, 21, 24, 34, 30, 39, 22, 41, 28, 57, 11, 43, 44, 38, 64, 47, 49, 37, 3, 51, 45, 42, 36, 60, 50, 7, 4, 26, 62, 56, 10, 23, 52, 29, 58, 16, 33, 13, 6, 19, 54, 17 ],
[ 3, 10, 16, 22, 18, 27, 1, 36, 30, 43, 5, 44, 2, 23, 54, 11, 41, 34, 32, 13, 9, 51, 49, 6, 52, 4, 26, 61, 53, 63, 55, 48, 56, 7, 50, 31, 8, 25, 12, 62, 47, 38, 39, 20, 21, 37, 33, 17, 64, 60, 58, 14, 57, 46, 15, 19, 28, 24, 40, 29, 35, 45, 59, 42 ],
[ 4, 11, 17, 23, 24, 28, 32, 1, 39, 29, 47, 7, 50, 2, 5, 51, 49, 56, 40, 3, 58, 60, 15, 38, 20, 35, 52, 36, 33, 6, 16, 14, 63, 27, 55, 62, 59, 8, 57, 13, 9, 12, 18, 61, 10, 34, 42, 45, 43, 41, 64, 31, 37, 30, 21, 25, 19, 53, 26, 54, 48, 22, 44, 46 ]
];
edge3`UpstairsFilename := "64S15-8,8,8-g21-2061611985.m";
edge3`DownstairsTriple := [ PermutationGroup<32 |  
\[ 2, 3, 4, 5, 6, 7, 8, 9, 10, 11, 12, 13, 14, 15, 16, 17, 18, 19, 20, 21, 22, 23, 24, 25, 26, 27, 28, 29, 30, 31, 32, 1 ],
\[ 2, 1, 3, 4, 5, 6, 7, 8, 9, 10, 11, 12, 13, 14, 15, 16, 17, 18, 19, 20, 21, 22, 23, 24, 25, 26, 27, 28, 29, 30, 31, 32 ]:
 Order := 263130836933693530167218012160000000 > |
[ 11, 30, 8, 24, 2, 5, 14, 22, 29, 13, 9, 21, 4, 27, 23, 7, 26, 1, 25, 17, 20, 12, 18, 16, 31, 3, 10, 19, 32, 28, 6, 15 ],
[ 3, 10, 5, 18, 7, 4, 1, 28, 17, 11, 12, 2, 32, 29, 26, 15, 30, 20, 13, 6, 19, 31, 22, 9, 16, 25, 23, 14, 8, 24, 27, 21 ],
[ 4, 3, 15, 19, 20, 22, 25, 1, 10, 31, 7, 23, 2, 5, 13, 30, 18, 27, 8, 32, 11, 29, 16, 6, 21, 9, 28, 17, 24, 12, 26, 14 ]
];
edge3`DownstairsFilename := "32S13-8,4,4-g7-3726016880.m";
Append(~s`Edges, edge3);

/*
Return for eval
*/

return s;
