s := TwoDBInitialize();

/*
Magma printing
*/

s`Name := "64S15-8,8,8-g21-420478979";
s`Filename := "64S15-8,8,8-g21-420478979.m";
s`Degree := 64;
s`Orders := \[ 8, 8, 8 ];
s`Geometry := "Hyperbolic";
s`Genus := 21;
s`Level := 6;
s`PermutationTriple := [ PermutationGroup<64 |  
\[ 2, 3, 4, 5, 6, 7, 8, 9, 10, 11, 12, 13, 14, 15, 16, 17, 18, 19, 20, 21, 22, 23, 24, 25, 26, 27, 28, 29, 30, 31, 32, 33, 34, 35, 36, 37, 38, 39, 40, 41, 42, 43, 44, 45, 46, 47, 48, 49, 50, 51, 52, 53, 54, 55, 56, 57, 58, 59, 60, 61, 62, 63, 64, 1 ],
\[ 2, 1, 3, 4, 5, 6, 7, 8, 9, 10, 11, 12, 13, 14, 15, 16, 17, 18, 19, 20, 21, 22, 23, 24, 25, 26, 27, 28, 29, 30, 31, 32, 33, 34, 35, 36, 37, 38, 39, 40, 41, 42, 43, 44, 45, 46, 47, 48, 49, 50, 51, 52, 53, 54, 55, 56, 57, 58, 59, 60, 61, 62, 63, 64 ]:
 Order := 126886932185884164103433389335161480802865516174545192198801894375214704230400000000000000 > |
[ 12, 16, 8, 50, 2, 5, 19, 39, 42, 14, 31, 9, 45, 58, 35, 20, 43, 15, 18, 64, 13, 1, 47, 21, 24, 34, 30, 33, 22, 10, 3, 49, 11, 6, 55, 38, 52, 32, 40, 28, 51, 46, 37, 41, 44, 60, 62, 7, 57, 27, 25, 53, 23, 63, 61, 54, 56, 59, 4, 29, 48, 17, 36, 26 ],
[ 3, 10, 16, 22, 18, 27, 1, 36, 39, 42, 5, 44, 2, 38, 53, 35, 31, 9, 37, 58, 43, 13, 59, 6, 62, 4, 12, 34, 11, 63, 54, 48, 57, 7, 46, 55, 8, 25, 64, 32, 23, 51, 30, 20, 52, 28, 33, 17, 21, 56, 26, 14, 40, 15, 47, 45, 19, 60, 49, 24, 29, 50, 41, 61 ],
[ 4, 11, 17, 23, 24, 28, 32, 1, 27, 43, 47, 7, 49, 2, 5, 13, 25, 57, 34, 3, 60, 61, 15, 38, 42, 39, 62, 53, 58, 6, 29, 14, 46, 51, 54, 30, 21, 8, 37, 9, 12, 18, 48, 56, 22, 10, 41, 64, 40, 26, 63, 19, 45, 50, 16, 33, 59, 52, 20, 35, 36, 55, 31, 44 ]
];
s`MonodromyGroup := PermutationGroup<64 |  
\[ 12, 16, 8, 50, 2, 5, 19, 39, 42, 14, 31, 9, 45, 58, 35, 20, 43, 15, 18, 64, 13, 1, 47, 21, 24, 34, 30, 33, 22, 10, 3, 49, 11, 6, 55, 38, 52, 32, 40, 28, 51, 46, 37, 41, 44, 60, 62, 7, 57, 27, 25, 53, 23, 63, 61, 54, 56, 59, 4, 29, 48, 17, 36, 26 ],
\[ 3, 10, 16, 22, 18, 27, 1, 36, 39, 42, 5, 44, 2, 38, 53, 35, 31, 9, 37, 58, 43, 13, 59, 6, 62, 4, 12, 34, 11, 63, 54, 48, 57, 7, 46, 55, 8, 25, 64, 32, 23, 51, 30, 20, 52, 28, 33, 17, 21, 56, 26, 14, 40, 15, 47, 45, 19, 60, 49, 24, 29, 50, 41, 61 ],
\[ 4, 11, 17, 23, 24, 28, 32, 1, 27, 43, 47, 7, 49, 2, 5, 13, 25, 57, 34, 3, 60, 61, 15, 38, 42, 39, 62, 53, 58, 6, 29, 14, 46, 51, 54, 30, 21, 8, 37, 9, 12, 18, 48, 56, 22, 10, 41, 64, 40, 26, 63, 19, 45, 50, 16, 33, 59, 52, 20, 35, 36, 55, 31, 44 ] >;

/*
Edge printing
*/

s`Edges := [];
edge1 := TwoEdgeInitialize();
edge1`Blocks := {@ PowerSet(IntegerRing()) |
{ IntegerRing() | 1, 5 },
{ IntegerRing() | 2, 12 },
{ IntegerRing() | 3, 18 },
{ IntegerRing() | 4, 24 },
{ IntegerRing() | 6, 22 },
{ IntegerRing() | 7, 11 },
{ IntegerRing() | 8, 15 },
{ IntegerRing() | 9, 16 },
{ IntegerRing() | 10, 44 },
{ IntegerRing() | 13, 27 },
{ IntegerRing() | 14, 41 },
{ IntegerRing() | 17, 57 },
{ IntegerRing() | 19, 31 },
{ IntegerRing() | 20, 42 },
{ IntegerRing() | 21, 50 },
{ IntegerRing() | 23, 38 },
{ IntegerRing() | 25, 59 },
{ IntegerRing() | 26, 60 },
{ IntegerRing() | 28, 61 },
{ IntegerRing() | 29, 34 },
{ IntegerRing() | 30, 45 },
{ IntegerRing() | 32, 47 },
{ IntegerRing() | 33, 48 },
{ IntegerRing() | 35, 39 },
{ IntegerRing() | 36, 53 },
{ IntegerRing() | 37, 54 },
{ IntegerRing() | 40, 55 },
{ IntegerRing() | 43, 56 },
{ IntegerRing() | 46, 64 },
{ IntegerRing() | 49, 62 },
{ IntegerRing() | 51, 58 },
{ IntegerRing() | 52, 63 }
@};
edge1`UpstairsTriple := [ PermutationGroup<64 |  
\[ 2, 3, 4, 5, 6, 7, 8, 9, 10, 11, 12, 13, 14, 15, 16, 17, 18, 19, 20, 21, 22, 23, 24, 25, 26, 27, 28, 29, 30, 31, 32, 33, 34, 35, 36, 37, 38, 39, 40, 41, 42, 43, 44, 45, 46, 47, 48, 49, 50, 51, 52, 53, 54, 55, 56, 57, 58, 59, 60, 61, 62, 63, 64, 1 ],
\[ 2, 1, 3, 4, 5, 6, 7, 8, 9, 10, 11, 12, 13, 14, 15, 16, 17, 18, 19, 20, 21, 22, 23, 24, 25, 26, 27, 28, 29, 30, 31, 32, 33, 34, 35, 36, 37, 38, 39, 40, 41, 42, 43, 44, 45, 46, 47, 48, 49, 50, 51, 52, 53, 54, 55, 56, 57, 58, 59, 60, 61, 62, 63, 64 ]:
 Order := 126886932185884164103433389335161480802865516174545192198801894375214704230400000000000000 > |
[ 12, 16, 8, 50, 2, 5, 19, 39, 42, 14, 31, 9, 45, 58, 35, 20, 43, 15, 18, 64, 13, 1, 47, 21, 24, 34, 30, 33, 22, 10, 3, 49, 11, 6, 55, 38, 52, 32, 40, 28, 51, 46, 37, 41, 44, 60, 62, 7, 57, 27, 25, 53, 23, 63, 61, 54, 56, 59, 4, 29, 48, 17, 36, 26 ],
[ 3, 10, 16, 22, 18, 27, 1, 36, 39, 42, 5, 44, 2, 38, 53, 35, 31, 9, 37, 58, 43, 13, 59, 6, 62, 4, 12, 34, 11, 63, 54, 48, 57, 7, 46, 55, 8, 25, 64, 32, 23, 51, 30, 20, 52, 28, 33, 17, 21, 56, 26, 14, 40, 15, 47, 45, 19, 60, 49, 24, 29, 50, 41, 61 ],
[ 4, 11, 17, 23, 24, 28, 32, 1, 27, 43, 47, 7, 49, 2, 5, 13, 25, 57, 34, 3, 60, 61, 15, 38, 42, 39, 62, 53, 58, 6, 29, 14, 46, 51, 54, 30, 21, 8, 37, 9, 12, 18, 48, 56, 22, 10, 41, 64, 40, 26, 63, 19, 45, 50, 16, 33, 59, 52, 20, 35, 36, 55, 31, 44 ]
];
edge1`UpstairsFilename := "64S15-8,8,8-g21-420478979.m";
edge1`DownstairsTriple := [ PermutationGroup<32 |  
\[ 2, 3, 4, 5, 6, 7, 8, 9, 10, 11, 12, 13, 14, 15, 16, 17, 18, 19, 20, 21, 22, 23, 24, 25, 26, 27, 28, 29, 30, 31, 32, 1 ],
\[ 2, 1, 3, 4, 5, 6, 7, 8, 9, 10, 11, 12, 13, 14, 15, 16, 17, 18, 19, 20, 21, 22, 23, 24, 25, 26, 27, 28, 29, 30, 31, 32 ]:
 Order := 263130836933693530167218012160000000 > |
[ 11, 28, 8, 10, 2, 5, 12, 13, 17, 16, 9, 3, 29, 26, 14, 15, 32, 1, 25, 7, 20, 24, 4, 18, 30, 31, 19, 27, 21, 6, 23, 22 ],
[ 3, 8, 9, 18, 15, 12, 1, 27, 13, 5, 14, 2, 32, 17, 28, 11, 31, 16, 23, 6, 24, 4, 30, 7, 20, 19, 29, 26, 25, 10, 22, 21 ],
[ 4, 10, 6, 19, 20, 23, 25, 1, 16, 22, 7, 24, 2, 5, 18, 30, 3, 21, 8, 32, 27, 13, 17, 31, 26, 11, 15, 12, 9, 29, 28, 14 ]
];
edge1`DownstairsFilename := "32S12-8,8,4-g9-3706648111.m";
Append(~s`Edges, edge1);
edge2 := TwoEdgeInitialize();
edge2`Blocks := {@ PowerSet(IntegerRing()) |
{ IntegerRing() | 1, 5 },
{ IntegerRing() | 2, 11 },
{ IntegerRing() | 3, 16 },
{ IntegerRing() | 4, 10 },
{ IntegerRing() | 6, 18 },
{ IntegerRing() | 7, 22 },
{ IntegerRing() | 8, 23 },
{ IntegerRing() | 9, 29 },
{ IntegerRing() | 12, 37 },
{ IntegerRing() | 13, 19 },
{ IntegerRing() | 14, 25 },
{ IntegerRing() | 15, 30 },
{ IntegerRing() | 17, 45 },
{ IntegerRing() | 20, 36 },
{ IntegerRing() | 21, 26 },
{ IntegerRing() | 24, 50 },
{ IntegerRing() | 27, 35 },
{ IntegerRing() | 28, 31 },
{ IntegerRing() | 32, 46 },
{ IntegerRing() | 33, 40 },
{ IntegerRing() | 34, 59 },
{ IntegerRing() | 38, 47 },
{ IntegerRing() | 39, 41 },
{ IntegerRing() | 42, 48 },
{ IntegerRing() | 43, 49 },
{ IntegerRing() | 44, 56 },
{ IntegerRing() | 51, 64 },
{ IntegerRing() | 52, 54 },
{ IntegerRing() | 53, 57 },
{ IntegerRing() | 55, 58 },
{ IntegerRing() | 60, 62 },
{ IntegerRing() | 61, 63 }
@};
edge2`UpstairsTriple := [ PermutationGroup<64 |  
\[ 2, 3, 4, 5, 6, 7, 8, 9, 10, 11, 12, 13, 14, 15, 16, 17, 18, 19, 20, 21, 22, 23, 24, 25, 26, 27, 28, 29, 30, 31, 32, 33, 34, 35, 36, 37, 38, 39, 40, 41, 42, 43, 44, 45, 46, 47, 48, 49, 50, 51, 52, 53, 54, 55, 56, 57, 58, 59, 60, 61, 62, 63, 64, 1 ],
\[ 2, 1, 3, 4, 5, 6, 7, 8, 9, 10, 11, 12, 13, 14, 15, 16, 17, 18, 19, 20, 21, 22, 23, 24, 25, 26, 27, 28, 29, 30, 31, 32, 33, 34, 35, 36, 37, 38, 39, 40, 41, 42, 43, 44, 45, 46, 47, 48, 49, 50, 51, 52, 53, 54, 55, 56, 57, 58, 59, 60, 61, 62, 63, 64 ]:
 Order := 126886932185884164103433389335161480802865516174545192198801894375214704230400000000000000 > |
[ 2, 9, 8, 19, 11, 1, 27, 22, 33, 13, 29, 38, 37, 18, 46, 23, 3, 5, 12, 42, 4, 35, 7, 26, 6, 10, 34, 53, 40, 32, 57, 28, 61, 51, 59, 48, 47, 62, 15, 63, 30, 39, 45, 14, 16, 31, 60, 41, 17, 21, 43, 20, 54, 36, 24, 25, 52, 50, 64, 55, 56, 58, 44, 49 ],
[ 3, 10, 14, 6, 16, 24, 1, 30, 22, 18, 4, 2, 20, 43, 17, 25, 48, 50, 36, 21, 53, 5, 15, 44, 49, 57, 31, 23, 7, 45, 8, 47, 37, 9, 28, 26, 11, 41, 19, 12, 13, 64, 61, 62, 42, 38, 39, 51, 63, 56, 52, 35, 55, 27, 46, 60, 58, 32, 29, 40, 59, 33, 34, 54 ],
[ 4, 7, 15, 20, 10, 16, 28, 1, 12, 36, 22, 39, 2, 24, 47, 30, 25, 3, 11, 51, 18, 31, 5, 53, 50, 6, 29, 58, 37, 38, 55, 8, 34, 54, 9, 64, 41, 40, 45, 59, 17, 13, 48, 49, 14, 23, 33, 19, 42, 57, 63, 26, 35, 21, 56, 43, 27, 44, 52, 32, 62, 46, 60, 61 ]
];
edge2`UpstairsFilename := "64S15-8,8,8-g21-1071391844.m";
edge2`DownstairsTriple := [ PermutationGroup<32 |  
\[ 2, 3, 4, 5, 6, 7, 8, 9, 10, 11, 12, 13, 14, 15, 16, 17, 18, 19, 20, 21, 22, 23, 24, 25, 26, 27, 28, 29, 30, 31, 32, 1 ],
\[ 2, 1, 3, 4, 5, 6, 7, 8, 9, 10, 11, 12, 13, 14, 15, 16, 17, 18, 19, 20, 21, 22, 23, 24, 25, 26, 27, 28, 29, 30, 31, 32 ]:
 Order := 263130836933693530167218012160000000 > |
[ 2, 9, 8, 12, 10, 1, 24, 7, 20, 13, 28, 11, 6, 26, 22, 3, 30, 27, 4, 5, 16, 21, 19, 15, 32, 25, 23, 18, 14, 29, 17, 31 ],
[ 3, 4, 13, 6, 15, 23, 1, 14, 7, 18, 2, 17, 21, 16, 9, 30, 19, 20, 32, 11, 5, 31, 10, 25, 8, 28, 26, 29, 12, 22, 24, 27 ],
[ 4, 7, 14, 17, 18, 3, 25, 1, 11, 21, 29, 2, 23, 28, 31, 13, 22, 26, 6, 15, 30, 5, 32, 9, 27, 8, 10, 20, 16, 12, 19, 24 ]
];
edge2`DownstairsFilename := "32S15-8,8,8-g11-3812543887.m";
Append(~s`Edges, edge2);
edge3 := TwoEdgeInitialize();
edge3`Blocks := {@ PowerSet(IntegerRing()) |
{ IntegerRing() | 1, 5 },
{ IntegerRing() | 2, 12 },
{ IntegerRing() | 3, 18 },
{ IntegerRing() | 4, 24 },
{ IntegerRing() | 6, 22 },
{ IntegerRing() | 7, 11 },
{ IntegerRing() | 8, 15 },
{ IntegerRing() | 9, 29 },
{ IntegerRing() | 10, 43 },
{ IntegerRing() | 13, 40 },
{ IntegerRing() | 14, 41 },
{ IntegerRing() | 16, 34 },
{ IntegerRing() | 17, 58 },
{ IntegerRing() | 19, 57 },
{ IntegerRing() | 20, 42 },
{ IntegerRing() | 21, 50 },
{ IntegerRing() | 23, 51 },
{ IntegerRing() | 25, 59 },
{ IntegerRing() | 26, 60 },
{ IntegerRing() | 27, 56 },
{ IntegerRing() | 28, 61 },
{ IntegerRing() | 30, 44 },
{ IntegerRing() | 31, 46 },
{ IntegerRing() | 32, 47 },
{ IntegerRing() | 33, 48 },
{ IntegerRing() | 35, 39 },
{ IntegerRing() | 36, 53 },
{ IntegerRing() | 37, 54 },
{ IntegerRing() | 38, 55 },
{ IntegerRing() | 45, 64 },
{ IntegerRing() | 49, 63 },
{ IntegerRing() | 52, 62 }
@};
edge3`UpstairsTriple := [ PermutationGroup<64 |  
\[ 2, 3, 4, 5, 6, 7, 8, 9, 10, 11, 12, 13, 14, 15, 16, 17, 18, 19, 20, 21, 22, 23, 24, 25, 26, 27, 28, 29, 30, 31, 32, 33, 34, 35, 36, 37, 38, 39, 40, 41, 42, 43, 44, 45, 46, 47, 48, 49, 50, 51, 52, 53, 54, 55, 56, 57, 58, 59, 60, 61, 62, 63, 64, 1 ],
\[ 2, 1, 3, 4, 5, 6, 7, 8, 9, 10, 11, 12, 13, 14, 15, 16, 17, 18, 19, 20, 21, 22, 23, 24, 25, 26, 27, 28, 29, 30, 31, 32, 33, 34, 35, 36, 37, 38, 39, 40, 41, 42, 43, 44, 45, 46, 47, 48, 49, 50, 51, 52, 53, 54, 55, 56, 57, 58, 59, 60, 61, 62, 63, 64 ]:
 Order := 126886932185884164103433389335161480802865516174545192198801894375214704230400000000000000 > |
[ 12, 29, 8, 50, 2, 5, 46, 39, 6, 14, 31, 9, 59, 56, 35, 20, 51, 15, 18, 64, 13, 1, 54, 21, 24, 34, 30, 33, 22, 10, 61, 52, 11, 42, 57, 38, 49, 32, 19, 25, 27, 45, 41, 43, 60, 28, 62, 7, 58, 40, 37, 53, 55, 63, 47, 44, 3, 23, 4, 16, 48, 36, 17, 26 ],
[ 3, 10, 16, 22, 18, 27, 1, 36, 39, 42, 5, 43, 2, 51, 53, 11, 57, 34, 32, 13, 38, 56, 59, 6, 62, 4, 26, 9, 35, 63, 54, 48, 58, 7, 45, 31, 8, 30, 64, 12, 23, 40, 20, 49, 28, 37, 33, 17, 21, 55, 25, 14, 46, 15, 44, 60, 47, 19, 52, 24, 29, 41, 50, 61 ],
[ 4, 11, 17, 23, 24, 28, 32, 1, 40, 38, 47, 7, 49, 2, 5, 56, 30, 58, 9, 3, 60, 61, 33, 51, 42, 39, 62, 53, 13, 6, 16, 21, 45, 27, 54, 25, 14, 8, 37, 63, 12, 18, 55, 22, 10, 34, 50, 64, 46, 26, 48, 19, 59, 41, 15, 52, 29, 44, 20, 35, 36, 57, 31, 43 ]
];
edge3`UpstairsFilename := "64S15-8,8,8-g21-727677544.m";
edge3`DownstairsTriple := [ PermutationGroup<32 |  
\[ 2, 3, 4, 5, 6, 7, 8, 9, 10, 11, 12, 13, 14, 15, 16, 17, 18, 19, 20, 21, 22, 23, 24, 25, 26, 27, 28, 29, 30, 31, 32, 1 ],
\[ 2, 1, 3, 4, 5, 6, 7, 8, 9, 10, 11, 12, 13, 14, 15, 16, 17, 18, 19, 20, 21, 22, 23, 24, 25, 26, 27, 28, 29, 30, 31, 32 ]:
 Order := 263130836933693530167218012160000000 > |
[ 6, 1, 8, 20, 2, 5, 26, 15, 11, 24, 22, 3, 16, 18, 12, 31, 4, 28, 17, 19, 13, 23, 9, 7, 30, 10, 29, 32, 25, 27, 21, 14 ],
[ 3, 9, 13, 2, 15, 22, 1, 27, 21, 5, 32, 25, 7, 12, 31, 19, 30, 17, 6, 29, 4, 16, 18, 14, 24, 28, 26, 8, 11, 23, 10, 20 ],
[ 4, 10, 14, 18, 19, 7, 25, 1, 30, 27, 2, 5, 9, 11, 28, 3, 16, 24, 32, 21, 15, 29, 6, 31, 20, 13, 17, 23, 8, 12, 22, 26 ]
];
edge3`DownstairsFilename := "32S13-4,4,8-g7-2618181655.m";
Append(~s`Edges, edge3);

/*
Return for eval
*/

return s;
