s := TwoDBInitialize();

/*
Magma printing
*/

s`AutomorphismGroup := PermutationGroup<64 |  
\[ 61, 62, 53, 57, 64, 33, 59, 46, 63, 54, 23, 43, 58, 52, 38, 48, 56, 26, 60, 45, 36, 44, 11, 32, 31, 18, 50, 34, 35, 51, 25, 24, 6, 28, 29, 21, 42, 15, 49, 47, 55, 37, 12, 22, 20, 8, 40, 16, 39, 27, 30, 14, 3, 10, 41, 17, 4, 13, 7, 19, 1, 2, 9, 5 ],
\[ 53, 59, 23, 43, 58, 61, 52, 32, 45, 31, 6, 28, 29, 21, 42, 15, 49, 47, 64, 26, 62, 57, 33, 56, 55, 40, 10, 44, 60, 16, 41, 17, 1, 22, 19, 2, 30, 37, 8, 9, 50, 51, 34, 4, 18, 24, 63, 38, 46, 54, 48, 36, 11, 25, 27, 39, 12, 35, 14, 5, 3, 7, 20, 13 ],
\[ 62, 61, 46, 33, 63, 57, 54, 53, 64, 59, 18, 50, 34, 35, 36, 44, 60, 11, 56, 51, 38, 48, 26, 25, 24, 23, 43, 58, 52, 45, 32, 31, 4, 13, 14, 15, 49, 21, 42, 41, 40, 39, 27, 16, 30, 3, 55, 22, 37, 12, 20, 29, 8, 7, 47, 19, 6, 28, 10, 17, 2, 1, 5, 9 ]:
 Order := 64 >;
s`Blocks := {@ PowerSet(IntegerRing()) |
{ IntegerRing() | 1, 5 },
{ IntegerRing() | 2, 9 },
{ IntegerRing() | 3, 13 },
{ IntegerRing() | 4, 17 },
{ IntegerRing() | 6, 19 },
{ IntegerRing() | 7, 20 },
{ IntegerRing() | 8, 28 },
{ IntegerRing() | 10, 30 },
{ IntegerRing() | 11, 35 },
{ IntegerRing() | 12, 39 },
{ IntegerRing() | 14, 18 },
{ IntegerRing() | 15, 41 },
{ IntegerRing() | 16, 31 },
{ IntegerRing() | 21, 47 },
{ IntegerRing() | 22, 24 },
{ IntegerRing() | 23, 29 },
{ IntegerRing() | 25, 48 },
{ IntegerRing() | 26, 52 },
{ IntegerRing() | 27, 37 },
{ IntegerRing() | 32, 44 },
{ IntegerRing() | 33, 60 },
{ IntegerRing() | 34, 46 },
{ IntegerRing() | 36, 40 },
{ IntegerRing() | 38, 55 },
{ IntegerRing() | 42, 50 },
{ IntegerRing() | 43, 49 },
{ IntegerRing() | 45, 59 },
{ IntegerRing() | 51, 54 },
{ IntegerRing() | 53, 58 },
{ IntegerRing() | 56, 57 },
{ IntegerRing() | 61, 64 },
{ IntegerRing() | 62, 63 }
@};
s`Child := "32S7-2,8,8-g5-path1";
s`Degree := 64;
s`Filename := "64S10-2,8,8-g9-path25.m";
s`GaloisOrbit := [ PowerSequence(PermutationGroup<64 |  
\[ 2, 3, 4, 5, 6, 7, 8, 9, 10, 11, 12, 13, 14, 15, 16, 17, 18, 19, 20, 21, 22, 23, 24, 25, 26, 27, 28, 29, 30, 31, 32, 33, 34, 35, 36, 37, 38, 39, 40, 41, 42, 43, 44, 45, 46, 47, 48, 49, 50, 51, 52, 53, 54, 55, 56, 57, 58, 59, 60, 61, 62, 63, 64, 1 ],
\[ 2, 1, 3, 4, 5, 6, 7, 8, 9, 10, 11, 12, 13, 14, 15, 16, 17, 18, 19, 20, 21, 22, 23, 24, 25, 26, 27, 28, 29, 30, 31, 32, 33, 34, 35, 36, 37, 38, 39, 40, 41, 42, 43, 44, 45, 46, 47, 48, 49, 50, 51, 52, 53, 54, 55, 56, 57, 58, 59, 60, 61, 62, 63, 64 ]:
 Order := 126886932185884164103433389335161480802865516174545192198801894375214704230400000000000000 >) |
[ PermutationGroup<64 |  
\[ 2, 3, 4, 5, 6, 7, 8, 9, 10, 11, 12, 13, 14, 15, 16, 17, 18, 19, 20, 21, 22, 23, 24, 25, 26, 27, 28, 29, 30, 31, 32, 33, 34, 35, 36, 37, 38, 39, 40, 41, 42, 43, 44, 45, 46, 47, 48, 49, 50, 51, 52, 53, 54, 55, 56, 57, 58, 59, 60, 61, 62, 63, 64, 1 ],
\[ 2, 1, 3, 4, 5, 6, 7, 8, 9, 10, 11, 12, 13, 14, 15, 16, 17, 18, 19, 20, 21, 22, 23, 24, 25, 26, 27, 28, 29, 30, 31, 32, 33, 34, 35, 36, 37, 38, 39, 40, 41, 42, 43, 44, 45, 46, 47, 48, 49, 50, 51, 52, 53, 54, 55, 56, 57, 58, 59, 60, 61, 62, 63, 64 ]:
 Order := 126886932185884164103433389335161480802865516174545192198801894375214704230400000000000000 > |
[ 2, 1, 7, 15, 9, 21, 3, 10, 5, 8, 14, 37, 20, 11, 4, 44, 41, 35, 47, 13, 6, 48, 52, 25, 24, 29, 39, 30, 26, 28, 32, 31, 36, 51, 18, 33, 12, 57, 27, 60, 17, 43, 42, 16, 58, 54, 19, 22, 50, 49, 34, 23, 59, 46, 56, 55, 38, 45, 53, 40, 62, 61, 64, 63 ],
[ 3, 8, 11, 2, 13, 1, 24, 26, 28, 31, 33, 7, 35, 17, 42, 15, 9, 4, 5, 22, 49, 21, 6, 47, 55, 57, 10, 52, 19, 16, 41, 40, 61, 14, 60, 39, 30, 37, 20, 12, 50, 51, 59, 36, 44, 18, 43, 38, 45, 54, 48, 56, 23, 25, 27, 63, 62, 29, 32, 64, 53, 46, 34, 58 ],
[ 4, 6, 12, 16, 17, 22, 1, 27, 19, 2, 34, 38, 39, 3, 18, 45, 31, 13, 24, 5, 23, 51, 28, 54, 7, 58, 36, 37, 8, 9, 59, 10, 44, 42, 46, 11, 40, 26, 55, 35, 14, 47, 15, 30, 64, 50, 29, 20, 41, 21, 63, 53, 43, 62, 52, 25, 48, 49, 61, 32, 57, 33, 60, 56 ]
]
];
s`GaloisOrbitSize := 1;
s`Genus := 9;
s`Geometry := "Hyperbolic";
s`Level := 6;
s`MonodromyGroup := PermutationGroup<64 |  
\[ 2, 1, 7, 15, 9, 21, 3, 10, 5, 8, 14, 37, 20, 11, 4, 44, 41, 35, 47, 13, 6, 48, 52, 25, 24, 29, 39, 30, 26, 28, 32, 31, 36, 51, 18, 33, 12, 57, 27, 60, 17, 43, 42, 16, 58, 54, 19, 22, 50, 49, 34, 23, 59, 46, 56, 55, 38, 45, 53, 40, 62, 61, 64, 63 ],
\[ 3, 8, 11, 2, 13, 1, 24, 26, 28, 31, 33, 7, 35, 17, 42, 15, 9, 4, 5, 22, 49, 21, 6, 47, 55, 57, 10, 52, 19, 16, 41, 40, 61, 14, 60, 39, 30, 37, 20, 12, 50, 51, 59, 36, 44, 18, 43, 38, 45, 54, 48, 56, 23, 25, 27, 63, 62, 29, 32, 64, 53, 46, 34, 58 ],
\[ 4, 6, 12, 16, 17, 22, 1, 27, 19, 2, 34, 38, 39, 3, 18, 45, 31, 13, 24, 5, 23, 51, 28, 54, 7, 58, 36, 37, 8, 9, 59, 10, 44, 42, 46, 11, 40, 26, 55, 35, 14, 47, 15, 30, 64, 50, 29, 20, 41, 21, 63, 53, 43, 62, 52, 25, 48, 49, 61, 32, 57, 33, 60, 56 ] >;
s`Name := "64S10-2,8,8-g9-path25";
s`Orders := \[ 2, 8, 8 ];
s`Passport := [ PowerSequence(PermutationGroup<64 |  
\[ 2, 1, 7, 15, 9, 21, 3, 10, 5, 8, 14, 37, 20, 11, 4, 44, 41, 35, 47, 13, 6, 48, 52, 25, 24, 29, 39, 30, 26, 28, 32, 31, 36, 51, 18, 33, 12, 57, 27, 60, 17, 43, 42, 16, 58, 54, 19, 22, 50, 49, 34, 23, 59, 46, 56, 55, 38, 45, 53, 40, 62, 61, 64, 63 ],
\[ 3, 8, 11, 2, 13, 1, 24, 26, 28, 31, 33, 7, 35, 17, 42, 15, 9, 4, 5, 22, 49, 21, 6, 47, 55, 57, 10, 52, 19, 16, 41, 40, 61, 14, 60, 39, 30, 37, 20, 12, 50, 51, 59, 36, 44, 18, 43, 38, 45, 54, 48, 56, 23, 25, 27, 63, 62, 29, 32, 64, 53, 46, 34, 58 ],
\[ 4, 6, 12, 16, 17, 22, 1, 27, 19, 2, 34, 38, 39, 3, 18, 45, 31, 13, 24, 5, 23, 51, 28, 54, 7, 58, 36, 37, 8, 9, 59, 10, 44, 42, 46, 11, 40, 26, 55, 35, 14, 47, 15, 30, 64, 50, 29, 20, 41, 21, 63, 53, 43, 62, 52, 25, 48, 49, 61, 32, 57, 33, 60, 56 ]:
 Order := 64 >) |
[ PermutationGroup<64 |  
\[ 2, 1, 7, 15, 9, 21, 3, 10, 5, 8, 14, 37, 20, 11, 4, 44, 41, 35, 47, 13, 6, 48, 52, 25, 24, 29, 39, 30, 26, 28, 32, 31, 36, 51, 18, 33, 12, 57, 27, 60, 17, 43, 42, 16, 58, 54, 19, 22, 50, 49, 34, 23, 59, 46, 56, 55, 38, 45, 53, 40, 62, 61, 64, 63 ],
\[ 3, 8, 11, 2, 13, 1, 24, 26, 28, 31, 33, 7, 35, 17, 42, 15, 9, 4, 5, 22, 49, 21, 6, 47, 55, 57, 10, 52, 19, 16, 41, 40, 61, 14, 60, 39, 30, 37, 20, 12, 50, 51, 59, 36, 44, 18, 43, 38, 45, 54, 48, 56, 23, 25, 27, 63, 62, 29, 32, 64, 53, 46, 34, 58 ],
\[ 4, 6, 12, 16, 17, 22, 1, 27, 19, 2, 34, 38, 39, 3, 18, 45, 31, 13, 24, 5, 23, 51, 28, 54, 7, 58, 36, 37, 8, 9, 59, 10, 44, 42, 46, 11, 40, 26, 55, 35, 14, 47, 15, 30, 64, 50, 29, 20, 41, 21, 63, 53, 43, 62, 52, 25, 48, 49, 61, 32, 57, 33, 60, 56 ]:
 Order := 64 > |
[ 9, 5, 20, 41, 2, 47, 13, 30, 1, 28, 18, 27, 7, 35, 17, 32, 15, 11, 21, 3, 19, 25, 26, 48, 22, 23, 12, 10, 52, 8, 44, 16, 40, 54, 14, 60, 39, 56, 37, 33, 4, 49, 50, 31, 53, 51, 6, 24, 42, 43, 46, 29, 45, 34, 57, 38, 55, 59, 58, 36, 63, 64, 61, 62 ],
[ 3, 8, 11, 2, 13, 1, 24, 26, 28, 31, 33, 7, 35, 17, 42, 15, 9, 4, 5, 22, 49, 21, 6, 47, 55, 57, 10, 52, 19, 16, 41, 40, 61, 14, 60, 39, 30, 37, 20, 12, 50, 51, 59, 36, 44, 18, 43, 38, 45, 54, 48, 56, 23, 25, 27, 63, 62, 29, 32, 64, 53, 46, 34, 58 ],
[ 17, 19, 39, 31, 4, 24, 5, 37, 6, 9, 46, 55, 12, 13, 14, 59, 16, 3, 22, 1, 29, 54, 8, 51, 20, 53, 40, 27, 28, 2, 45, 30, 32, 50, 34, 35, 36, 52, 38, 11, 18, 21, 41, 10, 61, 42, 23, 7, 15, 47, 62, 58, 49, 63, 26, 48, 25, 43, 64, 44, 56, 60, 33, 57 ]
]
];
s`PassportName := "64S10-2,8,8-g9";
s`PassportSize := 1;
s`PathNumber := 25;
s`PathToPP1 := [ Strings() | "PP1", "2T1-2,1,2-g0-path1", "4T2-2,2,2-g0-path2", "8T4-2,4,2-g0-path2", "16T10-2,4,4-g1-path10", "32S7-2,8,8-g5-path1", "64S10-2,8,8-g9-path25" ];
s`PermutationTriple := [ PermutationGroup<64 |  
\[ 2, 3, 4, 5, 6, 7, 8, 9, 10, 11, 12, 13, 14, 15, 16, 17, 18, 19, 20, 21, 22, 23, 24, 25, 26, 27, 28, 29, 30, 31, 32, 33, 34, 35, 36, 37, 38, 39, 40, 41, 42, 43, 44, 45, 46, 47, 48, 49, 50, 51, 52, 53, 54, 55, 56, 57, 58, 59, 60, 61, 62, 63, 64, 1 ],
\[ 2, 1, 3, 4, 5, 6, 7, 8, 9, 10, 11, 12, 13, 14, 15, 16, 17, 18, 19, 20, 21, 22, 23, 24, 25, 26, 27, 28, 29, 30, 31, 32, 33, 34, 35, 36, 37, 38, 39, 40, 41, 42, 43, 44, 45, 46, 47, 48, 49, 50, 51, 52, 53, 54, 55, 56, 57, 58, 59, 60, 61, 62, 63, 64 ]:
 Order := 126886932185884164103433389335161480802865516174545192198801894375214704230400000000000000 > |
[ 2, 1, 7, 15, 9, 21, 3, 10, 5, 8, 14, 37, 20, 11, 4, 44, 41, 35, 47, 13, 6, 48, 52, 25, 24, 29, 39, 30, 26, 28, 32, 31, 36, 51, 18, 33, 12, 57, 27, 60, 17, 43, 42, 16, 58, 54, 19, 22, 50, 49, 34, 23, 59, 46, 56, 55, 38, 45, 53, 40, 62, 61, 64, 63 ],
[ 3, 8, 11, 2, 13, 1, 24, 26, 28, 31, 33, 7, 35, 17, 42, 15, 9, 4, 5, 22, 49, 21, 6, 47, 55, 57, 10, 52, 19, 16, 41, 40, 61, 14, 60, 39, 30, 37, 20, 12, 50, 51, 59, 36, 44, 18, 43, 38, 45, 54, 48, 56, 23, 25, 27, 63, 62, 29, 32, 64, 53, 46, 34, 58 ],
[ 4, 6, 12, 16, 17, 22, 1, 27, 19, 2, 34, 38, 39, 3, 18, 45, 31, 13, 24, 5, 23, 51, 28, 54, 7, 58, 36, 37, 8, 9, 59, 10, 44, 42, 46, 11, 40, 26, 55, 35, 14, 47, 15, 30, 64, 50, 29, 20, 41, 21, 63, 53, 43, 62, 52, 25, 48, 49, 61, 32, 57, 33, 60, 56 ]
];
s`PointedAutomorphismGroup := PermutationGroup<64 |  
\[ 2, 1, 8, 6, 9, 4, 10, 3, 5, 7, 26, 27, 28, 29, 21, 22, 19, 23, 17, 30, 15, 16, 18, 31, 32, 11, 12, 13, 14, 20, 24, 25, 57, 58, 52, 38, 39, 36, 37, 55, 47, 49, 50, 48, 51, 53, 41, 44, 42, 43, 45, 35, 46, 59, 40, 60, 33, 34, 54, 56, 62, 61, 64, 63 ]:
 Order := 2 >;
s`PointedPassport := [ PowerSequence(PermutationGroup<64 |  
\[ 2, 3, 4, 5, 6, 7, 8, 9, 10, 11, 12, 13, 14, 15, 16, 17, 18, 19, 20, 21, 22, 23, 24, 25, 26, 27, 28, 29, 30, 31, 32, 33, 34, 35, 36, 37, 38, 39, 40, 41, 42, 43, 44, 45, 46, 47, 48, 49, 50, 51, 52, 53, 54, 55, 56, 57, 58, 59, 60, 61, 62, 63, 64, 1 ],
\[ 2, 1, 3, 4, 5, 6, 7, 8, 9, 10, 11, 12, 13, 14, 15, 16, 17, 18, 19, 20, 21, 22, 23, 24, 25, 26, 27, 28, 29, 30, 31, 32, 33, 34, 35, 36, 37, 38, 39, 40, 41, 42, 43, 44, 45, 46, 47, 48, 49, 50, 51, 52, 53, 54, 55, 56, 57, 58, 59, 60, 61, 62, 63, 64 ]:
 Order := 126886932185884164103433389335161480802865516174545192198801894375214704230400000000000000 >) |
[ PermutationGroup<64 |  
\[ 2, 3, 4, 5, 6, 7, 8, 9, 10, 11, 12, 13, 14, 15, 16, 17, 18, 19, 20, 21, 22, 23, 24, 25, 26, 27, 28, 29, 30, 31, 32, 33, 34, 35, 36, 37, 38, 39, 40, 41, 42, 43, 44, 45, 46, 47, 48, 49, 50, 51, 52, 53, 54, 55, 56, 57, 58, 59, 60, 61, 62, 63, 64, 1 ],
\[ 2, 1, 3, 4, 5, 6, 7, 8, 9, 10, 11, 12, 13, 14, 15, 16, 17, 18, 19, 20, 21, 22, 23, 24, 25, 26, 27, 28, 29, 30, 31, 32, 33, 34, 35, 36, 37, 38, 39, 40, 41, 42, 43, 44, 45, 46, 47, 48, 49, 50, 51, 52, 53, 54, 55, 56, 57, 58, 59, 60, 61, 62, 63, 64 ]:
 Order := 126886932185884164103433389335161480802865516174545192198801894375214704230400000000000000 > |
[ 2, 1, 7, 15, 9, 21, 3, 10, 5, 8, 14, 37, 20, 11, 4, 44, 41, 35, 47, 13, 6, 48, 52, 25, 24, 29, 39, 30, 26, 28, 32, 31, 36, 51, 18, 33, 12, 57, 27, 60, 17, 43, 42, 16, 58, 54, 19, 22, 50, 49, 34, 23, 59, 46, 56, 55, 38, 45, 53, 40, 62, 61, 64, 63 ],
[ 10, 7, 25, 43, 30, 50, 14, 32, 20, 29, 41, 28, 48, 36, 1, 33, 49, 40, 42, 18, 2, 57, 55, 56, 19, 47, 13, 44, 38, 23, 60, 17, 27, 22, 15, 62, 3, 61, 8, 63, 5, 53, 34, 4, 26, 24, 9, 6, 46, 58, 11, 21, 31, 35, 64, 39, 12, 16, 52, 37, 54, 59, 45, 51 ],
[ 21, 15, 2, 35, 47, 52, 37, 1, 41, 39, 7, 60, 9, 51, 44, 28, 11, 54, 26, 27, 48, 13, 59, 3, 46, 10, 56, 5, 45, 12, 8, 53, 14, 64, 20, 16, 57, 22, 33, 31, 32, 4, 19, 58, 50, 61, 25, 34, 6, 17, 43, 30, 62, 49, 24, 23, 29, 63, 42, 18, 36, 38, 55, 40 ]
]
];
s`PointedPassportSize := 1;
s`RefinedPassport := [ PowerSequence(PermutationGroup<64 |  
\[ 2, 3, 4, 5, 6, 7, 8, 9, 10, 11, 12, 13, 14, 15, 16, 17, 18, 19, 20, 21, 22, 23, 24, 25, 26, 27, 28, 29, 30, 31, 32, 33, 34, 35, 36, 37, 38, 39, 40, 41, 42, 43, 44, 45, 46, 47, 48, 49, 50, 51, 52, 53, 54, 55, 56, 57, 58, 59, 60, 61, 62, 63, 64, 1 ],
\[ 2, 1, 3, 4, 5, 6, 7, 8, 9, 10, 11, 12, 13, 14, 15, 16, 17, 18, 19, 20, 21, 22, 23, 24, 25, 26, 27, 28, 29, 30, 31, 32, 33, 34, 35, 36, 37, 38, 39, 40, 41, 42, 43, 44, 45, 46, 47, 48, 49, 50, 51, 52, 53, 54, 55, 56, 57, 58, 59, 60, 61, 62, 63, 64 ]:
 Order := 126886932185884164103433389335161480802865516174545192198801894375214704230400000000000000 >) |
[ PermutationGroup<64 |  
\[ 2, 3, 4, 5, 6, 7, 8, 9, 10, 11, 12, 13, 14, 15, 16, 17, 18, 19, 20, 21, 22, 23, 24, 25, 26, 27, 28, 29, 30, 31, 32, 33, 34, 35, 36, 37, 38, 39, 40, 41, 42, 43, 44, 45, 46, 47, 48, 49, 50, 51, 52, 53, 54, 55, 56, 57, 58, 59, 60, 61, 62, 63, 64, 1 ],
\[ 2, 1, 3, 4, 5, 6, 7, 8, 9, 10, 11, 12, 13, 14, 15, 16, 17, 18, 19, 20, 21, 22, 23, 24, 25, 26, 27, 28, 29, 30, 31, 32, 33, 34, 35, 36, 37, 38, 39, 40, 41, 42, 43, 44, 45, 46, 47, 48, 49, 50, 51, 52, 53, 54, 55, 56, 57, 58, 59, 60, 61, 62, 63, 64 ]:
 Order := 126886932185884164103433389335161480802865516174545192198801894375214704230400000000000000 > |
[ 9, 5, 20, 41, 2, 47, 13, 30, 1, 28, 18, 27, 7, 35, 17, 32, 15, 11, 21, 3, 19, 25, 26, 48, 22, 23, 12, 10, 52, 8, 44, 16, 40, 54, 14, 60, 39, 56, 37, 33, 4, 49, 50, 31, 53, 51, 6, 24, 42, 43, 46, 29, 45, 34, 57, 38, 55, 59, 58, 36, 63, 64, 61, 62 ],
[ 54, 59, 31, 12, 51, 27, 52, 24, 45, 35, 55, 34, 16, 21, 61, 6, 39, 47, 37, 26, 62, 4, 41, 17, 60, 40, 58, 22, 15, 11, 19, 56, 50, 44, 38, 2, 53, 1, 46, 9, 64, 3, 28, 57, 18, 32, 63, 33, 8, 13, 23, 36, 25, 29, 5, 49, 43, 48, 14, 42, 10, 7, 20, 30 ],
[ 40, 55, 63, 23, 36, 18, 50, 64, 38, 43, 45, 6, 62, 10, 24, 46, 29, 30, 14, 42, 31, 53, 20, 58, 28, 51, 4, 61, 7, 49, 34, 13, 26, 1, 59, 25, 17, 32, 19, 48, 22, 56, 33, 3, 37, 5, 16, 8, 60, 57, 39, 54, 9, 12, 44, 35, 11, 2, 27, 52, 47, 41, 15, 21 ]
]
];
s`RefinedPassportSize := 1;

/*
Return for eval
*/

return s;
