s := TwoDBInitialize();

/*
Magma printing
*/

s`AutomorphismGroup := PermutationGroup<64 |  
\[ 38, 22, 33, 13, 9, 12, 27, 19, 5, 53, 39, 6, 4, 44, 40, 32, 55, 36, 8, 52, 49, 2, 50, 37, 51, 43, 7, 41, 48, 59, 46, 16, 3, 58, 60, 18, 24, 1, 11, 15, 28, 63, 26, 14, 57, 31, 62, 29, 21, 23, 25, 20, 10, 61, 17, 64, 45, 34, 30, 35, 54, 47, 42, 56 ],
\[ 33, 40, 32, 55, 36, 8, 38, 52, 18, 62, 9, 19, 17, 50, 64, 7, 43, 45, 20, 46, 61, 15, 49, 34, 63, 30, 1, 35, 22, 13, 12, 27, 16, 53, 25, 57, 58, 3, 5, 56, 60, 28, 59, 23, 39, 6, 37, 2, 54, 21, 42, 31, 47, 14, 26, 29, 11, 10, 4, 51, 44, 24, 41, 48 ],
\[ 64, 57, 37, 36, 52, 32, 26, 49, 20, 39, 53, 16, 18, 48, 25, 12, 60, 13, 21, 9, 19, 45, 34, 33, 15, 7, 43, 46, 44, 54, 41, 6, 24, 23, 55, 4, 3, 56, 10, 51, 31, 62, 27, 29, 22, 28, 63, 14, 8, 58, 40, 5, 11, 30, 35, 38, 2, 50, 61, 17, 59, 42, 47, 1 ]:
 Order := 64 >;
s`Blocks := {@ PowerSet(IntegerRing()) |
{ IntegerRing() | 1, 5 },
{ IntegerRing() | 2, 12 },
{ IntegerRing() | 3, 18 },
{ IntegerRing() | 4, 24 },
{ IntegerRing() | 6, 22 },
{ IntegerRing() | 7, 11 },
{ IntegerRing() | 8, 15 },
{ IntegerRing() | 9, 38 },
{ IntegerRing() | 10, 43 },
{ IntegerRing() | 13, 37 },
{ IntegerRing() | 14, 41 },
{ IntegerRing() | 16, 57 },
{ IntegerRing() | 17, 58 },
{ IntegerRing() | 19, 40 },
{ IntegerRing() | 20, 56 },
{ IntegerRing() | 21, 51 },
{ IntegerRing() | 23, 35 },
{ IntegerRing() | 25, 49 },
{ IntegerRing() | 26, 53 },
{ IntegerRing() | 27, 39 },
{ IntegerRing() | 28, 44 },
{ IntegerRing() | 29, 46 },
{ IntegerRing() | 30, 47 },
{ IntegerRing() | 31, 48 },
{ IntegerRing() | 32, 45 },
{ IntegerRing() | 33, 36 },
{ IntegerRing() | 34, 55 },
{ IntegerRing() | 42, 61 },
{ IntegerRing() | 50, 60 },
{ IntegerRing() | 52, 64 },
{ IntegerRing() | 54, 63 },
{ IntegerRing() | 59, 62 }
@};
s`Child := "32S11-4,8,4-g7-path4";
s`Degree := 64;
s`Filename := "64S10-4,8,8-g17-path17.m";
s`GaloisOrbit := [ PowerSequence(PermutationGroup<64 |  
\[ 2, 3, 4, 5, 6, 7, 8, 9, 10, 11, 12, 13, 14, 15, 16, 17, 18, 19, 20, 21, 22, 23, 24, 25, 26, 27, 28, 29, 30, 31, 32, 33, 34, 35, 36, 37, 38, 39, 40, 41, 42, 43, 44, 45, 46, 47, 48, 49, 50, 51, 52, 53, 54, 55, 56, 57, 58, 59, 60, 61, 62, 63, 64, 1 ],
\[ 2, 1, 3, 4, 5, 6, 7, 8, 9, 10, 11, 12, 13, 14, 15, 16, 17, 18, 19, 20, 21, 22, 23, 24, 25, 26, 27, 28, 29, 30, 31, 32, 33, 34, 35, 36, 37, 38, 39, 40, 41, 42, 43, 44, 45, 46, 47, 48, 49, 50, 51, 52, 53, 54, 55, 56, 57, 58, 59, 60, 61, 62, 63, 64 ]:
 Order := 126886932185884164103433389335161480802865516174545192198801894375214704230400000000000000 >) |
[ PermutationGroup<64 |  
\[ 2, 3, 4, 5, 6, 7, 8, 9, 10, 11, 12, 13, 14, 15, 16, 17, 18, 19, 20, 21, 22, 23, 24, 25, 26, 27, 28, 29, 30, 31, 32, 33, 34, 35, 36, 37, 38, 39, 40, 41, 42, 43, 44, 45, 46, 47, 48, 49, 50, 51, 52, 53, 54, 55, 56, 57, 58, 59, 60, 61, 62, 63, 64, 1 ],
\[ 2, 1, 3, 4, 5, 6, 7, 8, 9, 10, 11, 12, 13, 14, 15, 16, 17, 18, 19, 20, 21, 22, 23, 24, 25, 26, 27, 28, 29, 30, 31, 32, 33, 34, 35, 36, 37, 38, 39, 40, 41, 42, 43, 44, 45, 46, 47, 48, 49, 50, 51, 52, 53, 54, 55, 56, 57, 58, 59, 60, 61, 62, 63, 64 ]:
 Order := 126886932185884164103433389335161480802865516174545192198801894375214704230400000000000000 > |
[ 12, 38, 8, 51, 2, 5, 46, 36, 22, 14, 29, 9, 25, 26, 33, 20, 63, 15, 18, 45, 13, 1, 59, 21, 24, 28, 31, 10, 27, 35, 11, 52, 19, 61, 62, 40, 49, 6, 48, 3, 53, 58, 41, 43, 64, 39, 23, 7, 4, 30, 37, 57, 44, 55, 42, 32, 56, 54, 60, 47, 17, 50, 34, 16 ],
[ 3, 10, 16, 22, 18, 26, 1, 30, 36, 20, 5, 43, 2, 50, 47, 27, 40, 57, 59, 4, 61, 53, 49, 6, 63, 64, 38, 35, 34, 48, 17, 7, 32, 8, 25, 45, 12, 33, 9, 62, 60, 28, 56, 23, 11, 55, 31, 58, 54, 21, 42, 13, 52, 14, 15, 24, 39, 19, 29, 51, 44, 46, 41, 37 ],
[ 4, 11, 17, 23, 24, 27, 30, 1, 37, 42, 47, 7, 50, 2, 5, 26, 21, 58, 38, 3, 56, 39, 15, 35, 52, 54, 59, 6, 45, 14, 16, 43, 55, 25, 8, 34, 60, 13, 62, 9, 12, 46, 61, 22, 10, 32, 41, 57, 64, 40, 20, 33, 63, 48, 49, 18, 53, 51, 44, 19, 29, 28, 31, 36 ]
]
];
s`GaloisOrbitSize := 1;
s`Genus := 17;
s`Geometry := "Hyperbolic";
s`Level := 6;
s`MonodromyGroup := PermutationGroup<64 |  
\[ 12, 38, 8, 51, 2, 5, 46, 36, 22, 14, 29, 9, 25, 26, 33, 20, 63, 15, 18, 45, 13, 1, 59, 21, 24, 28, 31, 10, 27, 35, 11, 52, 19, 61, 62, 40, 49, 6, 48, 3, 53, 58, 41, 43, 64, 39, 23, 7, 4, 30, 37, 57, 44, 55, 42, 32, 56, 54, 60, 47, 17, 50, 34, 16 ],
\[ 3, 10, 16, 22, 18, 26, 1, 30, 36, 20, 5, 43, 2, 50, 47, 27, 40, 57, 59, 4, 61, 53, 49, 6, 63, 64, 38, 35, 34, 48, 17, 7, 32, 8, 25, 45, 12, 33, 9, 62, 60, 28, 56, 23, 11, 55, 31, 58, 54, 21, 42, 13, 52, 14, 15, 24, 39, 19, 29, 51, 44, 46, 41, 37 ],
\[ 4, 11, 17, 23, 24, 27, 30, 1, 37, 42, 47, 7, 50, 2, 5, 26, 21, 58, 38, 3, 56, 39, 15, 35, 52, 54, 59, 6, 45, 14, 16, 43, 55, 25, 8, 34, 60, 13, 62, 9, 12, 46, 61, 22, 10, 32, 41, 57, 64, 40, 20, 33, 63, 48, 49, 18, 53, 51, 44, 19, 29, 28, 31, 36 ] >;
s`Name := "64S10-4,8,8-g17-path17";
s`Orders := \[ 4, 8, 8 ];
s`Passport := [ PowerSequence(PermutationGroup<64 |  
\[ 12, 38, 8, 51, 2, 5, 46, 36, 22, 14, 29, 9, 25, 26, 33, 20, 63, 15, 18, 45, 13, 1, 59, 21, 24, 28, 31, 10, 27, 35, 11, 52, 19, 61, 62, 40, 49, 6, 48, 3, 53, 58, 41, 43, 64, 39, 23, 7, 4, 30, 37, 57, 44, 55, 42, 32, 56, 54, 60, 47, 17, 50, 34, 16 ],
\[ 3, 10, 16, 22, 18, 26, 1, 30, 36, 20, 5, 43, 2, 50, 47, 27, 40, 57, 59, 4, 61, 53, 49, 6, 63, 64, 38, 35, 34, 48, 17, 7, 32, 8, 25, 45, 12, 33, 9, 62, 60, 28, 56, 23, 11, 55, 31, 58, 54, 21, 42, 13, 52, 14, 15, 24, 39, 19, 29, 51, 44, 46, 41, 37 ],
\[ 4, 11, 17, 23, 24, 27, 30, 1, 37, 42, 47, 7, 50, 2, 5, 26, 21, 58, 38, 3, 56, 39, 15, 35, 52, 54, 59, 6, 45, 14, 16, 43, 55, 25, 8, 34, 60, 13, 62, 9, 12, 46, 61, 22, 10, 32, 41, 57, 64, 40, 20, 33, 63, 48, 49, 18, 53, 51, 44, 19, 29, 28, 31, 36 ]:
 Order := 64 >) |
[ PermutationGroup<64 |  
\[ 12, 38, 8, 51, 2, 5, 46, 36, 22, 14, 29, 9, 25, 26, 33, 20, 63, 15, 18, 45, 13, 1, 59, 21, 24, 28, 31, 10, 27, 35, 11, 52, 19, 61, 62, 40, 49, 6, 48, 3, 53, 58, 41, 43, 64, 39, 23, 7, 4, 30, 37, 57, 44, 55, 42, 32, 56, 54, 60, 47, 17, 50, 34, 16 ],
\[ 3, 10, 16, 22, 18, 26, 1, 30, 36, 20, 5, 43, 2, 50, 47, 27, 40, 57, 59, 4, 61, 53, 49, 6, 63, 64, 38, 35, 34, 48, 17, 7, 32, 8, 25, 45, 12, 33, 9, 62, 60, 28, 56, 23, 11, 55, 31, 58, 54, 21, 42, 13, 52, 14, 15, 24, 39, 19, 29, 51, 44, 46, 41, 37 ],
\[ 4, 11, 17, 23, 24, 27, 30, 1, 37, 42, 47, 7, 50, 2, 5, 26, 21, 58, 38, 3, 56, 39, 15, 35, 52, 54, 59, 6, 45, 14, 16, 43, 55, 25, 8, 34, 60, 13, 62, 9, 12, 46, 61, 22, 10, 32, 41, 57, 64, 40, 20, 33, 63, 48, 49, 18, 53, 51, 44, 19, 29, 28, 31, 36 ]:
 Order := 64 > |
[ 17, 42, 26, 39, 58, 54, 4, 14, 34, 3, 24, 61, 11, 40, 41, 59, 9, 53, 44, 23, 29, 63, 64, 27, 31, 36, 13, 8, 25, 57, 21, 30, 43, 1, 52, 10, 7, 55, 37, 28, 19, 6, 18, 15, 47, 49, 16, 51, 48, 56, 46, 50, 33, 2, 5, 35, 62, 38, 45, 20, 22, 32, 12, 60 ],
[ 3, 10, 16, 22, 18, 26, 1, 30, 36, 20, 5, 43, 2, 50, 47, 27, 40, 57, 59, 4, 61, 53, 49, 6, 63, 64, 38, 35, 34, 48, 17, 7, 32, 8, 25, 45, 12, 33, 9, 62, 60, 28, 56, 23, 11, 55, 31, 58, 54, 21, 42, 13, 52, 14, 15, 24, 39, 19, 29, 51, 44, 46, 41, 37 ],
[ 29, 49, 2, 32, 46, 51, 64, 42, 31, 9, 52, 25, 16, 34, 61, 15, 7, 12, 63, 41, 47, 21, 10, 45, 59, 1, 56, 17, 50, 33, 35, 40, 22, 39, 43, 6, 57, 48, 20, 54, 55, 13, 38, 58, 19, 60, 36, 23, 62, 53, 30, 28, 5, 24, 27, 14, 8, 11, 3, 26, 37, 18, 4, 44 ]
]
];
s`PassportName := "64S10-4,8,8-g17";
s`PassportSize := 1;
s`PathNumber := 17;
s`PathToPP1 := [ Strings() | "PP1", "2T1-1,2,2-g0-path1", "4T1-2,4,4-g1-path1", "8T2-2,4,4-g1-path2", "16T10-2,4,4-g1-path2", "32S11-4,8,4-g7-path4", "64S10-4,8,8-g17-path17" ];
s`PermutationTriple := [ PermutationGroup<64 |  
\[ 2, 3, 4, 5, 6, 7, 8, 9, 10, 11, 12, 13, 14, 15, 16, 17, 18, 19, 20, 21, 22, 23, 24, 25, 26, 27, 28, 29, 30, 31, 32, 33, 34, 35, 36, 37, 38, 39, 40, 41, 42, 43, 44, 45, 46, 47, 48, 49, 50, 51, 52, 53, 54, 55, 56, 57, 58, 59, 60, 61, 62, 63, 64, 1 ],
\[ 2, 1, 3, 4, 5, 6, 7, 8, 9, 10, 11, 12, 13, 14, 15, 16, 17, 18, 19, 20, 21, 22, 23, 24, 25, 26, 27, 28, 29, 30, 31, 32, 33, 34, 35, 36, 37, 38, 39, 40, 41, 42, 43, 44, 45, 46, 47, 48, 49, 50, 51, 52, 53, 54, 55, 56, 57, 58, 59, 60, 61, 62, 63, 64 ]:
 Order := 126886932185884164103433389335161480802865516174545192198801894375214704230400000000000000 > |
[ 12, 38, 8, 51, 2, 5, 46, 36, 22, 14, 29, 9, 25, 26, 33, 20, 63, 15, 18, 45, 13, 1, 59, 21, 24, 28, 31, 10, 27, 35, 11, 52, 19, 61, 62, 40, 49, 6, 48, 3, 53, 58, 41, 43, 64, 39, 23, 7, 4, 30, 37, 57, 44, 55, 42, 32, 56, 54, 60, 47, 17, 50, 34, 16 ],
[ 3, 10, 16, 22, 18, 26, 1, 30, 36, 20, 5, 43, 2, 50, 47, 27, 40, 57, 59, 4, 61, 53, 49, 6, 63, 64, 38, 35, 34, 48, 17, 7, 32, 8, 25, 45, 12, 33, 9, 62, 60, 28, 56, 23, 11, 55, 31, 58, 54, 21, 42, 13, 52, 14, 15, 24, 39, 19, 29, 51, 44, 46, 41, 37 ],
[ 4, 11, 17, 23, 24, 27, 30, 1, 37, 42, 47, 7, 50, 2, 5, 26, 21, 58, 38, 3, 56, 39, 15, 35, 52, 54, 59, 6, 45, 14, 16, 43, 55, 25, 8, 34, 60, 13, 62, 9, 12, 46, 61, 22, 10, 32, 41, 57, 64, 40, 20, 33, 63, 48, 49, 18, 53, 51, 44, 19, 29, 28, 31, 36 ]
];
s`PointedAutomorphismGroup := PermutationGroup<64 |  
\[ 22, 5, 53, 39, 6, 38, 4, 44, 12, 18, 24, 1, 11, 15, 28, 52, 63, 26, 14, 57, 31, 9, 62, 27, 29, 33, 13, 19, 21, 23, 25, 20, 10, 61, 59, 43, 7, 2, 37, 41, 8, 58, 3, 40, 56, 51, 35, 49, 46, 47, 48, 45, 36, 55, 42, 16, 64, 54, 50, 30, 17, 60, 34, 32 ]:
 Order := 4 >;
s`PointedPassport := [ PowerSequence(PermutationGroup<64 |  
\[ 2, 3, 4, 5, 6, 7, 8, 9, 10, 11, 12, 13, 14, 15, 16, 17, 18, 19, 20, 21, 22, 23, 24, 25, 26, 27, 28, 29, 30, 31, 32, 33, 34, 35, 36, 37, 38, 39, 40, 41, 42, 43, 44, 45, 46, 47, 48, 49, 50, 51, 52, 53, 54, 55, 56, 57, 58, 59, 60, 61, 62, 63, 64, 1 ],
\[ 2, 1, 3, 4, 5, 6, 7, 8, 9, 10, 11, 12, 13, 14, 15, 16, 17, 18, 19, 20, 21, 22, 23, 24, 25, 26, 27, 28, 29, 30, 31, 32, 33, 34, 35, 36, 37, 38, 39, 40, 41, 42, 43, 44, 45, 46, 47, 48, 49, 50, 51, 52, 53, 54, 55, 56, 57, 58, 59, 60, 61, 62, 63, 64 ]:
 Order := 126886932185884164103433389335161480802865516174545192198801894375214704230400000000000000 >) |
[ PermutationGroup<64 |  
\[ 2, 3, 4, 5, 6, 7, 8, 9, 10, 11, 12, 13, 14, 15, 16, 17, 18, 19, 20, 21, 22, 23, 24, 25, 26, 27, 28, 29, 30, 31, 32, 33, 34, 35, 36, 37, 38, 39, 40, 41, 42, 43, 44, 45, 46, 47, 48, 49, 50, 51, 52, 53, 54, 55, 56, 57, 58, 59, 60, 61, 62, 63, 64, 1 ],
\[ 2, 1, 3, 4, 5, 6, 7, 8, 9, 10, 11, 12, 13, 14, 15, 16, 17, 18, 19, 20, 21, 22, 23, 24, 25, 26, 27, 28, 29, 30, 31, 32, 33, 34, 35, 36, 37, 38, 39, 40, 41, 42, 43, 44, 45, 46, 47, 48, 49, 50, 51, 52, 53, 54, 55, 56, 57, 58, 59, 60, 61, 62, 63, 64 ]:
 Order := 126886932185884164103433389335161480802865516174545192198801894375214704230400000000000000 > |
[ 58, 61, 53, 27, 17, 63, 24, 41, 55, 18, 4, 42, 7, 19, 14, 62, 38, 26, 28, 35, 46, 54, 52, 39, 48, 33, 37, 15, 49, 16, 51, 47, 10, 5, 64, 43, 11, 34, 13, 44, 40, 22, 3, 8, 30, 25, 57, 21, 31, 20, 29, 60, 36, 12, 1, 23, 59, 9, 32, 56, 6, 45, 2, 50 ],
[ 3, 10, 16, 22, 18, 26, 1, 30, 36, 20, 5, 43, 2, 50, 47, 27, 40, 57, 59, 4, 61, 53, 49, 6, 63, 64, 38, 35, 34, 48, 17, 7, 32, 8, 25, 45, 12, 33, 9, 62, 60, 28, 56, 23, 11, 55, 31, 58, 54, 21, 42, 13, 52, 14, 15, 24, 39, 19, 29, 51, 44, 46, 41, 37 ],
[ 46, 25, 12, 45, 29, 21, 52, 61, 48, 38, 64, 49, 57, 55, 42, 8, 11, 2, 54, 14, 30, 51, 43, 32, 62, 5, 20, 58, 60, 36, 23, 19, 6, 27, 10, 22, 16, 31, 56, 63, 34, 37, 9, 17, 40, 50, 33, 35, 59, 26, 47, 44, 1, 4, 39, 41, 15, 7, 18, 53, 13, 3, 24, 28 ]
]
];
s`PointedPassportSize := 1;
s`RefinedPassport := [ PowerSequence(PermutationGroup<64 |  
\[ 2, 3, 4, 5, 6, 7, 8, 9, 10, 11, 12, 13, 14, 15, 16, 17, 18, 19, 20, 21, 22, 23, 24, 25, 26, 27, 28, 29, 30, 31, 32, 33, 34, 35, 36, 37, 38, 39, 40, 41, 42, 43, 44, 45, 46, 47, 48, 49, 50, 51, 52, 53, 54, 55, 56, 57, 58, 59, 60, 61, 62, 63, 64, 1 ],
\[ 2, 1, 3, 4, 5, 6, 7, 8, 9, 10, 11, 12, 13, 14, 15, 16, 17, 18, 19, 20, 21, 22, 23, 24, 25, 26, 27, 28, 29, 30, 31, 32, 33, 34, 35, 36, 37, 38, 39, 40, 41, 42, 43, 44, 45, 46, 47, 48, 49, 50, 51, 52, 53, 54, 55, 56, 57, 58, 59, 60, 61, 62, 63, 64 ]:
 Order := 126886932185884164103433389335161480802865516174545192198801894375214704230400000000000000 >) |
[ PermutationGroup<64 |  
\[ 2, 3, 4, 5, 6, 7, 8, 9, 10, 11, 12, 13, 14, 15, 16, 17, 18, 19, 20, 21, 22, 23, 24, 25, 26, 27, 28, 29, 30, 31, 32, 33, 34, 35, 36, 37, 38, 39, 40, 41, 42, 43, 44, 45, 46, 47, 48, 49, 50, 51, 52, 53, 54, 55, 56, 57, 58, 59, 60, 61, 62, 63, 64, 1 ],
\[ 2, 1, 3, 4, 5, 6, 7, 8, 9, 10, 11, 12, 13, 14, 15, 16, 17, 18, 19, 20, 21, 22, 23, 24, 25, 26, 27, 28, 29, 30, 31, 32, 33, 34, 35, 36, 37, 38, 39, 40, 41, 42, 43, 44, 45, 46, 47, 48, 49, 50, 51, 52, 53, 54, 55, 56, 57, 58, 59, 60, 61, 62, 63, 64 ]:
 Order := 126886932185884164103433389335161480802865516174545192198801894375214704230400000000000000 > |
[ 55, 63, 43, 11, 34, 61, 13, 44, 58, 33, 37, 54, 39, 15, 28, 30, 5, 10, 14, 50, 48, 42, 56, 7, 46, 18, 4, 19, 51, 45, 49, 59, 26, 38, 20, 53, 27, 17, 24, 41, 8, 12, 36, 40, 62, 21, 32, 25, 29, 64, 31, 23, 3, 22, 9, 60, 47, 1, 57, 52, 2, 16, 6, 35 ],
[ 3, 10, 16, 22, 18, 26, 1, 30, 36, 20, 5, 43, 2, 50, 47, 27, 40, 57, 59, 4, 61, 53, 49, 6, 63, 64, 38, 35, 34, 48, 17, 7, 32, 8, 25, 45, 12, 33, 9, 62, 60, 28, 56, 23, 11, 55, 31, 58, 54, 21, 42, 13, 52, 14, 15, 24, 39, 19, 29, 51, 44, 46, 41, 37 ],
[ 48, 21, 22, 16, 31, 25, 56, 63, 46, 5, 20, 51, 32, 58, 54, 40, 27, 6, 42, 28, 62, 49, 53, 57, 30, 38, 64, 55, 23, 3, 60, 15, 2, 11, 26, 12, 45, 29, 52, 61, 17, 4, 1, 34, 8, 35, 18, 50, 47, 10, 59, 41, 9, 37, 7, 44, 19, 39, 33, 43, 24, 36, 13, 14 ]
]
];
s`RefinedPassportSize := 1;

/*
Return for eval
*/

return s;
