s := TwoDBInitialize();

/*
Magma printing
*/

s`Name := "64S13-4,8,8-g17-921492175";
s`Filename := "64S13-4,8,8-g17-921492175.m";
s`Degree := 64;
s`Orders := \[ 4, 8, 8 ];
s`Geometry := "Hyperbolic";
s`Genus := 17;
s`Level := 6;
s`PermutationTriple := [ PermutationGroup<64 |  
\[ 2, 3, 4, 5, 6, 7, 8, 9, 10, 11, 12, 13, 14, 15, 16, 17, 18, 19, 20, 21, 22, 23, 24, 25, 26, 27, 28, 29, 30, 31, 32, 33, 34, 35, 36, 37, 38, 39, 40, 41, 42, 43, 44, 45, 46, 47, 48, 49, 50, 51, 52, 53, 54, 55, 56, 57, 58, 59, 60, 61, 62, 63, 64, 1 ],
\[ 2, 1, 3, 4, 5, 6, 7, 8, 9, 10, 11, 12, 13, 14, 15, 16, 17, 18, 19, 20, 21, 22, 23, 24, 25, 26, 27, 28, 29, 30, 31, 32, 33, 34, 35, 36, 37, 38, 39, 40, 41, 42, 43, 44, 45, 46, 47, 48, 49, 50, 51, 52, 53, 54, 55, 56, 57, 58, 59, 60, 61, 62, 63, 64 ]:
 Order := 126886932185884164103433389335161480802865516174545192198801894375214704230400000000000000 > |
[ 2, 9, 8, 19, 11, 1, 30, 34, 6, 13, 38, 22, 27, 18, 47, 26, 3, 33, 12, 45, 54, 4, 14, 5, 61, 64, 29, 32, 10, 28, 53, 7, 23, 17, 37, 50, 31, 24, 49, 42, 48, 58, 56, 55, 43, 52, 36, 21, 44, 15, 16, 63, 35, 41, 39, 20, 46, 60, 62, 40, 59, 25, 57, 51 ],
[ 3, 10, 14, 6, 16, 27, 1, 35, 34, 23, 40, 2, 20, 28, 17, 46, 31, 12, 44, 22, 24, 39, 4, 58, 5, 56, 18, 9, 43, 15, 32, 36, 7, 33, 30, 8, 48, 64, 29, 57, 11, 37, 19, 13, 62, 59, 42, 50, 51, 60, 45, 41, 54, 47, 26, 61, 21, 52, 38, 53, 49, 55, 25, 63 ],
[ 4, 7, 15, 20, 21, 28, 31, 1, 12, 39, 25, 43, 2, 10, 48, 49, 9, 3, 23, 26, 37, 18, 34, 59, 45, 5, 44, 35, 6, 33, 42, 14, 27, 36, 60, 54, 8, 41, 62, 50, 53, 11, 51, 61, 13, 40, 30, 52, 22, 32, 38, 16, 17, 57, 19, 29, 64, 47, 56, 24, 63, 46, 58, 55 ]
];
s`MonodromyGroup := PermutationGroup<64 |  
\[ 2, 9, 8, 19, 11, 1, 30, 34, 6, 13, 38, 22, 27, 18, 47, 26, 3, 33, 12, 45, 54, 4, 14, 5, 61, 64, 29, 32, 10, 28, 53, 7, 23, 17, 37, 50, 31, 24, 49, 42, 48, 58, 56, 55, 43, 52, 36, 21, 44, 15, 16, 63, 35, 41, 39, 20, 46, 60, 62, 40, 59, 25, 57, 51 ],
\[ 3, 10, 14, 6, 16, 27, 1, 35, 34, 23, 40, 2, 20, 28, 17, 46, 31, 12, 44, 22, 24, 39, 4, 58, 5, 56, 18, 9, 43, 15, 32, 36, 7, 33, 30, 8, 48, 64, 29, 57, 11, 37, 19, 13, 62, 59, 42, 50, 51, 60, 45, 41, 54, 47, 26, 61, 21, 52, 38, 53, 49, 55, 25, 63 ],
\[ 4, 7, 15, 20, 21, 28, 31, 1, 12, 39, 25, 43, 2, 10, 48, 49, 9, 3, 23, 26, 37, 18, 34, 59, 45, 5, 44, 35, 6, 33, 42, 14, 27, 36, 60, 54, 8, 41, 62, 50, 53, 11, 51, 61, 13, 40, 30, 52, 22, 32, 38, 16, 17, 57, 19, 29, 64, 47, 56, 24, 63, 46, 58, 55 ] >;

/*
Edge printing
*/

s`Edges := [];
edge1 := TwoEdgeInitialize();
edge1`Blocks := {@ PowerSet(IntegerRing()) |
{ IntegerRing() | 1, 5 },
{ IntegerRing() | 2, 11 },
{ IntegerRing() | 3, 16 },
{ IntegerRing() | 4, 21 },
{ IntegerRing() | 6, 24 },
{ IntegerRing() | 7, 25 },
{ IntegerRing() | 8, 26 },
{ IntegerRing() | 9, 38 },
{ IntegerRing() | 10, 40 },
{ IntegerRing() | 12, 41 },
{ IntegerRing() | 13, 42 },
{ IntegerRing() | 14, 46 },
{ IntegerRing() | 15, 49 },
{ IntegerRing() | 17, 51 },
{ IntegerRing() | 18, 52 },
{ IntegerRing() | 19, 54 },
{ IntegerRing() | 20, 37 },
{ IntegerRing() | 22, 48 },
{ IntegerRing() | 23, 57 },
{ IntegerRing() | 27, 58 },
{ IntegerRing() | 28, 59 },
{ IntegerRing() | 29, 60 },
{ IntegerRing() | 30, 61 },
{ IntegerRing() | 31, 45 },
{ IntegerRing() | 32, 62 },
{ IntegerRing() | 33, 63 },
{ IntegerRing() | 34, 64 },
{ IntegerRing() | 35, 56 },
{ IntegerRing() | 36, 55 },
{ IntegerRing() | 39, 50 },
{ IntegerRing() | 43, 53 },
{ IntegerRing() | 44, 47 }
@};
edge1`UpstairsTriple := [ PermutationGroup<64 |  
\[ 2, 3, 4, 5, 6, 7, 8, 9, 10, 11, 12, 13, 14, 15, 16, 17, 18, 19, 20, 21, 22, 23, 24, 25, 26, 27, 28, 29, 30, 31, 32, 33, 34, 35, 36, 37, 38, 39, 40, 41, 42, 43, 44, 45, 46, 47, 48, 49, 50, 51, 52, 53, 54, 55, 56, 57, 58, 59, 60, 61, 62, 63, 64, 1 ],
\[ 2, 1, 3, 4, 5, 6, 7, 8, 9, 10, 11, 12, 13, 14, 15, 16, 17, 18, 19, 20, 21, 22, 23, 24, 25, 26, 27, 28, 29, 30, 31, 32, 33, 34, 35, 36, 37, 38, 39, 40, 41, 42, 43, 44, 45, 46, 47, 48, 49, 50, 51, 52, 53, 54, 55, 56, 57, 58, 59, 60, 61, 62, 63, 64 ]:
 Order := 126886932185884164103433389335161480802865516174545192198801894375214704230400000000000000 > |
[ 2, 9, 8, 19, 11, 1, 30, 34, 6, 13, 38, 22, 27, 18, 47, 26, 3, 33, 12, 45, 54, 4, 14, 5, 61, 64, 29, 32, 10, 28, 53, 7, 23, 17, 37, 50, 31, 24, 49, 42, 48, 58, 56, 55, 43, 52, 36, 21, 44, 15, 16, 63, 35, 41, 39, 20, 46, 60, 62, 40, 59, 25, 57, 51 ],
[ 3, 10, 14, 6, 16, 27, 1, 35, 34, 23, 40, 2, 20, 28, 17, 46, 31, 12, 44, 22, 24, 39, 4, 58, 5, 56, 18, 9, 43, 15, 32, 36, 7, 33, 30, 8, 48, 64, 29, 57, 11, 37, 19, 13, 62, 59, 42, 50, 51, 60, 45, 41, 54, 47, 26, 61, 21, 52, 38, 53, 49, 55, 25, 63 ],
[ 4, 7, 15, 20, 21, 28, 31, 1, 12, 39, 25, 43, 2, 10, 48, 49, 9, 3, 23, 26, 37, 18, 34, 59, 45, 5, 44, 35, 6, 33, 42, 14, 27, 36, 60, 54, 8, 41, 62, 50, 53, 11, 51, 61, 13, 40, 30, 52, 22, 32, 38, 16, 17, 57, 19, 29, 64, 47, 56, 24, 63, 46, 58, 55 ]
];
edge1`UpstairsFilename := "64S13-4,8,8-g17-921492175.m";
edge1`DownstairsTriple := [ PermutationGroup<32 |  
\[ 2, 3, 4, 5, 6, 7, 8, 9, 10, 11, 12, 13, 14, 15, 16, 17, 18, 19, 20, 21, 22, 23, 24, 25, 26, 27, 28, 29, 30, 31, 32, 1 ],
\[ 2, 1, 3, 4, 5, 6, 7, 8, 9, 10, 11, 12, 13, 14, 15, 16, 17, 18, 19, 20, 21, 22, 23, 24, 25, 26, 27, 28, 29, 30, 31, 32 ]:
 Order := 263130836933693530167218012160000000 > |
[ 6, 1, 8, 20, 2, 5, 26, 15, 11, 24, 22, 3, 16, 30, 12, 27, 4, 25, 17, 19, 13, 23, 9, 7, 31, 10, 21, 18, 32, 29, 28, 14 ],
[ 3, 9, 13, 2, 15, 22, 1, 28, 16, 5, 31, 25, 10, 12, 27, 19, 32, 17, 6, 30, 4, 21, 18, 29, 24, 14, 7, 26, 8, 23, 20, 11 ],
[ 4, 10, 14, 18, 19, 7, 25, 1, 30, 28, 2, 5, 22, 17, 29, 3, 16, 8, 31, 21, 15, 32, 6, 13, 23, 27, 9, 11, 20, 26, 12, 24 ]
];
edge1`DownstairsFilename := "32S10-4,8,4-g7-1560466583.m";
Append(~s`Edges, edge1);
edge2 := TwoEdgeInitialize();
edge2`Blocks := {@ PowerSet(IntegerRing()) |
{ IntegerRing() | 1, 5 },
{ IntegerRing() | 2, 6 },
{ IntegerRing() | 3, 15 },
{ IntegerRing() | 4, 19 },
{ IntegerRing() | 7, 10 },
{ IntegerRing() | 8, 12 },
{ IntegerRing() | 9, 22 },
{ IntegerRing() | 11, 23 },
{ IntegerRing() | 13, 27 },
{ IntegerRing() | 14, 29 },
{ IntegerRing() | 16, 21 },
{ IntegerRing() | 17, 20 },
{ IntegerRing() | 18, 32 },
{ IntegerRing() | 24, 26 },
{ IntegerRing() | 25, 28 },
{ IntegerRing() | 30, 35 },
{ IntegerRing() | 31, 33 },
{ IntegerRing() | 34, 41 },
{ IntegerRing() | 36, 38 },
{ IntegerRing() | 37, 45 },
{ IntegerRing() | 39, 42 },
{ IntegerRing() | 40, 48 },
{ IntegerRing() | 43, 44 },
{ IntegerRing() | 46, 51 },
{ IntegerRing() | 47, 49 },
{ IntegerRing() | 50, 58 },
{ IntegerRing() | 52, 54 },
{ IntegerRing() | 53, 61 },
{ IntegerRing() | 55, 57 },
{ IntegerRing() | 56, 63 },
{ IntegerRing() | 59, 60 },
{ IntegerRing() | 62, 64 }
@};
edge2`UpstairsTriple := [ PermutationGroup<64 |  
\[ 2, 3, 4, 5, 6, 7, 8, 9, 10, 11, 12, 13, 14, 15, 16, 17, 18, 19, 20, 21, 22, 23, 24, 25, 26, 27, 28, 29, 30, 31, 32, 33, 34, 35, 36, 37, 38, 39, 40, 41, 42, 43, 44, 45, 46, 47, 48, 49, 50, 51, 52, 53, 54, 55, 56, 57, 58, 59, 60, 61, 62, 63, 64, 1 ],
\[ 2, 1, 3, 4, 5, 6, 7, 8, 9, 10, 11, 12, 13, 14, 15, 16, 17, 18, 19, 20, 21, 22, 23, 24, 25, 26, 27, 28, 29, 30, 31, 32, 33, 34, 35, 36, 37, 38, 39, 40, 41, 42, 43, 44, 45, 46, 47, 48, 49, 50, 51, 52, 53, 54, 55, 56, 57, 58, 59, 60, 61, 62, 63, 64 ]:
 Order := 126886932185884164103433389335161480802865516174545192198801894375214704230400000000000000 > |
[ 6, 1, 8, 20, 2, 5, 26, 15, 11, 24, 22, 3, 16, 38, 12, 27, 4, 41, 17, 19, 13, 23, 9, 7, 35, 10, 21, 30, 36, 25, 42, 34, 39, 18, 28, 14, 46, 29, 31, 57, 32, 33, 54, 52, 51, 45, 50, 55, 58, 49, 37, 43, 62, 44, 40, 59, 48, 47, 63, 56, 64, 61, 60, 53 ],
[ 3, 9, 13, 2, 15, 22, 1, 28, 16, 5, 32, 25, 10, 12, 27, 19, 33, 17, 6, 31, 4, 21, 18, 29, 24, 14, 7, 26, 8, 37, 23, 20, 11, 47, 45, 44, 36, 43, 48, 34, 49, 40, 30, 35, 38, 60, 39, 41, 42, 63, 59, 61, 51, 53, 64, 55, 62, 56, 52, 54, 46, 58, 57, 50 ],
[ 4, 10, 14, 18, 19, 7, 25, 1, 31, 28, 2, 5, 22, 37, 29, 3, 16, 40, 32, 21, 15, 33, 6, 13, 43, 27, 9, 44, 45, 8, 47, 48, 49, 11, 12, 24, 53, 26, 17, 56, 23, 20, 59, 60, 61, 30, 62, 63, 64, 34, 35, 36, 55, 38, 39, 46, 42, 41, 58, 50, 57, 54, 51, 52 ]
];
edge2`UpstairsFilename := "64S13-4,8,8-g17-640685038.m";
edge2`DownstairsTriple := [ PermutationGroup<32 |  
\[ 2, 3, 4, 5, 6, 7, 8, 9, 10, 11, 12, 13, 14, 15, 16, 17, 18, 19, 20, 21, 22, 23, 24, 25, 26, 27, 28, 29, 30, 31, 32, 1 ],
\[ 2, 1, 3, 4, 5, 6, 7, 8, 9, 10, 11, 12, 13, 14, 15, 16, 17, 18, 19, 20, 21, 22, 23, 24, 25, 26, 27, 28, 29, 30, 31, 32 ]:
 Order := 263130836933693530167218012160000000 > |
[ 2, 1, 7, 15, 9, 20, 3, 10, 5, 8, 14, 28, 19, 11, 4, 26, 29, 32, 13, 6, 22, 21, 30, 25, 24, 16, 31, 12, 17, 23, 27, 18 ],
[ 3, 8, 11, 2, 13, 1, 21, 14, 24, 16, 6, 7, 27, 4, 23, 15, 9, 5, 26, 12, 20, 29, 10, 31, 22, 32, 18, 25, 28, 19, 17, 30 ],
[ 4, 6, 12, 16, 17, 21, 1, 23, 18, 2, 8, 29, 30, 3, 14, 19, 22, 26, 5, 11, 25, 7, 32, 28, 9, 10, 24, 20, 31, 15, 13, 27 ]
];
edge2`DownstairsFilename := "32S9-2,4,8-g3-2127854366.m";
Append(~s`Edges, edge2);
edge3 := TwoEdgeInitialize();
edge3`Blocks := {@ PowerSet(IntegerRing()) |
{ IntegerRing() | 1, 5 },
{ IntegerRing() | 2, 12 },
{ IntegerRing() | 3, 18 },
{ IntegerRing() | 4, 24 },
{ IntegerRing() | 6, 22 },
{ IntegerRing() | 7, 11 },
{ IntegerRing() | 8, 15 },
{ IntegerRing() | 9, 40 },
{ IntegerRing() | 10, 46 },
{ IntegerRing() | 13, 39 },
{ IntegerRing() | 14, 43 },
{ IntegerRing() | 16, 48 },
{ IntegerRing() | 17, 63 },
{ IntegerRing() | 19, 42 },
{ IntegerRing() | 20, 55 },
{ IntegerRing() | 21, 54 },
{ IntegerRing() | 23, 57 },
{ IntegerRing() | 25, 53 },
{ IntegerRing() | 26, 44 },
{ IntegerRing() | 27, 56 },
{ IntegerRing() | 28, 41 },
{ IntegerRing() | 29, 47 },
{ IntegerRing() | 30, 49 },
{ IntegerRing() | 31, 50 },
{ IntegerRing() | 32, 51 },
{ IntegerRing() | 33, 52 },
{ IntegerRing() | 34, 38 },
{ IntegerRing() | 35, 59 },
{ IntegerRing() | 36, 60 },
{ IntegerRing() | 37, 61 },
{ IntegerRing() | 45, 62 },
{ IntegerRing() | 58, 64 }
@};
edge3`UpstairsTriple := [ PermutationGroup<64 |  
\[ 2, 3, 4, 5, 6, 7, 8, 9, 10, 11, 12, 13, 14, 15, 16, 17, 18, 19, 20, 21, 22, 23, 24, 25, 26, 27, 28, 29, 30, 31, 32, 33, 34, 35, 36, 37, 38, 39, 40, 41, 42, 43, 44, 45, 46, 47, 48, 49, 50, 51, 52, 53, 54, 55, 56, 57, 58, 59, 60, 61, 62, 63, 64, 1 ],
\[ 2, 1, 3, 4, 5, 6, 7, 8, 9, 10, 11, 12, 13, 14, 15, 16, 17, 18, 19, 20, 21, 22, 23, 24, 25, 26, 27, 28, 29, 30, 31, 32, 33, 34, 35, 36, 37, 38, 39, 40, 41, 42, 43, 44, 45, 46, 47, 48, 49, 50, 51, 52, 53, 54, 55, 56, 57, 58, 59, 60, 61, 62, 63, 64 ]:
 Order := 126886932185884164103433389335161480802865516174545192198801894375214704230400000000000000 > |
[ 12, 40, 8, 54, 2, 5, 49, 38, 22, 14, 30, 9, 25, 27, 34, 20, 45, 15, 18, 33, 13, 1, 59, 21, 24, 16, 29, 32, 10, 28, 57, 11, 26, 19, 37, 58, 31, 42, 53, 6, 51, 3, 56, 48, 36, 43, 46, 55, 41, 23, 7, 44, 4, 39, 52, 47, 35, 17, 61, 64, 50, 60, 62, 63 ],
[ 3, 10, 16, 22, 18, 27, 1, 35, 38, 44, 5, 46, 2, 57, 59, 41, 42, 48, 50, 39, 58, 56, 53, 6, 45, 4, 55, 40, 37, 63, 51, 60, 7, 52, 49, 8, 21, 33, 12, 34, 9, 31, 23, 24, 29, 26, 61, 28, 17, 32, 36, 11, 62, 64, 13, 20, 25, 14, 30, 15, 54, 47, 19, 43 ],
[ 4, 11, 17, 23, 24, 28, 31, 1, 39, 45, 50, 7, 37, 2, 5, 46, 21, 63, 40, 3, 44, 41, 19, 57, 55, 38, 58, 59, 6, 52, 29, 48, 56, 60, 14, 25, 8, 36, 61, 13, 35, 9, 12, 34, 49, 62, 22, 10, 33, 47, 16, 27, 20, 26, 18, 64, 42, 51, 43, 53, 15, 30, 54, 32 ]
];
edge3`UpstairsFilename := "64S13-4,8,8-g17-2748534053.m";
edge3`DownstairsTriple := [ PermutationGroup<32 |  
\[ 2, 3, 4, 5, 6, 7, 8, 9, 10, 11, 12, 13, 14, 15, 16, 17, 18, 19, 20, 21, 22, 23, 24, 25, 26, 27, 28, 29, 30, 31, 32, 1 ],
\[ 2, 1, 3, 4, 5, 6, 7, 8, 9, 10, 11, 12, 13, 14, 15, 16, 17, 18, 19, 20, 21, 22, 23, 24, 25, 26, 27, 28, 29, 30, 31, 32 ]:
 Order := 263130836933693530167218012160000000 > |
[ 6, 1, 8, 20, 2, 5, 26, 15, 11, 24, 22, 3, 16, 32, 12, 27, 4, 28, 17, 19, 13, 23, 9, 7, 18, 10, 21, 30, 31, 25, 14, 29 ],
[ 3, 9, 13, 2, 15, 22, 1, 28, 16, 5, 30, 25, 10, 12, 27, 19, 32, 17, 6, 31, 4, 21, 18, 29, 24, 14, 7, 26, 8, 20, 23, 11 ],
[ 4, 10, 14, 18, 19, 7, 25, 1, 31, 28, 2, 5, 22, 20, 29, 3, 16, 12, 30, 21, 15, 32, 6, 13, 11, 27, 9, 23, 17, 8, 24, 26 ]
];
edge3`DownstairsFilename := "32S8-4,8,8-g9-2104742026.m";
Append(~s`Edges, edge3);

/*
Return for eval
*/

return s;
