s := TwoDBInitialize();

/*
Magma printing
*/

s`Name := "64S10-8,2,8-g9-610162301";
s`Filename := "64S10-8,2,8-g9-610162301.m";
s`Degree := 64;
s`Orders := \[ 8, 2, 8 ];
s`Geometry := "Hyperbolic";
s`Genus := 9;
s`Level := 6;
s`PermutationTriple := [ PermutationGroup<64 |  
\[ 2, 3, 4, 5, 6, 7, 8, 9, 10, 11, 12, 13, 14, 15, 16, 17, 18, 19, 20, 21, 22, 23, 24, 25, 26, 27, 28, 29, 30, 31, 32, 33, 34, 35, 36, 37, 38, 39, 40, 41, 42, 43, 44, 45, 46, 47, 48, 49, 50, 51, 52, 53, 54, 55, 56, 57, 58, 59, 60, 61, 62, 63, 64, 1 ],
\[ 2, 1, 3, 4, 5, 6, 7, 8, 9, 10, 11, 12, 13, 14, 15, 16, 17, 18, 19, 20, 21, 22, 23, 24, 25, 26, 27, 28, 29, 30, 31, 32, 33, 34, 35, 36, 37, 38, 39, 40, 41, 42, 43, 44, 45, 46, 47, 48, 49, 50, 51, 52, 53, 54, 55, 56, 57, 58, 59, 60, 61, 62, 63, 64 ]:
 Order := 126886932185884164103433389335161480802865516174545192198801894375214704230400000000000000 > |
[ 11, 22, 7, 42, 2, 5, 35, 6, 12, 13, 8, 57, 23, 29, 10, 49, 1, 31, 16, 19, 27, 17, 32, 25, 34, 28, 62, 33, 51, 26, 38, 3, 58, 55, 15, 37, 56, 47, 60, 20, 24, 40, 50, 4, 21, 14, 46, 39, 44, 59, 18, 43, 54, 64, 36, 41, 30, 9, 45, 61, 63, 52, 53, 48 ],
[ 3, 9, 1, 17, 10, 19, 24, 21, 2, 5, 26, 25, 36, 32, 31, 41, 4, 44, 6, 46, 8, 43, 53, 7, 12, 11, 34, 37, 58, 38, 15, 14, 60, 27, 39, 13, 28, 30, 35, 48, 16, 55, 22, 18, 51, 20, 52, 40, 63, 56, 45, 47, 23, 57, 42, 50, 54, 29, 64, 33, 62, 61, 49, 59 ],
[ 4, 10, 14, 18, 19, 21, 1, 26, 29, 31, 3, 2, 5, 20, 39, 6, 43, 45, 46, 48, 51, 9, 36, 16, 7, 38, 8, 11, 32, 54, 44, 53, 37, 12, 24, 42, 13, 15, 40, 55, 50, 17, 47, 63, 64, 52, 30, 59, 41, 22, 58, 61, 49, 23, 27, 28, 25, 60, 56, 35, 33, 34, 62, 57 ]
];
s`MonodromyGroup := PermutationGroup<64 |  
\[ 11, 22, 7, 42, 2, 5, 35, 6, 12, 13, 8, 57, 23, 29, 10, 49, 1, 31, 16, 19, 27, 17, 32, 25, 34, 28, 62, 33, 51, 26, 38, 3, 58, 55, 15, 37, 56, 47, 60, 20, 24, 40, 50, 4, 21, 14, 46, 39, 44, 59, 18, 43, 54, 64, 36, 41, 30, 9, 45, 61, 63, 52, 53, 48 ],
\[ 3, 9, 1, 17, 10, 19, 24, 21, 2, 5, 26, 25, 36, 32, 31, 41, 4, 44, 6, 46, 8, 43, 53, 7, 12, 11, 34, 37, 58, 38, 15, 14, 60, 27, 39, 13, 28, 30, 35, 48, 16, 55, 22, 18, 51, 20, 52, 40, 63, 56, 45, 47, 23, 57, 42, 50, 54, 29, 64, 33, 62, 61, 49, 59 ],
\[ 4, 10, 14, 18, 19, 21, 1, 26, 29, 31, 3, 2, 5, 20, 39, 6, 43, 45, 46, 48, 51, 9, 36, 16, 7, 38, 8, 11, 32, 54, 44, 53, 37, 12, 24, 42, 13, 15, 40, 55, 50, 17, 47, 63, 64, 52, 30, 59, 41, 22, 58, 61, 49, 23, 27, 28, 25, 60, 56, 35, 33, 34, 62, 57 ] >;

/*
Edge printing
*/

s`Edges := [];
edge1 := TwoEdgeInitialize();
edge1`Blocks := {@ PowerSet(IntegerRing()) |
{ IntegerRing() | 1, 5 },
{ IntegerRing() | 2, 11 },
{ IntegerRing() | 3, 10 },
{ IntegerRing() | 4, 19 },
{ IntegerRing() | 6, 17 },
{ IntegerRing() | 7, 13 },
{ IntegerRing() | 8, 22 },
{ IntegerRing() | 9, 26 },
{ IntegerRing() | 12, 28 },
{ IntegerRing() | 14, 31 },
{ IntegerRing() | 15, 32 },
{ IntegerRing() | 16, 42 },
{ IntegerRing() | 18, 46 },
{ IntegerRing() | 20, 44 },
{ IntegerRing() | 21, 43 },
{ IntegerRing() | 23, 35 },
{ IntegerRing() | 24, 36 },
{ IntegerRing() | 25, 37 },
{ IntegerRing() | 27, 50 },
{ IntegerRing() | 29, 38 },
{ IntegerRing() | 30, 58 },
{ IntegerRing() | 33, 57 },
{ IntegerRing() | 34, 56 },
{ IntegerRing() | 39, 53 },
{ IntegerRing() | 40, 49 },
{ IntegerRing() | 41, 55 },
{ IntegerRing() | 45, 52 },
{ IntegerRing() | 47, 51 },
{ IntegerRing() | 48, 63 },
{ IntegerRing() | 54, 60 },
{ IntegerRing() | 59, 62 },
{ IntegerRing() | 61, 64 }
@};
edge1`UpstairsTriple := [ PermutationGroup<64 |  
\[ 2, 3, 4, 5, 6, 7, 8, 9, 10, 11, 12, 13, 14, 15, 16, 17, 18, 19, 20, 21, 22, 23, 24, 25, 26, 27, 28, 29, 30, 31, 32, 33, 34, 35, 36, 37, 38, 39, 40, 41, 42, 43, 44, 45, 46, 47, 48, 49, 50, 51, 52, 53, 54, 55, 56, 57, 58, 59, 60, 61, 62, 63, 64, 1 ],
\[ 2, 1, 3, 4, 5, 6, 7, 8, 9, 10, 11, 12, 13, 14, 15, 16, 17, 18, 19, 20, 21, 22, 23, 24, 25, 26, 27, 28, 29, 30, 31, 32, 33, 34, 35, 36, 37, 38, 39, 40, 41, 42, 43, 44, 45, 46, 47, 48, 49, 50, 51, 52, 53, 54, 55, 56, 57, 58, 59, 60, 61, 62, 63, 64 ]:
 Order := 126886932185884164103433389335161480802865516174545192198801894375214704230400000000000000 > |
[ 11, 22, 7, 42, 2, 5, 35, 6, 12, 13, 8, 57, 23, 29, 10, 49, 1, 31, 16, 19, 27, 17, 32, 25, 34, 28, 62, 33, 51, 26, 38, 3, 58, 55, 15, 37, 56, 47, 60, 20, 24, 40, 50, 4, 21, 14, 46, 39, 44, 59, 18, 43, 54, 64, 36, 41, 30, 9, 45, 61, 63, 52, 53, 48 ],
[ 3, 9, 1, 17, 10, 19, 24, 21, 2, 5, 26, 25, 36, 32, 31, 41, 4, 44, 6, 46, 8, 43, 53, 7, 12, 11, 34, 37, 58, 38, 15, 14, 60, 27, 39, 13, 28, 30, 35, 48, 16, 55, 22, 18, 51, 20, 52, 40, 63, 56, 45, 47, 23, 57, 42, 50, 54, 29, 64, 33, 62, 61, 49, 59 ],
[ 4, 10, 14, 18, 19, 21, 1, 26, 29, 31, 3, 2, 5, 20, 39, 6, 43, 45, 46, 48, 51, 9, 36, 16, 7, 38, 8, 11, 32, 54, 44, 53, 37, 12, 24, 42, 13, 15, 40, 55, 50, 17, 47, 63, 64, 52, 30, 59, 41, 22, 58, 61, 49, 23, 27, 28, 25, 60, 56, 35, 33, 34, 62, 57 ]
];
edge1`UpstairsFilename := "64S10-8,2,8-g9-610162301.m";
edge1`DownstairsTriple := [ PermutationGroup<32 |  
\[ 2, 3, 4, 5, 6, 7, 8, 9, 10, 11, 12, 13, 14, 15, 16, 17, 18, 19, 20, 21, 22, 23, 24, 25, 26, 27, 28, 29, 30, 31, 32, 1 ],
\[ 2, 1, 3, 4, 5, 6, 7, 8, 9, 10, 11, 12, 13, 14, 15, 16, 17, 18, 19, 20, 21, 22, 23, 24, 25, 26, 27, 28, 29, 30, 31, 32 ]:
 Order := 263130836933693530167218012160000000 > |
[ 2, 8, 7, 15, 10, 1, 22, 6, 11, 25, 17, 27, 20, 3, 28, 12, 29, 4, 5, 21, 26, 14, 24, 30, 19, 13, 32, 18, 9, 31, 23, 16 ],
[ 3, 9, 1, 6, 13, 4, 23, 21, 2, 28, 24, 14, 5, 12, 31, 18, 19, 16, 17, 32, 8, 25, 7, 11, 22, 30, 29, 10, 27, 26, 15, 20 ],
[ 4, 3, 12, 16, 17, 21, 1, 9, 27, 13, 2, 18, 30, 25, 6, 20, 24, 10, 22, 5, 32, 23, 15, 7, 28, 8, 14, 31, 19, 11, 26, 29 ]
];
edge1`DownstairsFilename := "32S11-4,2,8-g3-2127903686.m";
Append(~s`Edges, edge1);
edge2 := TwoEdgeInitialize();
edge2`Blocks := {@ PowerSet(IntegerRing()) |
{ IntegerRing() | 1, 5 },
{ IntegerRing() | 2, 10 },
{ IntegerRing() | 3, 13 },
{ IntegerRing() | 4, 17 },
{ IntegerRing() | 6, 19 },
{ IntegerRing() | 7, 20 },
{ IntegerRing() | 8, 28 },
{ IntegerRing() | 9, 31 },
{ IntegerRing() | 11, 18 },
{ IntegerRing() | 12, 37 },
{ IntegerRing() | 14, 29 },
{ IntegerRing() | 15, 42 },
{ IntegerRing() | 16, 33 },
{ IntegerRing() | 21, 23 },
{ IntegerRing() | 22, 47 },
{ IntegerRing() | 24, 48 },
{ IntegerRing() | 25, 38 },
{ IntegerRing() | 26, 59 },
{ IntegerRing() | 27, 39 },
{ IntegerRing() | 30, 54 },
{ IntegerRing() | 32, 53 },
{ IntegerRing() | 34, 44 },
{ IntegerRing() | 35, 41 },
{ IntegerRing() | 36, 55 },
{ IntegerRing() | 40, 50 },
{ IntegerRing() | 43, 46 },
{ IntegerRing() | 45, 60 },
{ IntegerRing() | 49, 52 },
{ IntegerRing() | 51, 62 },
{ IntegerRing() | 56, 58 },
{ IntegerRing() | 57, 64 },
{ IntegerRing() | 61, 63 }
@};
edge2`UpstairsTriple := [ PermutationGroup<64 |  
\[ 2, 3, 4, 5, 6, 7, 8, 9, 10, 11, 12, 13, 14, 15, 16, 17, 18, 19, 20, 21, 22, 23, 24, 25, 26, 27, 28, 29, 30, 31, 32, 33, 34, 35, 36, 37, 38, 39, 40, 41, 42, 43, 44, 45, 46, 47, 48, 49, 50, 51, 52, 53, 54, 55, 56, 57, 58, 59, 60, 61, 62, 63, 64, 1 ],
\[ 2, 1, 3, 4, 5, 6, 7, 8, 9, 10, 11, 12, 13, 14, 15, 16, 17, 18, 19, 20, 21, 22, 23, 24, 25, 26, 27, 28, 29, 30, 31, 32, 33, 34, 35, 36, 37, 38, 39, 40, 41, 42, 43, 44, 45, 46, 47, 48, 49, 50, 51, 52, 53, 54, 55, 56, 57, 58, 59, 60, 61, 62, 63, 64 ]:
 Order := 126886932185884164103433389335161480802865516174545192198801894375214704230400000000000000 > |
[ 2, 8, 7, 15, 10, 1, 23, 26, 11, 28, 17, 35, 20, 3, 40, 44, 42, 4, 5, 21, 49, 6, 52, 25, 37, 57, 29, 59, 13, 48, 18, 9, 34, 54, 46, 58, 41, 12, 14, 36, 43, 50, 33, 30, 27, 16, 19, 38, 61, 55, 22, 63, 31, 24, 56, 32, 51, 53, 64, 39, 45, 47, 60, 62 ],
[ 3, 9, 1, 6, 13, 4, 24, 27, 2, 31, 33, 14, 5, 12, 41, 18, 19, 16, 17, 48, 22, 21, 47, 7, 55, 58, 8, 39, 37, 32, 10, 30, 11, 49, 42, 38, 29, 36, 28, 62, 15, 35, 60, 52, 46, 45, 23, 20, 34, 51, 50, 44, 54, 53, 25, 59, 63, 26, 56, 43, 64, 40, 57, 61 ],
[ 4, 3, 12, 16, 17, 21, 1, 9, 30, 13, 2, 36, 37, 28, 6, 45, 33, 10, 23, 5, 48, 50, 24, 53, 7, 27, 46, 31, 8, 52, 54, 59, 60, 11, 14, 62, 55, 20, 43, 41, 29, 19, 15, 18, 64, 42, 40, 32, 22, 35, 63, 47, 26, 49, 51, 25, 58, 38, 39, 57, 34, 61, 44, 56 ]
];
edge2`UpstairsFilename := "64S10-8,2,8-g9-3485104621.m";
edge2`DownstairsTriple := [ PermutationGroup<32 |  
\[ 2, 3, 4, 5, 6, 7, 8, 9, 10, 11, 12, 13, 14, 15, 16, 17, 18, 19, 20, 21, 22, 23, 24, 25, 26, 27, 28, 29, 30, 31, 32, 1 ],
\[ 2, 1, 3, 4, 5, 6, 7, 8, 9, 10, 11, 12, 13, 14, 15, 16, 17, 18, 19, 20, 21, 22, 23, 24, 25, 26, 27, 28, 29, 30, 31, 32 ]:
 Order := 263130836933693530167218012160000000 > |
[ 2, 8, 7, 15, 10, 1, 20, 18, 11, 21, 4, 30, 19, 3, 26, 29, 27, 5, 24, 31, 6, 23, 12, 14, 22, 28, 9, 17, 25, 32, 13, 16 ],
[ 3, 9, 1, 6, 13, 4, 22, 24, 2, 26, 16, 14, 5, 12, 30, 11, 18, 17, 32, 21, 20, 7, 28, 8, 27, 10, 25, 23, 31, 15, 29, 19 ],
[ 4, 3, 12, 16, 17, 20, 1, 9, 25, 13, 2, 28, 29, 8, 6, 19, 23, 24, 5, 22, 26, 27, 7, 32, 31, 30, 18, 10, 11, 14, 21, 15 ]
];
edge2`DownstairsFilename := "32S7-8,2,8-g5-2224065150.m";
Append(~s`Edges, edge2);
edge3 := TwoEdgeInitialize();
edge3`Blocks := {@ PowerSet(IntegerRing()) |
{ IntegerRing() | 1, 5 },
{ IntegerRing() | 2, 11 },
{ IntegerRing() | 3, 10 },
{ IntegerRing() | 4, 19 },
{ IntegerRing() | 6, 17 },
{ IntegerRing() | 7, 13 },
{ IntegerRing() | 8, 28 },
{ IntegerRing() | 9, 27 },
{ IntegerRing() | 12, 30 },
{ IntegerRing() | 14, 32 },
{ IntegerRing() | 15, 33 },
{ IntegerRing() | 16, 41 },
{ IntegerRing() | 18, 25 },
{ IntegerRing() | 20, 46 },
{ IntegerRing() | 21, 43 },
{ IntegerRing() | 22, 44 },
{ IntegerRing() | 23, 36 },
{ IntegerRing() | 24, 37 },
{ IntegerRing() | 26, 54 },
{ IntegerRing() | 29, 53 },
{ IntegerRing() | 31, 40 },
{ IntegerRing() | 34, 61 },
{ IntegerRing() | 35, 39 },
{ IntegerRing() | 38, 56 },
{ IntegerRing() | 42, 49 },
{ IntegerRing() | 45, 57 },
{ IntegerRing() | 47, 52 },
{ IntegerRing() | 48, 51 },
{ IntegerRing() | 50, 63 },
{ IntegerRing() | 55, 59 },
{ IntegerRing() | 58, 62 },
{ IntegerRing() | 60, 64 }
@};
edge3`UpstairsTriple := [ PermutationGroup<64 |  
\[ 2, 3, 4, 5, 6, 7, 8, 9, 10, 11, 12, 13, 14, 15, 16, 17, 18, 19, 20, 21, 22, 23, 24, 25, 26, 27, 28, 29, 30, 31, 32, 33, 34, 35, 36, 37, 38, 39, 40, 41, 42, 43, 44, 45, 46, 47, 48, 49, 50, 51, 52, 53, 54, 55, 56, 57, 58, 59, 60, 61, 62, 63, 64, 1 ],
\[ 2, 1, 3, 4, 5, 6, 7, 8, 9, 10, 11, 12, 13, 14, 15, 16, 17, 18, 19, 20, 21, 22, 23, 24, 25, 26, 27, 28, 29, 30, 31, 32, 33, 34, 35, 36, 37, 38, 39, 40, 41, 42, 43, 44, 45, 46, 47, 48, 49, 50, 51, 52, 53, 54, 55, 56, 57, 58, 59, 60, 61, 62, 63, 64 ]:
 Order := 126886932185884164103433389335161480802865516174545192198801894375214704230400000000000000 > |
[ 11, 28, 7, 41, 2, 5, 36, 54, 12, 13, 8, 61, 23, 56, 10, 27, 1, 57, 16, 19, 33, 17, 29, 25, 45, 62, 30, 26, 64, 34, 49, 38, 3, 59, 14, 53, 18, 24, 32, 42, 9, 35, 15, 6, 31, 4, 22, 46, 39, 43, 20, 44, 60, 58, 48, 37, 40, 47, 51, 63, 55, 52, 21, 50 ],
[ 3, 9, 1, 17, 10, 19, 24, 23, 2, 5, 27, 35, 37, 33, 32, 40, 4, 46, 6, 25, 44, 43, 8, 7, 20, 34, 11, 36, 45, 39, 41, 15, 14, 26, 12, 28, 13, 55, 30, 16, 31, 50, 22, 21, 29, 18, 51, 52, 63, 42, 47, 48, 57, 61, 38, 59, 53, 60, 56, 58, 54, 64, 49, 62 ],
[ 4, 10, 14, 18, 19, 21, 1, 27, 31, 32, 3, 2, 5, 12, 22, 6, 43, 13, 25, 47, 49, 51, 37, 55, 7, 36, 40, 9, 8, 11, 29, 30, 44, 39, 50, 24, 59, 15, 63, 53, 17, 16, 42, 48, 20, 52, 60, 38, 41, 62, 56, 64, 28, 23, 54, 33, 46, 61, 26, 57, 35, 34, 58, 45 ]
];
edge3`UpstairsFilename := "64S10-8,2,8-g9-4019032890.m";
edge3`DownstairsTriple := [ PermutationGroup<32 |  
\[ 2, 3, 4, 5, 6, 7, 8, 9, 10, 11, 12, 13, 14, 15, 16, 17, 18, 19, 20, 21, 22, 23, 24, 25, 26, 27, 28, 29, 30, 31, 32, 1 ],
\[ 2, 1, 3, 4, 5, 6, 7, 8, 9, 10, 11, 12, 13, 14, 15, 16, 17, 18, 19, 20, 21, 22, 23, 24, 25, 26, 27, 28, 29, 30, 31, 32 ]:
 Order := 263130836933693530167218012160000000 > |
[ 2, 8, 7, 15, 10, 1, 23, 19, 11, 22, 17, 29, 20, 3, 9, 30, 31, 4, 5, 21, 14, 6, 25, 16, 13, 32, 18, 12, 24, 26, 27, 28 ],
[ 3, 9, 1, 6, 13, 4, 24, 23, 2, 27, 28, 14, 5, 12, 26, 18, 19, 16, 17, 32, 22, 21, 8, 7, 30, 15, 10, 11, 31, 25, 29, 20 ],
[ 4, 3, 12, 16, 17, 21, 1, 9, 26, 13, 2, 11, 30, 22, 6, 7, 28, 10, 23, 5, 32, 27, 24, 31, 8, 25, 29, 20, 14, 18, 19, 15 ]
];
edge3`DownstairsFilename := "32S11-8,2,4-g3-3793760957.m";
Append(~s`Edges, edge3);

/*
Return for eval
*/

return s;
