s := TwoDBInitialize();

/*
Magma printing
*/

s`Name := "64S10-8,8,2-g9-2939492181";
s`Filename := "64S10-8,8,2-g9-2939492181.m";
s`Degree := 64;
s`Orders := \[ 8, 8, 2 ];
s`Geometry := "Hyperbolic";
s`Genus := 9;
s`Level := 6;
s`PermutationTriple := [ PermutationGroup<64 |  
\[ 2, 3, 4, 5, 6, 7, 8, 9, 10, 11, 12, 13, 14, 15, 16, 17, 18, 19, 20, 21, 22, 23, 24, 25, 26, 27, 28, 29, 30, 31, 32, 33, 34, 35, 36, 37, 38, 39, 40, 41, 42, 43, 44, 45, 46, 47, 48, 49, 50, 51, 52, 53, 54, 55, 56, 57, 58, 59, 60, 61, 62, 63, 64, 1 ],
\[ 2, 1, 3, 4, 5, 6, 7, 8, 9, 10, 11, 12, 13, 14, 15, 16, 17, 18, 19, 20, 21, 22, 23, 24, 25, 26, 27, 28, 29, 30, 31, 32, 33, 34, 35, 36, 37, 38, 39, 40, 41, 42, 43, 44, 45, 46, 47, 48, 49, 50, 51, 52, 53, 54, 55, 56, 57, 58, 59, 60, 61, 62, 63, 64 ]:
 Order := 126886932185884164103433389335161480802865516174545192198801894375214704230400000000000000 > |
[ 11, 23, 4, 35, 2, 5, 31, 6, 10, 24, 8, 57, 18, 15, 28, 13, 16, 42, 1, 32, 22, 62, 19, 30, 34, 27, 33, 40, 7, 29, 54, 56, 58, 52, 17, 25, 41, 21, 37, 39, 49, 3, 44, 59, 36, 55, 48, 51, 14, 47, 38, 20, 12, 9, 63, 45, 60, 53, 61, 26, 64, 50, 43, 46 ],
[ 3, 9, 14, 19, 16, 21, 1, 26, 15, 5, 29, 2, 6, 38, 42, 39, 43, 45, 47, 4, 49, 8, 53, 20, 7, 28, 11, 54, 37, 46, 36, 10, 32, 12, 52, 13, 17, 63, 50, 60, 30, 64, 51, 35, 48, 18, 40, 23, 58, 61, 56, 22, 41, 44, 24, 27, 25, 59, 31, 55, 33, 34, 57, 62 ],
[ 4, 10, 15, 1, 13, 22, 11, 27, 28, 2, 7, 23, 5, 21, 3, 37, 44, 36, 48, 35, 14, 6, 12, 32, 31, 40, 8, 9, 41, 55, 25, 24, 56, 57, 20, 18, 16, 43, 47, 26, 29, 46, 38, 17, 51, 42, 39, 19, 53, 64, 45, 62, 49, 59, 30, 33, 34, 61, 54, 63, 58, 52, 60, 50 ]
];
s`MonodromyGroup := PermutationGroup<64 |  
\[ 11, 23, 4, 35, 2, 5, 31, 6, 10, 24, 8, 57, 18, 15, 28, 13, 16, 42, 1, 32, 22, 62, 19, 30, 34, 27, 33, 40, 7, 29, 54, 56, 58, 52, 17, 25, 41, 21, 37, 39, 49, 3, 44, 59, 36, 55, 48, 51, 14, 47, 38, 20, 12, 9, 63, 45, 60, 53, 61, 26, 64, 50, 43, 46 ],
\[ 3, 9, 14, 19, 16, 21, 1, 26, 15, 5, 29, 2, 6, 38, 42, 39, 43, 45, 47, 4, 49, 8, 53, 20, 7, 28, 11, 54, 37, 46, 36, 10, 32, 12, 52, 13, 17, 63, 50, 60, 30, 64, 51, 35, 48, 18, 40, 23, 58, 61, 56, 22, 41, 44, 24, 27, 25, 59, 31, 55, 33, 34, 57, 62 ],
\[ 4, 10, 15, 1, 13, 22, 11, 27, 28, 2, 7, 23, 5, 21, 3, 37, 44, 36, 48, 35, 14, 6, 12, 32, 31, 40, 8, 9, 41, 55, 25, 24, 56, 57, 20, 18, 16, 43, 47, 26, 29, 46, 38, 17, 51, 42, 39, 19, 53, 64, 45, 62, 49, 59, 30, 33, 34, 61, 54, 63, 58, 52, 60, 50 ] >;

/*
Edge printing
*/

s`Edges := [];
edge1 := TwoEdgeInitialize();
edge1`Blocks := {@ PowerSet(IntegerRing()) |
{ IntegerRing() | 1, 5 },
{ IntegerRing() | 2, 11 },
{ IntegerRing() | 3, 16 },
{ IntegerRing() | 4, 13 },
{ IntegerRing() | 6, 19 },
{ IntegerRing() | 7, 10 },
{ IntegerRing() | 8, 23 },
{ IntegerRing() | 9, 29 },
{ IntegerRing() | 12, 27 },
{ IntegerRing() | 14, 39 },
{ IntegerRing() | 15, 37 },
{ IntegerRing() | 17, 42 },
{ IntegerRing() | 18, 35 },
{ IntegerRing() | 20, 36 },
{ IntegerRing() | 21, 47 },
{ IntegerRing() | 22, 48 },
{ IntegerRing() | 24, 31 },
{ IntegerRing() | 25, 32 },
{ IntegerRing() | 26, 53 },
{ IntegerRing() | 28, 41 },
{ IntegerRing() | 30, 54 },
{ IntegerRing() | 33, 57 },
{ IntegerRing() | 34, 56 },
{ IntegerRing() | 38, 50 },
{ IntegerRing() | 40, 49 },
{ IntegerRing() | 43, 64 },
{ IntegerRing() | 44, 46 },
{ IntegerRing() | 45, 52 },
{ IntegerRing() | 51, 62 },
{ IntegerRing() | 55, 59 },
{ IntegerRing() | 58, 60 },
{ IntegerRing() | 61, 63 }
@};
edge1`UpstairsTriple := [ PermutationGroup<64 |  
\[ 2, 3, 4, 5, 6, 7, 8, 9, 10, 11, 12, 13, 14, 15, 16, 17, 18, 19, 20, 21, 22, 23, 24, 25, 26, 27, 28, 29, 30, 31, 32, 33, 34, 35, 36, 37, 38, 39, 40, 41, 42, 43, 44, 45, 46, 47, 48, 49, 50, 51, 52, 53, 54, 55, 56, 57, 58, 59, 60, 61, 62, 63, 64, 1 ],
\[ 2, 1, 3, 4, 5, 6, 7, 8, 9, 10, 11, 12, 13, 14, 15, 16, 17, 18, 19, 20, 21, 22, 23, 24, 25, 26, 27, 28, 29, 30, 31, 32, 33, 34, 35, 36, 37, 38, 39, 40, 41, 42, 43, 44, 45, 46, 47, 48, 49, 50, 51, 52, 53, 54, 55, 56, 57, 58, 59, 60, 61, 62, 63, 64 ]:
 Order := 126886932185884164103433389335161480802865516174545192198801894375214704230400000000000000 > |
[ 11, 23, 4, 35, 2, 5, 31, 6, 10, 24, 8, 57, 18, 15, 28, 13, 16, 42, 1, 32, 22, 62, 19, 30, 34, 27, 33, 40, 7, 29, 54, 56, 58, 52, 17, 25, 41, 21, 37, 39, 49, 3, 44, 59, 36, 55, 48, 51, 14, 47, 38, 20, 12, 9, 63, 45, 60, 53, 61, 26, 64, 50, 43, 46 ],
[ 3, 9, 14, 19, 16, 21, 1, 26, 15, 5, 29, 2, 6, 38, 42, 39, 43, 45, 47, 4, 49, 8, 53, 20, 7, 28, 11, 54, 37, 46, 36, 10, 32, 12, 52, 13, 17, 63, 50, 60, 30, 64, 51, 35, 48, 18, 40, 23, 58, 61, 56, 22, 41, 44, 24, 27, 25, 59, 31, 55, 33, 34, 57, 62 ],
[ 4, 10, 15, 1, 13, 22, 11, 27, 28, 2, 7, 23, 5, 21, 3, 37, 44, 36, 48, 35, 14, 6, 12, 32, 31, 40, 8, 9, 41, 55, 25, 24, 56, 57, 20, 18, 16, 43, 47, 26, 29, 46, 38, 17, 51, 42, 39, 19, 53, 64, 45, 62, 49, 59, 30, 33, 34, 61, 54, 63, 58, 52, 60, 50 ]
];
edge1`UpstairsFilename := "64S10-8,8,2-g9-2939492181.m";
edge1`DownstairsTriple := [ PermutationGroup<32 |  
\[ 2, 3, 4, 5, 6, 7, 8, 9, 10, 11, 12, 13, 14, 15, 16, 17, 18, 19, 20, 21, 22, 23, 24, 25, 26, 27, 28, 29, 30, 31, 32, 1 ],
\[ 2, 1, 3, 4, 5, 6, 7, 8, 9, 10, 11, 12, 13, 14, 15, 16, 17, 18, 19, 20, 21, 22, 23, 24, 25, 26, 27, 28, 29, 30, 31, 32 ]:
 Order := 263130836933693530167218012160000000 > |
[ 2, 8, 4, 16, 10, 1, 23, 6, 7, 26, 14, 13, 27, 17, 3, 15, 25, 24, 5, 21, 22, 28, 29, 30, 11, 19, 31, 20, 9, 32, 12, 18 ],
[ 3, 9, 12, 6, 14, 21, 1, 25, 13, 28, 2, 20, 15, 24, 10, 32, 19, 4, 23, 5, 31, 8, 18, 7, 27, 16, 29, 30, 26, 11, 17, 22 ],
[ 4, 7, 13, 1, 17, 22, 2, 11, 27, 20, 8, 21, 3, 30, 26, 18, 5, 16, 29, 10, 12, 6, 24, 23, 31, 15, 9, 32, 19, 14, 25, 28 ]
];
edge1`DownstairsFilename := "32S11-4,8,2-g3-2804608932.m";
Append(~s`Edges, edge1);
edge2 := TwoEdgeInitialize();
edge2`Blocks := {@ PowerSet(IntegerRing()) |
{ IntegerRing() | 1, 5 },
{ IntegerRing() | 2, 10 },
{ IntegerRing() | 3, 14 },
{ IntegerRing() | 4, 17 },
{ IntegerRing() | 6, 19 },
{ IntegerRing() | 7, 20 },
{ IntegerRing() | 8, 28 },
{ IntegerRing() | 9, 32 },
{ IntegerRing() | 11, 15 },
{ IntegerRing() | 12, 37 },
{ IntegerRing() | 13, 34 },
{ IntegerRing() | 16, 44 },
{ IntegerRing() | 18, 38 },
{ IntegerRing() | 21, 24 },
{ IntegerRing() | 22, 47 },
{ IntegerRing() | 23, 45 },
{ IntegerRing() | 25, 48 },
{ IntegerRing() | 26, 58 },
{ IntegerRing() | 27, 41 },
{ IntegerRing() | 29, 33 },
{ IntegerRing() | 30, 55 },
{ IntegerRing() | 31, 43 },
{ IntegerRing() | 35, 64 },
{ IntegerRing() | 36, 46 },
{ IntegerRing() | 39, 51 },
{ IntegerRing() | 40, 50 },
{ IntegerRing() | 42, 52 },
{ IntegerRing() | 49, 54 },
{ IntegerRing() | 53, 63 },
{ IntegerRing() | 56, 61 },
{ IntegerRing() | 57, 62 },
{ IntegerRing() | 59, 60 }
@};
edge2`UpstairsTriple := [ PermutationGroup<64 |  
\[ 2, 3, 4, 5, 6, 7, 8, 9, 10, 11, 12, 13, 14, 15, 16, 17, 18, 19, 20, 21, 22, 23, 24, 25, 26, 27, 28, 29, 30, 31, 32, 33, 34, 35, 36, 37, 38, 39, 40, 41, 42, 43, 44, 45, 46, 47, 48, 49, 50, 51, 52, 53, 54, 55, 56, 57, 58, 59, 60, 61, 62, 63, 64, 1 ],
\[ 2, 1, 3, 4, 5, 6, 7, 8, 9, 10, 11, 12, 13, 14, 15, 16, 17, 18, 19, 20, 21, 22, 23, 24, 25, 26, 27, 28, 29, 30, 31, 32, 33, 34, 35, 36, 37, 38, 39, 40, 41, 42, 43, 44, 45, 46, 47, 48, 49, 50, 51, 52, 53, 54, 55, 56, 57, 58, 59, 60, 61, 62, 63, 64 ]:
 Order := 126886932185884164103433389335161480802865516174545192198801894375214704230400000000000000 > |
[ 2, 8, 4, 16, 10, 1, 24, 26, 7, 28, 14, 13, 39, 17, 3, 42, 44, 37, 5, 21, 22, 50, 6, 47, 55, 57, 11, 58, 32, 31, 38, 20, 9, 51, 36, 29, 34, 12, 49, 64, 15, 61, 18, 52, 19, 33, 40, 30, 48, 35, 54, 56, 23, 25, 43, 60, 53, 62, 41, 27, 59, 63, 45, 46 ],
[ 3, 9, 12, 6, 14, 21, 1, 27, 30, 32, 2, 35, 15, 37, 10, 43, 19, 4, 24, 5, 49, 23, 44, 54, 7, 36, 39, 41, 8, 42, 33, 55, 28, 11, 62, 38, 64, 17, 47, 13, 51, 63, 29, 31, 16, 18, 45, 20, 60, 34, 22, 53, 40, 59, 52, 25, 61, 46, 26, 58, 48, 56, 50, 57 ],
[ 4, 7, 13, 1, 17, 22, 2, 11, 31, 20, 8, 36, 3, 34, 28, 18, 5, 16, 47, 10, 48, 6, 52, 25, 24, 29, 49, 15, 26, 61, 9, 43, 58, 14, 63, 12, 46, 44, 40, 39, 54, 45, 32, 38, 42, 37, 19, 21, 27, 51, 50, 23, 64, 41, 56, 55, 59, 33, 57, 62, 30, 60, 35, 53 ]
];
edge2`UpstairsFilename := "64S10-8,8,2-g9-2025258715.m";
edge2`DownstairsTriple := [ PermutationGroup<32 |  
\[ 2, 3, 4, 5, 6, 7, 8, 9, 10, 11, 12, 13, 14, 15, 16, 17, 18, 19, 20, 21, 22, 23, 24, 25, 26, 27, 28, 29, 30, 31, 32, 1 ],
\[ 2, 1, 3, 4, 5, 6, 7, 8, 9, 10, 11, 12, 13, 14, 15, 16, 17, 18, 19, 20, 21, 22, 23, 24, 25, 26, 27, 28, 29, 30, 31, 32 ]:
 Order := 263130836933693530167218012160000000 > |
[ 2, 8, 4, 15, 10, 1, 20, 18, 7, 22, 3, 13, 31, 16, 29, 24, 12, 5, 30, 21, 28, 6, 26, 11, 9, 27, 17, 19, 14, 25, 32, 23 ],
[ 3, 9, 12, 6, 14, 20, 1, 24, 26, 28, 2, 19, 11, 23, 27, 18, 4, 30, 5, 32, 22, 15, 7, 31, 8, 29, 25, 13, 10, 17, 21, 16 ],
[ 4, 7, 13, 1, 16, 21, 2, 11, 27, 19, 8, 30, 3, 26, 17, 5, 15, 25, 10, 23, 6, 29, 20, 32, 18, 14, 9, 31, 22, 12, 28, 24 ]
];
edge2`DownstairsFilename := "32S7-8,8,2-g5-1487757405.m";
Append(~s`Edges, edge2);
edge3 := TwoEdgeInitialize();
edge3`Blocks := {@ PowerSet(IntegerRing()) |
{ IntegerRing() | 1, 5 },
{ IntegerRing() | 2, 11 },
{ IntegerRing() | 3, 16 },
{ IntegerRing() | 4, 13 },
{ IntegerRing() | 6, 19 },
{ IntegerRing() | 7, 10 },
{ IntegerRing() | 8, 28 },
{ IntegerRing() | 9, 32 },
{ IntegerRing() | 12, 27 },
{ IntegerRing() | 14, 25 },
{ IntegerRing() | 15, 38 },
{ IntegerRing() | 17, 41 },
{ IntegerRing() | 18, 36 },
{ IntegerRing() | 20, 37 },
{ IntegerRing() | 21, 46 },
{ IntegerRing() | 22, 47 },
{ IntegerRing() | 23, 48 },
{ IntegerRing() | 24, 33 },
{ IntegerRing() | 26, 57 },
{ IntegerRing() | 29, 55 },
{ IntegerRing() | 30, 35 },
{ IntegerRing() | 31, 52 },
{ IntegerRing() | 34, 60 },
{ IntegerRing() | 39, 56 },
{ IntegerRing() | 40, 45 },
{ IntegerRing() | 42, 63 },
{ IntegerRing() | 43, 54 },
{ IntegerRing() | 44, 53 },
{ IntegerRing() | 49, 50 },
{ IntegerRing() | 51, 64 },
{ IntegerRing() | 58, 62 },
{ IntegerRing() | 59, 61 }
@};
edge3`UpstairsTriple := [ PermutationGroup<64 |  
\[ 2, 3, 4, 5, 6, 7, 8, 9, 10, 11, 12, 13, 14, 15, 16, 17, 18, 19, 20, 21, 22, 23, 24, 25, 26, 27, 28, 29, 30, 31, 32, 33, 34, 35, 36, 37, 38, 39, 40, 41, 42, 43, 44, 45, 46, 47, 48, 49, 50, 51, 52, 53, 54, 55, 56, 57, 58, 59, 60, 61, 62, 63, 64, 1 ],
\[ 2, 1, 3, 4, 5, 6, 7, 8, 9, 10, 11, 12, 13, 14, 15, 16, 17, 18, 19, 20, 21, 22, 23, 24, 25, 26, 27, 28, 29, 30, 31, 32, 33, 34, 35, 36, 37, 38, 39, 40, 41, 42, 43, 44, 45, 46, 47, 48, 49, 50, 51, 52, 53, 54, 55, 56, 57, 58, 59, 60, 61, 62, 63, 64 ]:
 Order := 126886932185884164103433389335161480802865516174545192198801894375214704230400000000000000 > |
[ 11, 28, 4, 36, 2, 5, 33, 57, 10, 24, 8, 60, 18, 15, 45, 13, 16, 27, 1, 50, 22, 32, 19, 29, 38, 62, 34, 26, 63, 31, 39, 7, 55, 59, 52, 12, 49, 40, 25, 20, 3, 64, 23, 41, 37, 47, 9, 6, 35, 30, 46, 56, 17, 48, 42, 14, 58, 43, 53, 61, 44, 54, 51, 21 ],
[ 3, 9, 14, 19, 16, 21, 1, 18, 30, 5, 32, 2, 6, 10, 41, 25, 43, 45, 46, 4, 20, 48, 53, 56, 7, 33, 11, 36, 8, 27, 47, 35, 39, 50, 12, 40, 13, 17, 61, 29, 54, 15, 42, 31, 55, 37, 23, 44, 51, 64, 62, 22, 52, 63, 28, 59, 24, 60, 26, 49, 57, 34, 38, 58 ],
[ 4, 10, 15, 1, 13, 22, 11, 27, 31, 2, 7, 28, 5, 24, 3, 38, 23, 37, 47, 36, 50, 6, 17, 14, 33, 55, 8, 12, 57, 34, 9, 52, 25, 30, 60, 20, 18, 16, 44, 63, 48, 45, 64, 39, 42, 49, 19, 41, 46, 21, 54, 32, 56, 51, 26, 53, 29, 61, 62, 35, 58, 59, 40, 43 ]
];
edge3`UpstairsFilename := "64S10-8,8,2-g9-3388953733.m";
edge3`DownstairsTriple := [ PermutationGroup<32 |  
\[ 2, 3, 4, 5, 6, 7, 8, 9, 10, 11, 12, 13, 14, 15, 16, 17, 18, 19, 20, 21, 22, 23, 24, 25, 26, 27, 28, 29, 30, 31, 32, 1 ],
\[ 2, 1, 3, 4, 5, 6, 7, 8, 9, 10, 11, 12, 13, 14, 15, 16, 17, 18, 19, 20, 21, 22, 23, 24, 25, 26, 27, 28, 29, 30, 31, 32 ]:
 Order := 263130836933693530167218012160000000 > |
[ 2, 8, 4, 16, 10, 1, 24, 19, 7, 23, 14, 13, 31, 17, 3, 11, 32, 29, 5, 21, 22, 9, 6, 25, 28, 27, 30, 20, 26, 12, 18, 15 ],
[ 3, 9, 12, 6, 14, 21, 1, 16, 26, 28, 2, 7, 15, 29, 10, 31, 19, 4, 24, 5, 18, 23, 32, 30, 8, 11, 22, 13, 20, 17, 25, 27 ],
[ 4, 7, 13, 1, 17, 22, 2, 11, 27, 20, 8, 24, 3, 26, 23, 18, 5, 16, 25, 10, 29, 6, 15, 12, 19, 14, 9, 31, 21, 32, 28, 30 ]
];
edge3`DownstairsFilename := "32S11-8,4,2-g3-3185716309.m";
Append(~s`Edges, edge3);

/*
Return for eval
*/

return s;
