s := TwoDBInitialize();

/*
Magma printing
*/

s`Name := "64S29-16,4,16-g21-1636949406";
s`Filename := "64S29-16,4,16-g21-1636949406.m";
s`Degree := 64;
s`Orders := \[ 16, 4, 16 ];
s`Geometry := "Hyperbolic";
s`Genus := 21;
s`Level := 6;
s`PermutationTriple := [ PermutationGroup<64 |  
\[ 2, 3, 4, 5, 6, 7, 8, 9, 10, 11, 12, 13, 14, 15, 16, 17, 18, 19, 20, 21, 22, 23, 24, 25, 26, 27, 28, 29, 30, 31, 32, 33, 34, 35, 36, 37, 38, 39, 40, 41, 42, 43, 44, 45, 46, 47, 48, 49, 50, 51, 52, 53, 54, 55, 56, 57, 58, 59, 60, 61, 62, 63, 64, 1 ],
\[ 2, 1, 3, 4, 5, 6, 7, 8, 9, 10, 11, 12, 13, 14, 15, 16, 17, 18, 19, 20, 21, 22, 23, 24, 25, 26, 27, 28, 29, 30, 31, 32, 33, 34, 35, 36, 37, 38, 39, 40, 41, 42, 43, 44, 45, 46, 47, 48, 49, 50, 51, 52, 53, 54, 55, 56, 57, 58, 59, 60, 61, 62, 63, 64 ]:
 Order := 126886932185884164103433389335161480802865516174545192198801894375214704230400000000000000 > |
[ 2, 9, 8, 19, 11, 1, 27, 29, 32, 13, 33, 37, 39, 18, 5, 10, 3, 36, 12, 28, 7, 4, 14, 16, 21, 6, 34, 38, 35, 31, 40, 53, 54, 56, 57, 51, 52, 30, 55, 58, 15, 17, 42, 23, 20, 24, 44, 22, 25, 26, 59, 63, 47, 64, 48, 60, 49, 61, 50, 43, 41, 46, 62, 45 ],
[ 3, 10, 14, 6, 16, 24, 1, 30, 29, 18, 8, 2, 31, 7, 17, 38, 28, 12, 5, 22, 15, 41, 4, 23, 26, 42, 11, 21, 36, 27, 37, 39, 13, 9, 40, 34, 33, 19, 51, 56, 46, 44, 45, 25, 49, 20, 48, 50, 61, 62, 52, 32, 57, 35, 58, 54, 59, 63, 60, 53, 43, 47, 64, 55 ],
[ 4, 7, 15, 20, 21, 25, 28, 1, 12, 5, 19, 38, 2, 24, 22, 6, 26, 3, 23, 43, 44, 47, 42, 41, 45, 48, 14, 46, 11, 16, 8, 34, 27, 30, 9, 10, 18, 17, 33, 13, 49, 61, 59, 62, 63, 50, 60, 64, 53, 57, 29, 31, 52, 37, 32, 36, 54, 35, 39, 40, 55, 58, 51, 56 ]
];
s`MonodromyGroup := PermutationGroup<64 |  
\[ 2, 9, 8, 19, 11, 1, 27, 29, 32, 13, 33, 37, 39, 18, 5, 10, 3, 36, 12, 28, 7, 4, 14, 16, 21, 6, 34, 38, 35, 31, 40, 53, 54, 56, 57, 51, 52, 30, 55, 58, 15, 17, 42, 23, 20, 24, 44, 22, 25, 26, 59, 63, 47, 64, 48, 60, 49, 61, 50, 43, 41, 46, 62, 45 ],
\[ 3, 10, 14, 6, 16, 24, 1, 30, 29, 18, 8, 2, 31, 7, 17, 38, 28, 12, 5, 22, 15, 41, 4, 23, 26, 42, 11, 21, 36, 27, 37, 39, 13, 9, 40, 34, 33, 19, 51, 56, 46, 44, 45, 25, 49, 20, 48, 50, 61, 62, 52, 32, 57, 35, 58, 54, 59, 63, 60, 53, 43, 47, 64, 55 ],
\[ 4, 7, 15, 20, 21, 25, 28, 1, 12, 5, 19, 38, 2, 24, 22, 6, 26, 3, 23, 43, 44, 47, 42, 41, 45, 48, 14, 46, 11, 16, 8, 34, 27, 30, 9, 10, 18, 17, 33, 13, 49, 61, 59, 62, 63, 50, 60, 64, 53, 57, 29, 31, 52, 37, 32, 36, 54, 35, 39, 40, 55, 58, 51, 56 ] >;

/*
Edge printing
*/

s`Edges := [];
edge1 := TwoEdgeInitialize();
edge1`Blocks := {@ PowerSet(IntegerRing()) |
{ IntegerRing() | 1, 5 },
{ IntegerRing() | 2, 11 },
{ IntegerRing() | 3, 16 },
{ IntegerRing() | 4, 21 },
{ IntegerRing() | 6, 15 },
{ IntegerRing() | 7, 19 },
{ IntegerRing() | 8, 10 },
{ IntegerRing() | 9, 33 },
{ IntegerRing() | 12, 27 },
{ IntegerRing() | 13, 29 },
{ IntegerRing() | 14, 38 },
{ IntegerRing() | 17, 24 },
{ IntegerRing() | 18, 30 },
{ IntegerRing() | 20, 44 },
{ IntegerRing() | 22, 25 },
{ IntegerRing() | 23, 28 },
{ IntegerRing() | 26, 41 },
{ IntegerRing() | 31, 36 },
{ IntegerRing() | 32, 54 },
{ IntegerRing() | 34, 37 },
{ IntegerRing() | 35, 39 },
{ IntegerRing() | 40, 51 },
{ IntegerRing() | 42, 46 },
{ IntegerRing() | 43, 62 },
{ IntegerRing() | 45, 47 },
{ IntegerRing() | 48, 49 },
{ IntegerRing() | 50, 61 },
{ IntegerRing() | 52, 56 },
{ IntegerRing() | 53, 64 },
{ IntegerRing() | 55, 57 },
{ IntegerRing() | 58, 59 },
{ IntegerRing() | 60, 63 }
@};
edge1`UpstairsTriple := [ PermutationGroup<64 |  
\[ 2, 3, 4, 5, 6, 7, 8, 9, 10, 11, 12, 13, 14, 15, 16, 17, 18, 19, 20, 21, 22, 23, 24, 25, 26, 27, 28, 29, 30, 31, 32, 33, 34, 35, 36, 37, 38, 39, 40, 41, 42, 43, 44, 45, 46, 47, 48, 49, 50, 51, 52, 53, 54, 55, 56, 57, 58, 59, 60, 61, 62, 63, 64, 1 ],
\[ 2, 1, 3, 4, 5, 6, 7, 8, 9, 10, 11, 12, 13, 14, 15, 16, 17, 18, 19, 20, 21, 22, 23, 24, 25, 26, 27, 28, 29, 30, 31, 32, 33, 34, 35, 36, 37, 38, 39, 40, 41, 42, 43, 44, 45, 46, 47, 48, 49, 50, 51, 52, 53, 54, 55, 56, 57, 58, 59, 60, 61, 62, 63, 64 ]:
 Order := 126886932185884164103433389335161480802865516174545192198801894375214704230400000000000000 > |
[ 2, 9, 8, 19, 11, 1, 27, 29, 32, 13, 33, 37, 39, 18, 5, 10, 3, 36, 12, 28, 7, 4, 14, 16, 21, 6, 34, 38, 35, 31, 40, 53, 54, 56, 57, 51, 52, 30, 55, 58, 15, 17, 42, 23, 20, 24, 44, 22, 25, 26, 59, 63, 47, 64, 48, 60, 49, 61, 50, 43, 41, 46, 62, 45 ],
[ 3, 10, 14, 6, 16, 24, 1, 30, 29, 18, 8, 2, 31, 7, 17, 38, 28, 12, 5, 22, 15, 41, 4, 23, 26, 42, 11, 21, 36, 27, 37, 39, 13, 9, 40, 34, 33, 19, 51, 56, 46, 44, 45, 25, 49, 20, 48, 50, 61, 62, 52, 32, 57, 35, 58, 54, 59, 63, 60, 53, 43, 47, 64, 55 ],
[ 4, 7, 15, 20, 21, 25, 28, 1, 12, 5, 19, 38, 2, 24, 22, 6, 26, 3, 23, 43, 44, 47, 42, 41, 45, 48, 14, 46, 11, 16, 8, 34, 27, 30, 9, 10, 18, 17, 33, 13, 49, 61, 59, 62, 63, 50, 60, 64, 53, 57, 29, 31, 52, 37, 32, 36, 54, 35, 39, 40, 55, 58, 51, 56 ]
];
edge1`UpstairsFilename := "64S29-16,4,16-g21-1636949406.m";
edge1`DownstairsTriple := [ PermutationGroup<32 |  
\[ 2, 3, 4, 5, 6, 7, 8, 9, 10, 11, 12, 13, 14, 15, 16, 17, 18, 19, 20, 21, 22, 23, 24, 25, 26, 27, 28, 29, 30, 31, 32, 1 ],
\[ 2, 1, 3, 4, 5, 6, 7, 8, 9, 10, 11, 12, 13, 14, 15, 16, 17, 18, 19, 20, 21, 22, 23, 24, 25, 26, 27, 28, 29, 30, 31, 32 ]:
 Order := 263130836933693530167218012160000000 > |
[ 2, 9, 8, 7, 10, 1, 11, 12, 15, 24, 23, 19, 16, 22, 3, 18, 21, 4, 13, 5, 25, 26, 6, 28, 32, 31, 29, 14, 30, 17, 27, 20 ],
[ 14, 22, 27, 20, 3, 28, 5, 29, 26, 8, 10, 30, 21, 13, 31, 25, 6, 32, 17, 15, 1, 16, 24, 12, 2, 18, 7, 19, 11, 23, 4, 9 ],
[ 17, 21, 20, 26, 4, 30, 31, 5, 25, 7, 27, 10, 28, 6, 32, 14, 12, 22, 24, 18, 19, 1, 29, 11, 13, 2, 15, 23, 3, 8, 9, 16 ]
];
edge1`DownstairsFilename := "32S16-16,4,16-g11-1264883273.m";
Append(~s`Edges, edge1);
edge2 := TwoEdgeInitialize();
edge2`Blocks := {@ PowerSet(IntegerRing()) |
{ IntegerRing() | 1, 5 },
{ IntegerRing() | 2, 11 },
{ IntegerRing() | 3, 7 },
{ IntegerRing() | 4, 20 },
{ IntegerRing() | 6, 18 },
{ IntegerRing() | 8, 14 },
{ IntegerRing() | 9, 33 },
{ IntegerRing() | 10, 12 },
{ IntegerRing() | 13, 35 },
{ IntegerRing() | 15, 25 },
{ IntegerRing() | 16, 26 },
{ IntegerRing() | 17, 24 },
{ IntegerRing() | 19, 45 },
{ IntegerRing() | 21, 41 },
{ IntegerRing() | 22, 43 },
{ IntegerRing() | 23, 42 },
{ IntegerRing() | 27, 32 },
{ IntegerRing() | 28, 29 },
{ IntegerRing() | 30, 39 },
{ IntegerRing() | 31, 51 },
{ IntegerRing() | 34, 55 },
{ IntegerRing() | 36, 37 },
{ IntegerRing() | 38, 52 },
{ IntegerRing() | 40, 57 },
{ IntegerRing() | 44, 49 },
{ IntegerRing() | 46, 62 },
{ IntegerRing() | 47, 50 },
{ IntegerRing() | 48, 61 },
{ IntegerRing() | 53, 59 },
{ IntegerRing() | 54, 63 },
{ IntegerRing() | 56, 60 },
{ IntegerRing() | 58, 64 }
@};
edge2`UpstairsTriple := [ PermutationGroup<64 |  
\[ 2, 3, 4, 5, 6, 7, 8, 9, 10, 11, 12, 13, 14, 15, 16, 17, 18, 19, 20, 21, 22, 23, 24, 25, 26, 27, 28, 29, 30, 31, 32, 33, 34, 35, 36, 37, 38, 39, 40, 41, 42, 43, 44, 45, 46, 47, 48, 49, 50, 51, 52, 53, 54, 55, 56, 57, 58, 59, 60, 61, 62, 63, 64, 1 ],
\[ 2, 1, 3, 4, 5, 6, 7, 8, 9, 10, 11, 12, 13, 14, 15, 16, 17, 18, 19, 20, 21, 22, 23, 24, 25, 26, 27, 28, 29, 30, 31, 32, 33, 34, 35, 36, 37, 38, 39, 40, 41, 42, 43, 44, 45, 46, 47, 48, 49, 50, 51, 52, 53, 54, 55, 56, 57, 58, 59, 60, 61, 62, 63, 64 ]:
 Order := 126886932185884164103433389335161480802865516174545192198801894375214704230400000000000000 > |
[ 11, 33, 8, 24, 2, 5, 14, 32, 51, 13, 9, 35, 52, 27, 37, 7, 12, 1, 25, 17, 20, 26, 18, 10, 36, 3, 55, 30, 39, 57, 59, 34, 31, 60, 38, 28, 29, 63, 40, 64, 4, 6, 16, 22, 15, 45, 23, 41, 43, 42, 53, 54, 50, 61, 56, 44, 58, 46, 47, 49, 21, 19, 48, 62 ],
[ 3, 10, 5, 18, 7, 4, 1, 28, 32, 11, 12, 2, 39, 29, 26, 15, 36, 20, 41, 6, 19, 42, 22, 37, 16, 25, 9, 14, 8, 13, 52, 33, 27, 57, 30, 24, 17, 31, 35, 34, 45, 43, 23, 62, 21, 44, 61, 47, 46, 48, 38, 51, 60, 64, 40, 53, 55, 54, 56, 59, 50, 49, 58, 63 ],
[ 4, 3, 15, 19, 20, 22, 25, 1, 10, 36, 7, 37, 2, 5, 41, 42, 18, 43, 44, 45, 47, 46, 48, 6, 21, 23, 28, 17, 24, 8, 32, 29, 12, 9, 11, 26, 16, 39, 14, 13, 50, 61, 62, 59, 49, 63, 60, 64, 53, 56, 27, 30, 52, 31, 33, 57, 35, 34, 38, 40, 58, 54, 51, 55 ]
];
edge2`UpstairsFilename := "64S29-16,4,16-g21-2011104074.m";
edge2`DownstairsTriple := [ PermutationGroup<32 |  
\[ 2, 3, 4, 5, 6, 7, 8, 9, 10, 11, 12, 13, 14, 15, 16, 17, 18, 19, 20, 21, 22, 23, 24, 25, 26, 27, 28, 29, 30, 31, 32, 1 ],
\[ 2, 1, 3, 4, 5, 6, 7, 8, 9, 10, 11, 12, 13, 14, 15, 16, 17, 18, 19, 20, 21, 22, 23, 24, 25, 26, 27, 28, 29, 30, 31, 32 ]:
 Order := 263130836933693530167218012160000000 > |
[ 2, 8, 7, 15, 10, 1, 23, 19, 11, 22, 17, 27, 20, 3, 9, 12, 30, 4, 5, 21, 14, 6, 26, 25, 29, 13, 24, 18, 32, 28, 16, 31 ],
[ 3, 9, 1, 6, 13, 4, 24, 23, 2, 28, 25, 14, 5, 12, 27, 18, 19, 16, 17, 31, 22, 21, 8, 7, 11, 29, 15, 10, 26, 32, 20, 30 ],
[ 4, 3, 12, 16, 17, 21, 1, 9, 27, 13, 2, 18, 29, 22, 6, 20, 25, 10, 23, 5, 31, 28, 24, 15, 7, 8, 14, 32, 11, 19, 30, 26 ]
];
edge2`DownstairsFilename := "32S5-8,2,8-g5-2840669646.m";
Append(~s`Edges, edge2);
edge3 := TwoEdgeInitialize();
edge3`Blocks := {@ PowerSet(IntegerRing()) |
{ IntegerRing() | 1, 5 },
{ IntegerRing() | 2, 12 },
{ IntegerRing() | 3, 17 },
{ IntegerRing() | 4, 21 },
{ IntegerRing() | 6, 19 },
{ IntegerRing() | 7, 11 },
{ IntegerRing() | 8, 14 },
{ IntegerRing() | 9, 31 },
{ IntegerRing() | 10, 27 },
{ IntegerRing() | 13, 35 },
{ IntegerRing() | 15, 37 },
{ IntegerRing() | 16, 23 },
{ IntegerRing() | 18, 30 },
{ IntegerRing() | 20, 26 },
{ IntegerRing() | 22, 41 },
{ IntegerRing() | 24, 28 },
{ IntegerRing() | 25, 43 },
{ IntegerRing() | 29, 33 },
{ IntegerRing() | 32, 40 },
{ IntegerRing() | 34, 52 },
{ IntegerRing() | 36, 39 },
{ IntegerRing() | 38, 54 },
{ IntegerRing() | 42, 48 },
{ IntegerRing() | 44, 47 },
{ IntegerRing() | 45, 50 },
{ IntegerRing() | 46, 61 },
{ IntegerRing() | 49, 62 },
{ IntegerRing() | 51, 56 },
{ IntegerRing() | 53, 58 },
{ IntegerRing() | 55, 60 },
{ IntegerRing() | 57, 63 },
{ IntegerRing() | 59, 64 }
@};
edge3`UpstairsTriple := [ PermutationGroup<64 |  
\[ 2, 3, 4, 5, 6, 7, 8, 9, 10, 11, 12, 13, 14, 15, 16, 17, 18, 19, 20, 21, 22, 23, 24, 25, 26, 27, 28, 29, 30, 31, 32, 33, 34, 35, 36, 37, 38, 39, 40, 41, 42, 43, 44, 45, 46, 47, 48, 49, 50, 51, 52, 53, 54, 55, 56, 57, 58, 59, 60, 61, 62, 63, 64, 1 ],
\[ 2, 1, 3, 4, 5, 6, 7, 8, 9, 10, 11, 12, 13, 14, 15, 16, 17, 18, 19, 20, 21, 22, 23, 24, 25, 26, 27, 28, 29, 30, 31, 32, 33, 34, 35, 36, 37, 38, 39, 40, 41, 42, 43, 44, 45, 46, 47, 48, 49, 50, 51, 52, 53, 54, 55, 56, 57, 58, 59, 60, 61, 62, 63, 64 ]:
 Order := 126886932185884164103433389335161480802865516174545192198801894375214704230400000000000000 > |
[ 12, 31, 8, 17, 2, 5, 10, 33, 40, 13, 27, 9, 54, 29, 18, 37, 14, 39, 1, 6, 3, 21, 15, 7, 28, 19, 35, 11, 52, 36, 32, 58, 34, 63, 38, 51, 30, 60, 56, 53, 4, 23, 24, 22, 26, 48, 41, 16, 43, 20, 64, 57, 61, 55, 44, 59, 62, 46, 45, 47, 42, 25, 49, 50 ],
[ 3, 10, 15, 19, 17, 24, 1, 2, 33, 30, 5, 27, 9, 12, 7, 21, 37, 14, 28, 41, 6, 42, 4, 16, 20, 22, 18, 23, 36, 8, 29, 54, 39, 32, 31, 35, 11, 56, 13, 38, 48, 43, 26, 50, 62, 44, 45, 25, 46, 49, 34, 40, 63, 51, 53, 52, 64, 57, 55, 58, 47, 61, 59, 60 ],
[ 4, 11, 16, 20, 21, 25, 6, 1, 14, 15, 19, 7, 2, 5, 28, 41, 23, 3, 43, 44, 26, 46, 22, 42, 45, 47, 37, 48, 18, 17, 8, 35, 30, 9, 12, 10, 24, 36, 27, 13, 61, 62, 50, 59, 63, 60, 64, 49, 53, 57, 29, 31, 52, 39, 32, 33, 56, 34, 38, 40, 55, 58, 51, 54 ]
];
edge3`UpstairsFilename := "64S29-16,4,16-g21-1183075233.m";
edge3`DownstairsTriple := [ PermutationGroup<32 |  
\[ 2, 3, 4, 5, 6, 7, 8, 9, 10, 11, 12, 13, 14, 15, 16, 17, 18, 19, 20, 21, 22, 23, 24, 25, 26, 27, 28, 29, 30, 31, 32, 1 ],
\[ 2, 1, 3, 4, 5, 6, 7, 8, 9, 10, 11, 12, 13, 14, 15, 16, 17, 18, 19, 20, 21, 22, 23, 24, 25, 26, 27, 28, 29, 30, 31, 32 ]:
 Order := 263130836933693530167218012160000000 > |
[ 10, 20, 8, 3, 2, 5, 11, 12, 28, 9, 18, 21, 7, 1, 14, 13, 4, 22, 32, 19, 30, 31, 6, 17, 23, 15, 16, 29, 25, 27, 24, 26 ],
[ 3, 8, 5, 14, 7, 4, 1, 10, 12, 11, 2, 20, 6, 13, 17, 15, 23, 9, 21, 18, 28, 19, 16, 26, 24, 27, 25, 22, 30, 32, 29, 31 ],
[ 4, 3, 6, 15, 13, 17, 14, 1, 8, 7, 5, 2, 23, 16, 24, 26, 25, 10, 12, 11, 9, 20, 27, 32, 31, 30, 29, 18, 21, 19, 28, 22 ]
];
edge3`DownstairsFilename := "32S17-16,4,16-g11-2574904537.m";
Append(~s`Edges, edge3);

/*
Return for eval
*/

return s;
