s := TwoDBInitialize();

/*
Magma printing
*/

s`Name := "64S29-2,16,16-g13-3982262614";
s`Filename := "64S29-2,16,16-g13-3982262614.m";
s`Degree := 64;
s`Orders := \[ 2, 16, 16 ];
s`Geometry := "Hyperbolic";
s`Genus := 13;
s`Level := 6;
s`PermutationTriple := [ PermutationGroup<64 |  
\[ 2, 3, 4, 5, 6, 7, 8, 9, 10, 11, 12, 13, 14, 15, 16, 17, 18, 19, 20, 21, 22, 23, 24, 25, 26, 27, 28, 29, 30, 31, 32, 33, 34, 35, 36, 37, 38, 39, 40, 41, 42, 43, 44, 45, 46, 47, 48, 49, 50, 51, 52, 53, 54, 55, 56, 57, 58, 59, 60, 61, 62, 63, 64, 1 ],
\[ 2, 1, 3, 4, 5, 6, 7, 8, 9, 10, 11, 12, 13, 14, 15, 16, 17, 18, 19, 20, 21, 22, 23, 24, 25, 26, 27, 28, 29, 30, 31, 32, 33, 34, 35, 36, 37, 38, 39, 40, 41, 42, 43, 44, 45, 46, 47, 48, 49, 50, 51, 52, 53, 54, 55, 56, 57, 58, 59, 60, 61, 62, 63, 64 ]:
 Order := 126886932185884164103433389335161480802865516174545192198801894375214704230400000000000000 > |
[ 2, 1, 7, 13, 9, 15, 3, 10, 5, 8, 12, 11, 4, 17, 6, 18, 14, 16, 20, 19, 22, 21, 24, 23, 27, 28, 25, 26, 30, 29, 32, 31, 35, 36, 33, 34, 38, 37, 40, 39, 43, 44, 41, 42, 46, 45, 48, 47, 51, 52, 49, 50, 54, 53, 56, 55, 59, 60, 57, 58, 62, 61, 64, 63 ],
[ 3, 8, 11, 2, 10, 1, 19, 12, 7, 20, 21, 23, 5, 13, 9, 4, 15, 6, 22, 24, 29, 31, 30, 32, 17, 14, 18, 16, 37, 39, 38, 40, 27, 25, 28, 26, 45, 47, 46, 48, 35, 33, 36, 34, 53, 55, 54, 56, 43, 41, 44, 42, 61, 63, 62, 64, 51, 49, 52, 50, 59, 60, 57, 58 ],
[ 4, 6, 9, 14, 15, 17, 1, 5, 13, 2, 8, 3, 16, 25, 18, 27, 26, 28, 10, 7, 19, 11, 20, 12, 33, 35, 34, 36, 23, 21, 24, 22, 41, 43, 42, 44, 31, 29, 32, 30, 49, 51, 50, 52, 39, 37, 40, 38, 57, 59, 58, 60, 47, 45, 48, 46, 61, 62, 63, 64, 55, 53, 56, 54 ]
];
s`MonodromyGroup := PermutationGroup<64 |  
\[ 2, 1, 7, 13, 9, 15, 3, 10, 5, 8, 12, 11, 4, 17, 6, 18, 14, 16, 20, 19, 22, 21, 24, 23, 27, 28, 25, 26, 30, 29, 32, 31, 35, 36, 33, 34, 38, 37, 40, 39, 43, 44, 41, 42, 46, 45, 48, 47, 51, 52, 49, 50, 54, 53, 56, 55, 59, 60, 57, 58, 62, 61, 64, 63 ],
\[ 3, 8, 11, 2, 10, 1, 19, 12, 7, 20, 21, 23, 5, 13, 9, 4, 15, 6, 22, 24, 29, 31, 30, 32, 17, 14, 18, 16, 37, 39, 38, 40, 27, 25, 28, 26, 45, 47, 46, 48, 35, 33, 36, 34, 53, 55, 54, 56, 43, 41, 44, 42, 61, 63, 62, 64, 51, 49, 52, 50, 59, 60, 57, 58 ],
\[ 4, 6, 9, 14, 15, 17, 1, 5, 13, 2, 8, 3, 16, 25, 18, 27, 26, 28, 10, 7, 19, 11, 20, 12, 33, 35, 34, 36, 23, 21, 24, 22, 41, 43, 42, 44, 31, 29, 32, 30, 49, 51, 50, 52, 39, 37, 40, 38, 57, 59, 58, 60, 47, 45, 48, 46, 61, 62, 63, 64, 55, 53, 56, 54 ] >;

/*
Edge printing
*/

s`Edges := [];
edge1 := TwoEdgeInitialize();
edge1`Blocks := {@ PowerSet(IntegerRing()) |
{ IntegerRing() | 1, 5 },
{ IntegerRing() | 2, 9 },
{ IntegerRing() | 3, 10 },
{ IntegerRing() | 4, 15 },
{ IntegerRing() | 6, 13 },
{ IntegerRing() | 7, 8 },
{ IntegerRing() | 11, 20 },
{ IntegerRing() | 12, 19 },
{ IntegerRing() | 14, 18 },
{ IntegerRing() | 16, 17 },
{ IntegerRing() | 21, 24 },
{ IntegerRing() | 22, 23 },
{ IntegerRing() | 25, 28 },
{ IntegerRing() | 26, 27 },
{ IntegerRing() | 29, 32 },
{ IntegerRing() | 30, 31 },
{ IntegerRing() | 33, 36 },
{ IntegerRing() | 34, 35 },
{ IntegerRing() | 37, 40 },
{ IntegerRing() | 38, 39 },
{ IntegerRing() | 41, 44 },
{ IntegerRing() | 42, 43 },
{ IntegerRing() | 45, 48 },
{ IntegerRing() | 46, 47 },
{ IntegerRing() | 49, 52 },
{ IntegerRing() | 50, 51 },
{ IntegerRing() | 53, 56 },
{ IntegerRing() | 54, 55 },
{ IntegerRing() | 57, 60 },
{ IntegerRing() | 58, 59 },
{ IntegerRing() | 61, 64 },
{ IntegerRing() | 62, 63 }
@};
edge1`UpstairsTriple := [ PermutationGroup<64 |  
\[ 2, 3, 4, 5, 6, 7, 8, 9, 10, 11, 12, 13, 14, 15, 16, 17, 18, 19, 20, 21, 22, 23, 24, 25, 26, 27, 28, 29, 30, 31, 32, 33, 34, 35, 36, 37, 38, 39, 40, 41, 42, 43, 44, 45, 46, 47, 48, 49, 50, 51, 52, 53, 54, 55, 56, 57, 58, 59, 60, 61, 62, 63, 64, 1 ],
\[ 2, 1, 3, 4, 5, 6, 7, 8, 9, 10, 11, 12, 13, 14, 15, 16, 17, 18, 19, 20, 21, 22, 23, 24, 25, 26, 27, 28, 29, 30, 31, 32, 33, 34, 35, 36, 37, 38, 39, 40, 41, 42, 43, 44, 45, 46, 47, 48, 49, 50, 51, 52, 53, 54, 55, 56, 57, 58, 59, 60, 61, 62, 63, 64 ]:
 Order := 126886932185884164103433389335161480802865516174545192198801894375214704230400000000000000 > |
[ 2, 1, 7, 13, 9, 15, 3, 10, 5, 8, 12, 11, 4, 17, 6, 18, 14, 16, 20, 19, 22, 21, 24, 23, 27, 28, 25, 26, 30, 29, 32, 31, 35, 36, 33, 34, 38, 37, 40, 39, 43, 44, 41, 42, 46, 45, 48, 47, 51, 52, 49, 50, 54, 53, 56, 55, 59, 60, 57, 58, 62, 61, 64, 63 ],
[ 3, 8, 11, 2, 10, 1, 19, 12, 7, 20, 21, 23, 5, 13, 9, 4, 15, 6, 22, 24, 29, 31, 30, 32, 17, 14, 18, 16, 37, 39, 38, 40, 27, 25, 28, 26, 45, 47, 46, 48, 35, 33, 36, 34, 53, 55, 54, 56, 43, 41, 44, 42, 61, 63, 62, 64, 51, 49, 52, 50, 59, 60, 57, 58 ],
[ 4, 6, 9, 14, 15, 17, 1, 5, 13, 2, 8, 3, 16, 25, 18, 27, 26, 28, 10, 7, 19, 11, 20, 12, 33, 35, 34, 36, 23, 21, 24, 22, 41, 43, 42, 44, 31, 29, 32, 30, 49, 51, 50, 52, 39, 37, 40, 38, 57, 59, 58, 60, 47, 45, 48, 46, 61, 62, 63, 64, 55, 53, 56, 54 ]
];
edge1`UpstairsFilename := "64S29-2,16,16-g13-3982262614.m";
edge1`DownstairsTriple := [ PermutationGroup<32 |  
\[ 2, 3, 4, 5, 6, 7, 8, 9, 10, 11, 12, 13, 14, 15, 16, 17, 18, 19, 20, 21, 22, 23, 24, 25, 26, 27, 28, 29, 30, 31, 32, 1 ],
\[ 2, 1, 3, 4, 5, 6, 7, 8, 9, 10, 11, 12, 13, 14, 15, 16, 17, 18, 19, 20, 21, 22, 23, 24, 25, 26, 27, 28, 29, 30, 31, 32 ]:
 Order := 263130836933693530167218012160000000 > |
[ 4, 6, 8, 1, 10, 2, 12, 3, 14, 5, 16, 7, 18, 9, 20, 11, 22, 13, 24, 15, 26, 17, 28, 19, 30, 21, 31, 23, 32, 25, 27, 29 ],
[ 2, 5, 1, 6, 9, 10, 3, 4, 13, 14, 7, 8, 17, 18, 11, 12, 21, 22, 15, 16, 25, 26, 19, 20, 29, 30, 23, 24, 27, 32, 28, 31 ],
[ 8, 4, 12, 3, 6, 1, 16, 7, 10, 2, 20, 11, 14, 5, 24, 15, 18, 9, 28, 19, 22, 13, 31, 23, 26, 17, 32, 27, 30, 21, 29, 25 ]
];
edge1`DownstairsFilename := "32S16-2,16,16-g7-1491906305.m";
Append(~s`Edges, edge1);
edge2 := TwoEdgeInitialize();
edge2`Blocks := {@ PowerSet(IntegerRing()) |
{ IntegerRing() | 1, 5 },
{ IntegerRing() | 2, 9 },
{ IntegerRing() | 3, 13 },
{ IntegerRing() | 4, 17 },
{ IntegerRing() | 6, 19 },
{ IntegerRing() | 7, 20 },
{ IntegerRing() | 8, 27 },
{ IntegerRing() | 10, 28 },
{ IntegerRing() | 11, 30 },
{ IntegerRing() | 12, 32 },
{ IntegerRing() | 14, 33 },
{ IntegerRing() | 15, 36 },
{ IntegerRing() | 16, 38 },
{ IntegerRing() | 18, 40 },
{ IntegerRing() | 21, 43 },
{ IntegerRing() | 22, 44 },
{ IntegerRing() | 23, 45 },
{ IntegerRing() | 24, 46 },
{ IntegerRing() | 25, 47 },
{ IntegerRing() | 26, 48 },
{ IntegerRing() | 29, 50 },
{ IntegerRing() | 31, 52 },
{ IntegerRing() | 34, 55 },
{ IntegerRing() | 35, 56 },
{ IntegerRing() | 37, 58 },
{ IntegerRing() | 39, 60 },
{ IntegerRing() | 41, 63 },
{ IntegerRing() | 42, 64 },
{ IntegerRing() | 49, 57 },
{ IntegerRing() | 51, 61 },
{ IntegerRing() | 53, 59 },
{ IntegerRing() | 54, 62 }
@};
edge2`UpstairsTriple := [ PermutationGroup<64 |  
\[ 2, 3, 4, 5, 6, 7, 8, 9, 10, 11, 12, 13, 14, 15, 16, 17, 18, 19, 20, 21, 22, 23, 24, 25, 26, 27, 28, 29, 30, 31, 32, 33, 34, 35, 36, 37, 38, 39, 40, 41, 42, 43, 44, 45, 46, 47, 48, 49, 50, 51, 52, 53, 54, 55, 56, 57, 58, 59, 60, 61, 62, 63, 64, 1 ],
\[ 2, 1, 3, 4, 5, 6, 7, 8, 9, 10, 11, 12, 13, 14, 15, 16, 17, 18, 19, 20, 21, 22, 23, 24, 25, 26, 27, 28, 29, 30, 31, 32, 33, 34, 35, 36, 37, 38, 39, 40, 41, 42, 43, 44, 45, 46, 47, 48, 49, 50, 51, 52, 53, 54, 55, 56, 57, 58, 59, 60, 61, 62, 63, 64 ]:
 Order := 126886932185884164103433389335161480802865516174545192198801894375214704230400000000000000 > |
[ 2, 1, 7, 15, 9, 21, 3, 10, 5, 8, 14, 26, 20, 11, 4, 22, 36, 23, 43, 13, 6, 16, 18, 25, 24, 12, 28, 27, 31, 33, 29, 48, 30, 35, 34, 17, 41, 44, 42, 45, 37, 39, 19, 38, 40, 47, 46, 32, 51, 52, 49, 50, 54, 53, 56, 55, 61, 63, 62, 64, 57, 59, 58, 60 ],
[ 3, 8, 11, 2, 13, 1, 24, 14, 27, 25, 29, 7, 30, 34, 26, 15, 9, 4, 5, 46, 12, 21, 6, 31, 35, 10, 33, 47, 49, 50, 53, 20, 55, 51, 54, 48, 22, 36, 16, 17, 23, 18, 32, 43, 19, 52, 56, 28, 63, 57, 64, 59, 58, 60, 61, 62, 41, 44, 37, 38, 42, 39, 45, 40 ],
[ 4, 6, 12, 16, 17, 22, 1, 26, 19, 2, 8, 15, 32, 3, 18, 37, 38, 41, 44, 5, 23, 39, 42, 10, 7, 21, 48, 9, 24, 27, 11, 36, 13, 25, 14, 40, 57, 58, 61, 63, 59, 62, 45, 60, 64, 28, 20, 43, 34, 46, 29, 30, 35, 31, 47, 33, 55, 49, 56, 51, 50, 52, 53, 54 ]
];
edge2`UpstairsFilename := "64S29-2,16,16-g13-3732291246.m";
edge2`DownstairsTriple := [ PermutationGroup<32 |  
\[ 2, 3, 4, 5, 6, 7, 8, 9, 10, 11, 12, 13, 14, 15, 16, 17, 18, 19, 20, 21, 22, 23, 24, 25, 26, 27, 28, 29, 30, 31, 32, 1 ],
\[ 2, 1, 3, 4, 5, 6, 7, 8, 9, 10, 11, 12, 13, 14, 15, 16, 17, 18, 19, 20, 21, 22, 23, 24, 25, 26, 27, 28, 29, 30, 31, 32 ]:
 Order := 263130836933693530167218012160000000 > |
[ 2, 1, 7, 15, 9, 21, 3, 10, 5, 8, 14, 26, 20, 11, 4, 22, 31, 23, 29, 13, 6, 16, 18, 25, 24, 12, 28, 27, 19, 32, 17, 30 ],
[ 3, 8, 11, 2, 13, 1, 24, 14, 27, 25, 19, 7, 23, 17, 26, 15, 9, 4, 5, 22, 12, 21, 6, 29, 31, 10, 18, 16, 30, 20, 32, 28 ],
[ 4, 6, 12, 16, 17, 22, 1, 26, 19, 2, 8, 15, 30, 3, 18, 20, 25, 13, 24, 5, 23, 28, 27, 10, 7, 21, 32, 9, 11, 31, 14, 29 ]
];
edge2`DownstairsFilename := "32S5-2,8,8-g5-761536575.m";
Append(~s`Edges, edge2);
edge3 := TwoEdgeInitialize();
edge3`Blocks := {@ PowerSet(IntegerRing()) |
{ IntegerRing() | 1, 5 },
{ IntegerRing() | 2, 9 },
{ IntegerRing() | 3, 13 },
{ IntegerRing() | 4, 17 },
{ IntegerRing() | 6, 19 },
{ IntegerRing() | 7, 20 },
{ IntegerRing() | 8, 27 },
{ IntegerRing() | 10, 28 },
{ IntegerRing() | 11, 30 },
{ IntegerRing() | 12, 32 },
{ IntegerRing() | 14, 33 },
{ IntegerRing() | 15, 36 },
{ IntegerRing() | 16, 38 },
{ IntegerRing() | 18, 40 },
{ IntegerRing() | 21, 43 },
{ IntegerRing() | 22, 44 },
{ IntegerRing() | 23, 45 },
{ IntegerRing() | 24, 46 },
{ IntegerRing() | 25, 47 },
{ IntegerRing() | 26, 48 },
{ IntegerRing() | 29, 50 },
{ IntegerRing() | 31, 52 },
{ IntegerRing() | 34, 55 },
{ IntegerRing() | 35, 56 },
{ IntegerRing() | 37, 58 },
{ IntegerRing() | 39, 60 },
{ IntegerRing() | 41, 63 },
{ IntegerRing() | 42, 64 },
{ IntegerRing() | 49, 62 },
{ IntegerRing() | 51, 59 },
{ IntegerRing() | 53, 61 },
{ IntegerRing() | 54, 57 }
@};
edge3`UpstairsTriple := [ PermutationGroup<64 |  
\[ 2, 3, 4, 5, 6, 7, 8, 9, 10, 11, 12, 13, 14, 15, 16, 17, 18, 19, 20, 21, 22, 23, 24, 25, 26, 27, 28, 29, 30, 31, 32, 33, 34, 35, 36, 37, 38, 39, 40, 41, 42, 43, 44, 45, 46, 47, 48, 49, 50, 51, 52, 53, 54, 55, 56, 57, 58, 59, 60, 61, 62, 63, 64, 1 ],
\[ 2, 1, 3, 4, 5, 6, 7, 8, 9, 10, 11, 12, 13, 14, 15, 16, 17, 18, 19, 20, 21, 22, 23, 24, 25, 26, 27, 28, 29, 30, 31, 32, 33, 34, 35, 36, 37, 38, 39, 40, 41, 42, 43, 44, 45, 46, 47, 48, 49, 50, 51, 52, 53, 54, 55, 56, 57, 58, 59, 60, 61, 62, 63, 64 ]:
 Order := 126886932185884164103433389335161480802865516174545192198801894375214704230400000000000000 > |
[ 2, 1, 7, 15, 9, 21, 3, 10, 5, 8, 14, 26, 20, 11, 4, 22, 36, 23, 43, 13, 6, 16, 18, 25, 24, 12, 28, 27, 31, 33, 29, 48, 30, 35, 34, 17, 41, 44, 42, 45, 37, 39, 19, 38, 40, 47, 46, 32, 51, 52, 49, 50, 54, 53, 56, 55, 61, 63, 62, 64, 57, 59, 58, 60 ],
[ 3, 8, 11, 2, 13, 1, 24, 14, 27, 25, 29, 7, 30, 34, 26, 15, 9, 4, 5, 46, 12, 21, 6, 31, 35, 10, 33, 47, 49, 50, 53, 20, 55, 51, 54, 48, 22, 36, 16, 17, 23, 18, 32, 43, 19, 52, 56, 28, 60, 62, 58, 61, 64, 63, 59, 57, 41, 44, 37, 38, 42, 39, 45, 40 ],
[ 4, 6, 12, 16, 17, 22, 1, 26, 19, 2, 8, 15, 32, 3, 18, 37, 38, 41, 44, 5, 23, 39, 42, 10, 7, 21, 48, 9, 24, 27, 11, 36, 13, 25, 14, 40, 57, 58, 61, 63, 59, 62, 45, 60, 64, 28, 20, 43, 34, 46, 29, 30, 35, 31, 47, 33, 52, 54, 50, 53, 56, 55, 51, 49 ]
];
edge3`UpstairsFilename := "64S29-2,16,16-g13-1214230524.m";
edge3`DownstairsTriple := [ PermutationGroup<32 |  
\[ 2, 3, 4, 5, 6, 7, 8, 9, 10, 11, 12, 13, 14, 15, 16, 17, 18, 19, 20, 21, 22, 23, 24, 25, 26, 27, 28, 29, 30, 31, 32, 1 ],
\[ 2, 1, 3, 4, 5, 6, 7, 8, 9, 10, 11, 12, 13, 14, 15, 16, 17, 18, 19, 20, 21, 22, 23, 24, 25, 26, 27, 28, 29, 30, 31, 32 ]:
 Order := 263130836933693530167218012160000000 > |
[ 9, 5, 7, 8, 2, 10, 3, 4, 1, 6, 13, 14, 11, 12, 17, 18, 15, 16, 20, 19, 22, 21, 24, 23, 27, 28, 25, 26, 30, 29, 32, 31 ],
[ 3, 7, 12, 9, 13, 1, 19, 5, 11, 2, 14, 21, 20, 23, 8, 4, 10, 6, 22, 24, 29, 31, 30, 32, 17, 15, 18, 16, 26, 25, 28, 27 ],
[ 4, 8, 2, 15, 10, 17, 1, 16, 6, 18, 5, 11, 9, 3, 25, 27, 26, 28, 13, 7, 19, 12, 20, 14, 32, 31, 30, 29, 23, 21, 24, 22 ]
];
edge3`DownstairsFilename := "32S17-2,16,16-g7-2066410613.m";
Append(~s`Edges, edge3);

/*
Return for eval
*/

return s;
