s := TwoDBInitialize();

/*
Magma printing
*/

s`Name := "64S29-16,16,8-g25-797665130";
s`Filename := "64S29-16,16,8-g25-797665130.m";
s`Degree := 64;
s`Orders := \[ 16, 16, 8 ];
s`Geometry := "Hyperbolic";
s`Genus := 25;
s`Level := 6;
s`PermutationTriple := [ PermutationGroup<64 |  
\[ 2, 3, 4, 5, 6, 7, 8, 9, 10, 11, 12, 13, 14, 15, 16, 17, 18, 19, 20, 21, 22, 23, 24, 25, 26, 27, 28, 29, 30, 31, 32, 33, 34, 35, 36, 37, 38, 39, 40, 41, 42, 43, 44, 45, 46, 47, 48, 49, 50, 51, 52, 53, 54, 55, 56, 57, 58, 59, 60, 61, 62, 63, 64, 1 ],
\[ 2, 1, 3, 4, 5, 6, 7, 8, 9, 10, 11, 12, 13, 14, 15, 16, 17, 18, 19, 20, 21, 22, 23, 24, 25, 26, 27, 28, 29, 30, 31, 32, 33, 34, 35, 36, 37, 38, 39, 40, 41, 42, 43, 44, 45, 46, 47, 48, 49, 50, 51, 52, 53, 54, 55, 56, 57, 58, 59, 60, 61, 62, 63, 64 ]:
 Order := 126886932185884164103433389335161480802865516174545192198801894375214704230400000000000000 > |
[ 2, 9, 8, 19, 11, 1, 27, 30, 33, 13, 34, 38, 41, 18, 5, 10, 3, 37, 12, 28, 7, 4, 29, 16, 21, 6, 35, 39, 40, 36, 32, 42, 20, 54, 61, 22, 58, 52, 57, 62, 25, 26, 46, 31, 14, 59, 15, 44, 17, 51, 60, 55, 23, 53, 50, 24, 64, 47, 63, 49, 43, 45, 56, 48 ],
[ 3, 10, 14, 6, 16, 24, 1, 31, 30, 18, 8, 2, 32, 43, 17, 44, 48, 50, 5, 22, 15, 47, 4, 45, 26, 49, 11, 21, 7, 37, 46, 51, 41, 13, 9, 42, 59, 34, 19, 12, 58, 63, 20, 55, 52, 23, 56, 61, 62, 28, 29, 33, 25, 36, 53, 64, 27, 60, 39, 57, 54, 35, 40, 38 ],
[ 4, 7, 15, 20, 21, 25, 28, 1, 12, 5, 19, 39, 2, 24, 22, 6, 26, 3, 23, 52, 53, 54, 55, 47, 33, 36, 29, 43, 46, 11, 16, 8, 35, 27, 57, 9, 10, 40, 50, 51, 34, 13, 48, 17, 49, 14, 41, 56, 58, 44, 18, 64, 61, 38, 45, 42, 59, 30, 31, 32, 62, 63, 37, 60 ]
];
s`MonodromyGroup := PermutationGroup<64 |  
\[ 2, 9, 8, 19, 11, 1, 27, 30, 33, 13, 34, 38, 41, 18, 5, 10, 3, 37, 12, 28, 7, 4, 29, 16, 21, 6, 35, 39, 40, 36, 32, 42, 20, 54, 61, 22, 58, 52, 57, 62, 25, 26, 46, 31, 14, 59, 15, 44, 17, 51, 60, 55, 23, 53, 50, 24, 64, 47, 63, 49, 43, 45, 56, 48 ],
\[ 3, 10, 14, 6, 16, 24, 1, 31, 30, 18, 8, 2, 32, 43, 17, 44, 48, 50, 5, 22, 15, 47, 4, 45, 26, 49, 11, 21, 7, 37, 46, 51, 41, 13, 9, 42, 59, 34, 19, 12, 58, 63, 20, 55, 52, 23, 56, 61, 62, 28, 29, 33, 25, 36, 53, 64, 27, 60, 39, 57, 54, 35, 40, 38 ],
\[ 4, 7, 15, 20, 21, 25, 28, 1, 12, 5, 19, 39, 2, 24, 22, 6, 26, 3, 23, 52, 53, 54, 55, 47, 33, 36, 29, 43, 46, 11, 16, 8, 35, 27, 57, 9, 10, 40, 50, 51, 34, 13, 48, 17, 49, 14, 41, 56, 58, 44, 18, 64, 61, 38, 45, 42, 59, 30, 31, 32, 62, 63, 37, 60 ] >;

/*
Edge printing
*/

s`Edges := [];
edge1 := TwoEdgeInitialize();
edge1`Blocks := {@ PowerSet(IntegerRing()) |
{ IntegerRing() | 1, 5 },
{ IntegerRing() | 2, 11 },
{ IntegerRing() | 3, 16 },
{ IntegerRing() | 4, 21 },
{ IntegerRing() | 6, 15 },
{ IntegerRing() | 7, 19 },
{ IntegerRing() | 8, 10 },
{ IntegerRing() | 9, 34 },
{ IntegerRing() | 12, 27 },
{ IntegerRing() | 13, 30 },
{ IntegerRing() | 14, 44 },
{ IntegerRing() | 17, 24 },
{ IntegerRing() | 18, 31 },
{ IntegerRing() | 20, 53 },
{ IntegerRing() | 22, 25 },
{ IntegerRing() | 23, 28 },
{ IntegerRing() | 26, 47 },
{ IntegerRing() | 29, 39 },
{ IntegerRing() | 32, 37 },
{ IntegerRing() | 33, 54 },
{ IntegerRing() | 35, 38 },
{ IntegerRing() | 36, 41 },
{ IntegerRing() | 40, 57 },
{ IntegerRing() | 42, 58 },
{ IntegerRing() | 43, 55 },
{ IntegerRing() | 45, 48 },
{ IntegerRing() | 46, 50 },
{ IntegerRing() | 49, 56 },
{ IntegerRing() | 51, 59 },
{ IntegerRing() | 52, 61 },
{ IntegerRing() | 60, 63 },
{ IntegerRing() | 62, 64 }
@};
edge1`UpstairsTriple := [ PermutationGroup<64 |  
\[ 2, 3, 4, 5, 6, 7, 8, 9, 10, 11, 12, 13, 14, 15, 16, 17, 18, 19, 20, 21, 22, 23, 24, 25, 26, 27, 28, 29, 30, 31, 32, 33, 34, 35, 36, 37, 38, 39, 40, 41, 42, 43, 44, 45, 46, 47, 48, 49, 50, 51, 52, 53, 54, 55, 56, 57, 58, 59, 60, 61, 62, 63, 64, 1 ],
\[ 2, 1, 3, 4, 5, 6, 7, 8, 9, 10, 11, 12, 13, 14, 15, 16, 17, 18, 19, 20, 21, 22, 23, 24, 25, 26, 27, 28, 29, 30, 31, 32, 33, 34, 35, 36, 37, 38, 39, 40, 41, 42, 43, 44, 45, 46, 47, 48, 49, 50, 51, 52, 53, 54, 55, 56, 57, 58, 59, 60, 61, 62, 63, 64 ]:
 Order := 126886932185884164103433389335161480802865516174545192198801894375214704230400000000000000 > |
[ 2, 9, 8, 19, 11, 1, 27, 30, 33, 13, 34, 38, 41, 18, 5, 10, 3, 37, 12, 28, 7, 4, 29, 16, 21, 6, 35, 39, 40, 36, 32, 42, 20, 54, 61, 22, 58, 52, 57, 62, 25, 26, 46, 31, 14, 59, 15, 44, 17, 51, 60, 55, 23, 53, 50, 24, 64, 47, 63, 49, 43, 45, 56, 48 ],
[ 3, 10, 14, 6, 16, 24, 1, 31, 30, 18, 8, 2, 32, 43, 17, 44, 48, 50, 5, 22, 15, 47, 4, 45, 26, 49, 11, 21, 7, 37, 46, 51, 41, 13, 9, 42, 59, 34, 19, 12, 58, 63, 20, 55, 52, 23, 56, 61, 62, 28, 29, 33, 25, 36, 53, 64, 27, 60, 39, 57, 54, 35, 40, 38 ],
[ 4, 7, 15, 20, 21, 25, 28, 1, 12, 5, 19, 39, 2, 24, 22, 6, 26, 3, 23, 52, 53, 54, 55, 47, 33, 36, 29, 43, 46, 11, 16, 8, 35, 27, 57, 9, 10, 40, 50, 51, 34, 13, 48, 17, 49, 14, 41, 56, 58, 44, 18, 64, 61, 38, 45, 42, 59, 30, 31, 32, 62, 63, 37, 60 ]
];
edge1`UpstairsFilename := "64S29-16,16,8-g25-797665130.m";
edge1`DownstairsTriple := [ PermutationGroup<32 |  
\[ 2, 3, 4, 5, 6, 7, 8, 9, 10, 11, 12, 13, 14, 15, 16, 17, 18, 19, 20, 21, 22, 23, 24, 25, 26, 27, 28, 29, 30, 31, 32, 1 ],
\[ 2, 1, 3, 4, 5, 6, 7, 8, 9, 10, 11, 12, 13, 14, 15, 16, 17, 18, 19, 20, 21, 22, 23, 24, 25, 26, 27, 28, 29, 30, 31, 32 ]:
 Order := 263130836933693530167218012160000000 > |
[ 2, 9, 8, 7, 10, 1, 11, 12, 21, 22, 23, 24, 19, 3, 18, 4, 5, 25, 26, 6, 14, 30, 20, 16, 31, 32, 13, 15, 17, 27, 29, 28 ],
[ 13, 19, 15, 17, 3, 27, 5, 18, 26, 8, 10, 25, 4, 28, 6, 29, 14, 1, 7, 30, 32, 12, 22, 31, 2, 11, 16, 20, 21, 24, 9, 23 ],
[ 15, 18, 17, 27, 4, 28, 13, 5, 25, 7, 19, 10, 6, 29, 14, 30, 16, 3, 1, 32, 31, 11, 26, 22, 8, 2, 20, 21, 24, 23, 12, 9 ]
];
edge1`DownstairsFilename := "32S16-16,16,8-g13-2660858000.m";
Append(~s`Edges, edge1);
edge2 := TwoEdgeInitialize();
edge2`Blocks := {@ PowerSet(IntegerRing()) |
{ IntegerRing() | 1, 5 },
{ IntegerRing() | 2, 11 },
{ IntegerRing() | 3, 16 },
{ IntegerRing() | 4, 21 },
{ IntegerRing() | 6, 24 },
{ IntegerRing() | 7, 25 },
{ IntegerRing() | 8, 26 },
{ IntegerRing() | 9, 40 },
{ IntegerRing() | 10, 44 },
{ IntegerRing() | 12, 17 },
{ IntegerRing() | 13, 46 },
{ IntegerRing() | 14, 50 },
{ IntegerRing() | 15, 48 },
{ IntegerRing() | 18, 55 },
{ IntegerRing() | 19, 56 },
{ IntegerRing() | 20, 38 },
{ IntegerRing() | 22, 58 },
{ IntegerRing() | 23, 59 },
{ IntegerRing() | 27, 31 },
{ IntegerRing() | 28, 62 },
{ IntegerRing() | 29, 47 },
{ IntegerRing() | 30, 41 },
{ IntegerRing() | 32, 51 },
{ IntegerRing() | 33, 63 },
{ IntegerRing() | 34, 54 },
{ IntegerRing() | 35, 60 },
{ IntegerRing() | 36, 39 },
{ IntegerRing() | 37, 52 },
{ IntegerRing() | 42, 57 },
{ IntegerRing() | 43, 64 },
{ IntegerRing() | 45, 61 },
{ IntegerRing() | 49, 53 }
@};
edge2`UpstairsTriple := [ PermutationGroup<64 |  
\[ 2, 3, 4, 5, 6, 7, 8, 9, 10, 11, 12, 13, 14, 15, 16, 17, 18, 19, 20, 21, 22, 23, 24, 25, 26, 27, 28, 29, 30, 31, 32, 33, 34, 35, 36, 37, 38, 39, 40, 41, 42, 43, 44, 45, 46, 47, 48, 49, 50, 51, 52, 53, 54, 55, 56, 57, 58, 59, 60, 61, 62, 63, 64, 1 ],
\[ 2, 1, 3, 4, 5, 6, 7, 8, 9, 10, 11, 12, 13, 14, 15, 16, 17, 18, 19, 20, 21, 22, 23, 24, 25, 26, 27, 28, 29, 30, 31, 32, 33, 34, 35, 36, 37, 38, 39, 40, 41, 42, 43, 44, 45, 46, 47, 48, 49, 50, 51, 52, 53, 54, 55, 56, 57, 58, 59, 60, 61, 62, 63, 64 ]:
 Order := 126886932185884164103433389335161480802865516174545192198801894375214704230400000000000000 > |
[ 2, 9, 8, 19, 11, 1, 31, 35, 39, 13, 40, 16, 49, 18, 43, 26, 3, 45, 12, 32, 56, 4, 34, 5, 27, 60, 30, 33, 6, 10, 41, 47, 7, 48, 42, 38, 50, 51, 20, 36, 44, 22, 37, 46, 59, 53, 24, 64, 28, 55, 29, 14, 62, 15, 61, 17, 58, 21, 54, 57, 23, 63, 25, 52 ],
[ 3, 10, 14, 6, 16, 27, 1, 36, 35, 18, 44, 2, 38, 46, 17, 50, 11, 57, 43, 22, 24, 54, 4, 31, 5, 39, 52, 29, 56, 40, 37, 33, 15, 7, 45, 53, 8, 58, 49, 60, 9, 51, 30, 55, 62, 20, 19, 12, 59, 13, 63, 26, 23, 25, 42, 64, 32, 34, 21, 61, 28, 47, 48, 41 ],
[ 4, 7, 15, 20, 21, 28, 32, 1, 12, 43, 25, 47, 2, 27, 22, 48, 29, 3, 23, 26, 38, 55, 60, 62, 51, 5, 54, 39, 42, 6, 34, 46, 61, 53, 37, 30, 19, 8, 41, 17, 24, 9, 33, 64, 10, 11, 57, 58, 50, 31, 13, 56, 14, 49, 16, 59, 40, 18, 35, 52, 44, 36, 45, 63 ]
];
edge2`UpstairsFilename := "64S29-16,16,8-g25-3763725873.m";
edge2`DownstairsTriple := [ PermutationGroup<32 |  
\[ 2, 3, 4, 5, 6, 7, 8, 9, 10, 11, 12, 13, 14, 15, 16, 17, 18, 19, 20, 21, 22, 23, 24, 25, 26, 27, 28, 29, 30, 31, 32, 1 ],
\[ 2, 1, 3, 4, 5, 6, 7, 8, 9, 10, 11, 12, 13, 14, 15, 16, 17, 18, 19, 20, 21, 22, 23, 24, 25, 26, 27, 28, 29, 30, 31, 32 ]:
 Order := 263130836933693530167218012160000000 > |
[ 12, 23, 8, 27, 2, 5, 32, 18, 6, 7, 21, 9, 16, 17, 31, 4, 30, 13, 1, 26, 24, 25, 19, 10, 11, 15, 29, 14, 3, 20, 28, 22 ],
[ 3, 10, 14, 19, 16, 21, 1, 6, 18, 15, 5, 25, 2, 11, 29, 26, 13, 30, 32, 4, 20, 9, 27, 23, 17, 7, 31, 8, 12, 24, 22, 28 ],
[ 4, 11, 15, 5, 8, 22, 2, 1, 29, 30, 12, 7, 9, 32, 16, 17, 3, 28, 24, 18, 14, 19, 13, 6, 31, 21, 20, 27, 23, 25, 10, 26 ]
];
edge2`DownstairsFilename := "32S5-8,8,4-g9-574899642.m";
Append(~s`Edges, edge2);
edge3 := TwoEdgeInitialize();
edge3`Blocks := {@ PowerSet(IntegerRing()) |
{ IntegerRing() | 1, 5 },
{ IntegerRing() | 2, 12 },
{ IntegerRing() | 3, 18 },
{ IntegerRing() | 4, 24 },
{ IntegerRing() | 6, 22 },
{ IntegerRing() | 7, 11 },
{ IntegerRing() | 8, 15 },
{ IntegerRing() | 9, 16 },
{ IntegerRing() | 10, 44 },
{ IntegerRing() | 13, 27 },
{ IntegerRing() | 14, 41 },
{ IntegerRing() | 17, 57 },
{ IntegerRing() | 19, 31 },
{ IntegerRing() | 20, 42 },
{ IntegerRing() | 21, 49 },
{ IntegerRing() | 23, 63 },
{ IntegerRing() | 25, 56 },
{ IntegerRing() | 26, 61 },
{ IntegerRing() | 28, 62 },
{ IntegerRing() | 29, 34 },
{ IntegerRing() | 30, 45 },
{ IntegerRing() | 32, 46 },
{ IntegerRing() | 33, 47 },
{ IntegerRing() | 35, 39 },
{ IntegerRing() | 36, 53 },
{ IntegerRing() | 37, 54 },
{ IntegerRing() | 38, 51 },
{ IntegerRing() | 40, 55 },
{ IntegerRing() | 43, 64 },
{ IntegerRing() | 48, 58 },
{ IntegerRing() | 50, 60 },
{ IntegerRing() | 52, 59 }
@};
edge3`UpstairsTriple := [ PermutationGroup<64 |  
\[ 2, 3, 4, 5, 6, 7, 8, 9, 10, 11, 12, 13, 14, 15, 16, 17, 18, 19, 20, 21, 22, 23, 24, 25, 26, 27, 28, 29, 30, 31, 32, 33, 34, 35, 36, 37, 38, 39, 40, 41, 42, 43, 44, 45, 46, 47, 48, 49, 50, 51, 52, 53, 54, 55, 56, 57, 58, 59, 60, 61, 62, 63, 64, 1 ],
\[ 2, 1, 3, 4, 5, 6, 7, 8, 9, 10, 11, 12, 13, 14, 15, 16, 17, 18, 19, 20, 21, 22, 23, 24, 25, 26, 27, 28, 29, 30, 31, 32, 33, 34, 35, 36, 37, 38, 39, 40, 41, 42, 43, 44, 45, 46, 47, 48, 49, 50, 51, 52, 53, 54, 55, 56, 57, 58, 59, 60, 61, 62, 63, 64 ]:
 Order := 126886932185884164103433389335161480802865516174545192198801894375214704230400000000000000 > |
[ 12, 16, 8, 49, 2, 5, 19, 39, 42, 14, 31, 9, 45, 60, 35, 20, 64, 15, 18, 63, 13, 1, 32, 21, 24, 34, 30, 33, 22, 10, 3, 58, 11, 6, 55, 38, 59, 61, 40, 56, 50, 23, 54, 41, 44, 48, 7, 17, 27, 62, 26, 36, 51, 52, 25, 4, 43, 57, 53, 28, 29, 47, 46, 37 ],
[ 3, 10, 16, 22, 18, 27, 1, 36, 39, 42, 5, 44, 2, 51, 53, 35, 31, 9, 37, 60, 43, 13, 56, 6, 58, 4, 12, 34, 11, 59, 54, 47, 57, 7, 23, 55, 8, 28, 63, 61, 38, 50, 30, 20, 52, 33, 17, 21, 64, 46, 62, 14, 40, 15, 26, 48, 19, 49, 41, 32, 24, 29, 25, 45 ],
[ 4, 11, 17, 23, 24, 28, 32, 1, 27, 43, 46, 7, 48, 2, 5, 13, 56, 57, 34, 3, 61, 62, 10, 63, 36, 14, 58, 20, 40, 6, 29, 35, 38, 55, 54, 45, 49, 8, 37, 9, 12, 18, 33, 64, 22, 39, 51, 50, 26, 59, 15, 31, 30, 21, 16, 53, 25, 60, 19, 52, 41, 42, 44, 47 ]
];
edge3`UpstairsFilename := "64S29-16,16,8-g25-2278756596.m";
edge3`DownstairsTriple := [ PermutationGroup<32 |  
\[ 2, 3, 4, 5, 6, 7, 8, 9, 10, 11, 12, 13, 14, 15, 16, 17, 18, 19, 20, 21, 22, 23, 24, 25, 26, 27, 28, 29, 30, 31, 32, 1 ],
\[ 2, 1, 3, 4, 5, 6, 7, 8, 9, 10, 11, 12, 13, 14, 15, 16, 17, 18, 19, 20, 21, 22, 23, 24, 25, 26, 27, 28, 29, 30, 31, 32 ]:
 Order := 263130836933693530167218012160000000 > |
[ 11, 29, 8, 10, 2, 5, 12, 13, 17, 16, 9, 3, 30, 26, 14, 15, 19, 1, 25, 7, 20, 24, 4, 18, 31, 32, 28, 22, 27, 23, 6, 21 ],
[ 3, 8, 9, 18, 15, 12, 1, 27, 13, 5, 14, 2, 19, 17, 29, 11, 32, 16, 23, 6, 24, 4, 31, 7, 20, 28, 30, 21, 26, 22, 10, 25 ],
[ 4, 10, 6, 19, 20, 23, 25, 1, 16, 22, 7, 24, 2, 5, 18, 31, 3, 21, 14, 28, 17, 26, 27, 30, 13, 11, 15, 8, 12, 9, 32, 29 ]
];
edge3`DownstairsFilename := "32S17-16,16,8-g13-2223030602.m";
Append(~s`Edges, edge3);

/*
Return for eval
*/

return s;
