s := TwoDBInitialize();

/*
Magma printing
*/

s`Name := "64S24-4,8,8-g17-3284426910";
s`Filename := "64S24-4,8,8-g17-3284426910.m";
s`Degree := 64;
s`Orders := \[ 4, 8, 8 ];
s`Geometry := "Hyperbolic";
s`Genus := 17;
s`Level := 6;
s`PermutationTriple := [ PermutationGroup<64 |  
\[ 2, 3, 4, 5, 6, 7, 8, 9, 10, 11, 12, 13, 14, 15, 16, 17, 18, 19, 20, 21, 22, 23, 24, 25, 26, 27, 28, 29, 30, 31, 32, 33, 34, 35, 36, 37, 38, 39, 40, 41, 42, 43, 44, 45, 46, 47, 48, 49, 50, 51, 52, 53, 54, 55, 56, 57, 58, 59, 60, 61, 62, 63, 64, 1 ],
\[ 2, 1, 3, 4, 5, 6, 7, 8, 9, 10, 11, 12, 13, 14, 15, 16, 17, 18, 19, 20, 21, 22, 23, 24, 25, 26, 27, 28, 29, 30, 31, 32, 33, 34, 35, 36, 37, 38, 39, 40, 41, 42, 43, 44, 45, 46, 47, 48, 49, 50, 51, 52, 53, 54, 55, 56, 57, 58, 59, 60, 61, 62, 63, 64 ]:
 Order := 126886932185884164103433389335161480802865516174545192198801894375214704230400000000000000 > |
[ 2, 9, 8, 19, 11, 1, 30, 34, 6, 13, 38, 22, 27, 18, 40, 26, 3, 55, 12, 47, 57, 4, 14, 5, 49, 64, 29, 32, 10, 28, 54, 7, 39, 17, 37, 46, 31, 24, 42, 36, 44, 60, 50, 48, 59, 15, 45, 63, 62, 21, 56, 25, 16, 35, 23, 58, 43, 61, 20, 33, 51, 52, 41, 53 ],
[ 3, 10, 14, 6, 16, 27, 1, 35, 34, 39, 41, 2, 20, 25, 17, 33, 31, 12, 56, 22, 24, 61, 4, 48, 5, 59, 60, 9, 45, 58, 32, 51, 7, 55, 30, 8, 50, 64, 43, 29, 18, 28, 11, 37, 19, 13, 52, 23, 36, 46, 53, 15, 47, 57, 62, 63, 40, 26, 49, 21, 44, 38, 54, 42 ],
[ 4, 7, 15, 20, 21, 28, 31, 1, 12, 40, 25, 45, 2, 48, 50, 51, 9, 3, 23, 26, 37, 18, 34, 62, 47, 5, 46, 35, 6, 33, 44, 42, 27, 36, 63, 57, 8, 43, 16, 52, 56, 10, 54, 11, 53, 49, 13, 61, 14, 39, 22, 55, 38, 17, 41, 32, 60, 19, 29, 64, 30, 59, 24, 58 ]
];
s`MonodromyGroup := PermutationGroup<64 |  
\[ 2, 9, 8, 19, 11, 1, 30, 34, 6, 13, 38, 22, 27, 18, 40, 26, 3, 55, 12, 47, 57, 4, 14, 5, 49, 64, 29, 32, 10, 28, 54, 7, 39, 17, 37, 46, 31, 24, 42, 36, 44, 60, 50, 48, 59, 15, 45, 63, 62, 21, 56, 25, 16, 35, 23, 58, 43, 61, 20, 33, 51, 52, 41, 53 ],
\[ 3, 10, 14, 6, 16, 27, 1, 35, 34, 39, 41, 2, 20, 25, 17, 33, 31, 12, 56, 22, 24, 61, 4, 48, 5, 59, 60, 9, 45, 58, 32, 51, 7, 55, 30, 8, 50, 64, 43, 29, 18, 28, 11, 37, 19, 13, 52, 23, 36, 46, 53, 15, 47, 57, 62, 63, 40, 26, 49, 21, 44, 38, 54, 42 ],
\[ 4, 7, 15, 20, 21, 28, 31, 1, 12, 40, 25, 45, 2, 48, 50, 51, 9, 3, 23, 26, 37, 18, 34, 62, 47, 5, 46, 35, 6, 33, 44, 42, 27, 36, 63, 57, 8, 43, 16, 52, 56, 10, 54, 11, 53, 49, 13, 61, 14, 39, 22, 55, 38, 17, 41, 32, 60, 19, 29, 64, 30, 59, 24, 58 ] >;

/*
Edge printing
*/

s`Edges := [];
edge1 := TwoEdgeInitialize();
edge1`Blocks := {@ PowerSet(IntegerRing()) |
{ IntegerRing() | 1, 5 },
{ IntegerRing() | 2, 11 },
{ IntegerRing() | 3, 16 },
{ IntegerRing() | 4, 21 },
{ IntegerRing() | 6, 24 },
{ IntegerRing() | 7, 25 },
{ IntegerRing() | 8, 26 },
{ IntegerRing() | 9, 38 },
{ IntegerRing() | 10, 41 },
{ IntegerRing() | 12, 43 },
{ IntegerRing() | 13, 44 },
{ IntegerRing() | 14, 33 },
{ IntegerRing() | 15, 51 },
{ IntegerRing() | 17, 53 },
{ IntegerRing() | 18, 39 },
{ IntegerRing() | 19, 57 },
{ IntegerRing() | 20, 37 },
{ IntegerRing() | 22, 50 },
{ IntegerRing() | 23, 60 },
{ IntegerRing() | 27, 48 },
{ IntegerRing() | 28, 62 },
{ IntegerRing() | 29, 63 },
{ IntegerRing() | 30, 49 },
{ IntegerRing() | 31, 47 },
{ IntegerRing() | 32, 52 },
{ IntegerRing() | 34, 64 },
{ IntegerRing() | 35, 59 },
{ IntegerRing() | 36, 58 },
{ IntegerRing() | 40, 56 },
{ IntegerRing() | 42, 55 },
{ IntegerRing() | 45, 54 },
{ IntegerRing() | 46, 61 }
@};
edge1`UpstairsTriple := [ PermutationGroup<64 |  
\[ 2, 3, 4, 5, 6, 7, 8, 9, 10, 11, 12, 13, 14, 15, 16, 17, 18, 19, 20, 21, 22, 23, 24, 25, 26, 27, 28, 29, 30, 31, 32, 33, 34, 35, 36, 37, 38, 39, 40, 41, 42, 43, 44, 45, 46, 47, 48, 49, 50, 51, 52, 53, 54, 55, 56, 57, 58, 59, 60, 61, 62, 63, 64, 1 ],
\[ 2, 1, 3, 4, 5, 6, 7, 8, 9, 10, 11, 12, 13, 14, 15, 16, 17, 18, 19, 20, 21, 22, 23, 24, 25, 26, 27, 28, 29, 30, 31, 32, 33, 34, 35, 36, 37, 38, 39, 40, 41, 42, 43, 44, 45, 46, 47, 48, 49, 50, 51, 52, 53, 54, 55, 56, 57, 58, 59, 60, 61, 62, 63, 64 ]:
 Order := 126886932185884164103433389335161480802865516174545192198801894375214704230400000000000000 > |
[ 2, 9, 8, 19, 11, 1, 30, 34, 6, 13, 38, 22, 27, 18, 40, 26, 3, 55, 12, 47, 57, 4, 14, 5, 49, 64, 29, 32, 10, 28, 54, 7, 39, 17, 37, 46, 31, 24, 42, 36, 44, 60, 50, 48, 59, 15, 45, 63, 62, 21, 56, 25, 16, 35, 23, 58, 43, 61, 20, 33, 51, 52, 41, 53 ],
[ 3, 10, 14, 6, 16, 27, 1, 35, 34, 39, 41, 2, 20, 25, 17, 33, 31, 12, 56, 22, 24, 61, 4, 48, 5, 59, 60, 9, 45, 58, 32, 51, 7, 55, 30, 8, 50, 64, 43, 29, 18, 28, 11, 37, 19, 13, 52, 23, 36, 46, 53, 15, 47, 57, 62, 63, 40, 26, 49, 21, 44, 38, 54, 42 ],
[ 4, 7, 15, 20, 21, 28, 31, 1, 12, 40, 25, 45, 2, 48, 50, 51, 9, 3, 23, 26, 37, 18, 34, 62, 47, 5, 46, 35, 6, 33, 44, 42, 27, 36, 63, 57, 8, 43, 16, 52, 56, 10, 54, 11, 53, 49, 13, 61, 14, 39, 22, 55, 38, 17, 41, 32, 60, 19, 29, 64, 30, 59, 24, 58 ]
];
edge1`UpstairsFilename := "64S24-4,8,8-g17-3284426910.m";
edge1`DownstairsTriple := [ PermutationGroup<32 |  
\[ 2, 3, 4, 5, 6, 7, 8, 9, 10, 11, 12, 13, 14, 15, 16, 17, 18, 19, 20, 21, 22, 23, 24, 25, 26, 27, 28, 29, 30, 31, 32, 1 ],
\[ 2, 1, 3, 4, 5, 6, 7, 8, 9, 10, 11, 12, 13, 14, 15, 16, 17, 18, 19, 20, 21, 22, 23, 24, 25, 26, 27, 28, 29, 30, 31, 32 ]:
 Order := 263130836933693530167218012160000000 > |
[ 6, 1, 8, 20, 2, 5, 26, 15, 11, 24, 22, 3, 16, 32, 12, 30, 4, 25, 17, 19, 13, 23, 9, 7, 31, 10, 18, 29, 14, 21, 27, 28 ],
[ 3, 9, 13, 2, 15, 22, 1, 27, 21, 5, 31, 25, 7, 12, 30, 19, 29, 17, 6, 32, 4, 16, 18, 14, 24, 28, 26, 8, 23, 10, 20, 11 ],
[ 4, 10, 14, 18, 19, 7, 25, 1, 29, 27, 2, 5, 9, 17, 28, 3, 16, 8, 31, 21, 15, 32, 6, 30, 23, 13, 11, 20, 26, 22, 12, 24 ]
];
edge1`DownstairsFilename := "32S2-4,4,4-g5-3984326407.m";
Append(~s`Edges, edge1);
edge2 := TwoEdgeInitialize();
edge2`Blocks := {@ PowerSet(IntegerRing()) |
{ IntegerRing() | 1, 5 },
{ IntegerRing() | 2, 12 },
{ IntegerRing() | 3, 18 },
{ IntegerRing() | 4, 24 },
{ IntegerRing() | 6, 22 },
{ IntegerRing() | 7, 11 },
{ IntegerRing() | 8, 15 },
{ IntegerRing() | 9, 40 },
{ IntegerRing() | 10, 45 },
{ IntegerRing() | 13, 39 },
{ IntegerRing() | 14, 43 },
{ IntegerRing() | 16, 60 },
{ IntegerRing() | 17, 62 },
{ IntegerRing() | 19, 42 },
{ IntegerRing() | 20, 53 },
{ IntegerRing() | 21, 52 },
{ IntegerRing() | 23, 55 },
{ IntegerRing() | 25, 51 },
{ IntegerRing() | 26, 61 },
{ IntegerRing() | 27, 54 },
{ IntegerRing() | 28, 41 },
{ IntegerRing() | 29, 46 },
{ IntegerRing() | 30, 47 },
{ IntegerRing() | 31, 48 },
{ IntegerRing() | 32, 49 },
{ IntegerRing() | 33, 50 },
{ IntegerRing() | 34, 38 },
{ IntegerRing() | 35, 57 },
{ IntegerRing() | 36, 58 },
{ IntegerRing() | 37, 59 },
{ IntegerRing() | 44, 64 },
{ IntegerRing() | 56, 63 }
@};
edge2`UpstairsTriple := [ PermutationGroup<64 |  
\[ 2, 3, 4, 5, 6, 7, 8, 9, 10, 11, 12, 13, 14, 15, 16, 17, 18, 19, 20, 21, 22, 23, 24, 25, 26, 27, 28, 29, 30, 31, 32, 33, 34, 35, 36, 37, 38, 39, 40, 41, 42, 43, 44, 45, 46, 47, 48, 49, 50, 51, 52, 53, 54, 55, 56, 57, 58, 59, 60, 61, 62, 63, 64, 1 ],
\[ 2, 1, 3, 4, 5, 6, 7, 8, 9, 10, 11, 12, 13, 14, 15, 16, 17, 18, 19, 20, 21, 22, 23, 24, 25, 26, 27, 28, 29, 30, 31, 32, 33, 34, 35, 36, 37, 38, 39, 40, 41, 42, 43, 44, 45, 46, 47, 48, 49, 50, 51, 52, 53, 54, 55, 56, 57, 58, 59, 60, 61, 62, 63, 64 ]:
 Order := 126886932185884164103433389335161480802865516174545192198801894375214704230400000000000000 > |
[ 12, 40, 8, 52, 2, 5, 47, 38, 22, 14, 30, 9, 25, 27, 34, 20, 64, 15, 18, 50, 13, 1, 57, 21, 24, 16, 29, 32, 10, 28, 55, 11, 61, 19, 37, 63, 31, 42, 51, 6, 49, 3, 54, 58, 43, 45, 41, 23, 7, 26, 4, 39, 33, 46, 35, 62, 59, 56, 48, 53, 60, 44, 17, 36 ],
[ 3, 10, 16, 22, 18, 27, 1, 35, 38, 26, 5, 45, 2, 55, 57, 28, 42, 60, 48, 39, 63, 54, 51, 6, 64, 4, 20, 40, 37, 17, 49, 36, 7, 33, 47, 8, 21, 50, 12, 34, 9, 31, 23, 29, 61, 59, 62, 32, 58, 11, 44, 56, 13, 53, 25, 14, 30, 15, 52, 41, 24, 19, 43, 46 ],
[ 4, 11, 17, 23, 24, 28, 31, 1, 39, 44, 48, 7, 37, 2, 5, 10, 21, 62, 40, 3, 61, 41, 19, 55, 53, 38, 56, 57, 6, 50, 29, 16, 54, 58, 14, 25, 8, 36, 59, 13, 35, 9, 12, 47, 64, 22, 33, 46, 60, 27, 20, 26, 18, 63, 42, 49, 43, 51, 15, 45, 34, 52, 32, 30 ]
];
edge2`UpstairsFilename := "64S24-4,8,8-g17-7054139.m";
edge2`DownstairsTriple := [ PermutationGroup<32 |  
\[ 2, 3, 4, 5, 6, 7, 8, 9, 10, 11, 12, 13, 14, 15, 16, 17, 18, 19, 20, 21, 22, 23, 24, 25, 26, 27, 28, 29, 30, 31, 32, 1 ],
\[ 2, 1, 3, 4, 5, 6, 7, 8, 9, 10, 11, 12, 13, 14, 15, 16, 17, 18, 19, 20, 21, 22, 23, 24, 25, 26, 27, 28, 29, 30, 31, 32 ]:
 Order := 263130836933693530167218012160000000 > |
[ 6, 1, 8, 20, 2, 5, 26, 15, 11, 24, 22, 3, 16, 32, 12, 27, 4, 28, 17, 19, 13, 23, 9, 7, 18, 10, 21, 30, 31, 25, 14, 29 ],
[ 3, 9, 13, 2, 15, 22, 1, 28, 16, 5, 30, 25, 10, 12, 27, 19, 32, 17, 6, 31, 4, 21, 18, 29, 24, 14, 7, 26, 8, 20, 23, 11 ],
[ 4, 10, 14, 18, 19, 7, 25, 1, 31, 28, 2, 5, 22, 20, 29, 3, 16, 12, 30, 21, 15, 32, 6, 13, 11, 27, 9, 23, 17, 8, 24, 26 ]
];
edge2`DownstairsFilename := "32S8-4,8,8-g9-2104742026.m";
Append(~s`Edges, edge2);
edge3 := TwoEdgeInitialize();
edge3`Blocks := {@ PowerSet(IntegerRing()) |
{ IntegerRing() | 1, 5 },
{ IntegerRing() | 2, 6 },
{ IntegerRing() | 3, 15 },
{ IntegerRing() | 4, 19 },
{ IntegerRing() | 7, 10 },
{ IntegerRing() | 8, 12 },
{ IntegerRing() | 9, 22 },
{ IntegerRing() | 11, 23 },
{ IntegerRing() | 13, 40 },
{ IntegerRing() | 14, 29 },
{ IntegerRing() | 16, 21 },
{ IntegerRing() | 17, 20 },
{ IntegerRing() | 18, 34 },
{ IntegerRing() | 24, 26 },
{ IntegerRing() | 25, 28 },
{ IntegerRing() | 27, 33 },
{ IntegerRing() | 30, 37 },
{ IntegerRing() | 31, 51 },
{ IntegerRing() | 32, 35 },
{ IntegerRing() | 36, 48 },
{ IntegerRing() | 38, 59 },
{ IntegerRing() | 39, 44 },
{ IntegerRing() | 41, 43 },
{ IntegerRing() | 42, 55 },
{ IntegerRing() | 45, 49 },
{ IntegerRing() | 46, 50 },
{ IntegerRing() | 47, 58 },
{ IntegerRing() | 52, 54 },
{ IntegerRing() | 53, 57 },
{ IntegerRing() | 56, 60 },
{ IntegerRing() | 61, 64 },
{ IntegerRing() | 62, 63 }
@};
edge3`UpstairsTriple := [ PermutationGroup<64 |  
\[ 2, 3, 4, 5, 6, 7, 8, 9, 10, 11, 12, 13, 14, 15, 16, 17, 18, 19, 20, 21, 22, 23, 24, 25, 26, 27, 28, 29, 30, 31, 32, 33, 34, 35, 36, 37, 38, 39, 40, 41, 42, 43, 44, 45, 46, 47, 48, 49, 50, 51, 52, 53, 54, 55, 56, 57, 58, 59, 60, 61, 62, 63, 64, 1 ],
\[ 2, 1, 3, 4, 5, 6, 7, 8, 9, 10, 11, 12, 13, 14, 15, 16, 17, 18, 19, 20, 21, 22, 23, 24, 25, 26, 27, 28, 29, 30, 31, 32, 33, 34, 35, 36, 37, 38, 39, 40, 41, 42, 43, 44, 45, 46, 47, 48, 49, 50, 51, 52, 53, 54, 55, 56, 57, 58, 59, 60, 61, 62, 63, 64 ]:
 Order := 126886932185884164103433389335161480802865516174545192198801894375214704230400000000000000 > |
[ 6, 1, 8, 20, 2, 5, 26, 15, 11, 24, 22, 3, 16, 35, 12, 40, 4, 48, 17, 19, 13, 23, 9, 7, 37, 10, 51, 30, 32, 25, 27, 14, 31, 36, 29, 18, 28, 41, 54, 21, 59, 56, 38, 52, 46, 49, 57, 34, 50, 45, 33, 39, 47, 44, 60, 55, 58, 53, 43, 42, 62, 64, 61, 63 ],
[ 3, 9, 13, 2, 15, 22, 1, 28, 31, 5, 34, 25, 38, 12, 40, 19, 45, 17, 6, 49, 4, 51, 18, 46, 24, 50, 7, 26, 8, 42, 56, 23, 10, 20, 11, 41, 55, 61, 21, 59, 29, 32, 14, 16, 52, 58, 36, 43, 54, 47, 60, 30, 27, 37, 35, 63, 33, 48, 64, 62, 53, 44, 39, 57 ],
[ 4, 10, 14, 18, 19, 7, 25, 1, 32, 28, 2, 5, 39, 42, 29, 3, 16, 47, 34, 21, 15, 35, 6, 33, 52, 27, 9, 54, 55, 8, 57, 41, 22, 58, 43, 11, 12, 48, 45, 44, 13, 51, 40, 49, 26, 17, 61, 23, 24, 20, 53, 62, 46, 63, 31, 30, 50, 64, 36, 37, 56, 38, 59, 60 ]
];
edge3`UpstairsFilename := "64S24-4,8,8-g17-3472679439.m";
edge3`DownstairsTriple := [ PermutationGroup<32 |  
\[ 2, 3, 4, 5, 6, 7, 8, 9, 10, 11, 12, 13, 14, 15, 16, 17, 18, 19, 20, 21, 22, 23, 24, 25, 26, 27, 28, 29, 30, 31, 32, 1 ],
\[ 2, 1, 3, 4, 5, 6, 7, 8, 9, 10, 11, 12, 13, 14, 15, 16, 17, 18, 19, 20, 21, 22, 23, 24, 25, 26, 27, 28, 29, 30, 31, 32 ]:
 Order := 263130836933693530167218012160000000 > |
[ 2, 1, 7, 15, 9, 20, 3, 10, 5, 8, 14, 25, 19, 11, 4, 28, 30, 29, 13, 6, 23, 24, 21, 22, 12, 27, 26, 16, 18, 17, 32, 31 ],
[ 3, 8, 11, 2, 13, 1, 21, 24, 26, 16, 18, 7, 22, 4, 32, 15, 9, 5, 28, 31, 20, 6, 30, 17, 10, 14, 23, 29, 12, 25, 19, 27 ],
[ 4, 6, 12, 16, 17, 21, 1, 25, 18, 2, 26, 30, 31, 3, 14, 19, 23, 28, 5, 22, 27, 8, 7, 13, 29, 32, 9, 10, 11, 24, 15, 20 ]
];
edge3`DownstairsFilename := "32S7-2,8,8-g5-3703186130.m";
Append(~s`Edges, edge3);

/*
Return for eval
*/

return s;
