s := TwoDBInitialize();

/*
Magma printing
*/

s`Name := "64S21-4,4,8-g13-2085485829";
s`Filename := "64S21-4,4,8-g13-2085485829.m";
s`Degree := 64;
s`Orders := \[ 4, 4, 8 ];
s`Geometry := "Hyperbolic";
s`Genus := 13;
s`Level := 6;
s`PermutationTriple := [ PermutationGroup<64 |  
\[ 2, 3, 4, 5, 6, 7, 8, 9, 10, 11, 12, 13, 14, 15, 16, 17, 18, 19, 20, 21, 22, 23, 24, 25, 26, 27, 28, 29, 30, 31, 32, 33, 34, 35, 36, 37, 38, 39, 40, 41, 42, 43, 44, 45, 46, 47, 48, 49, 50, 51, 52, 53, 54, 55, 56, 57, 58, 59, 60, 61, 62, 63, 64, 1 ],
\[ 2, 1, 3, 4, 5, 6, 7, 8, 9, 10, 11, 12, 13, 14, 15, 16, 17, 18, 19, 20, 21, 22, 23, 24, 25, 26, 27, 28, 29, 30, 31, 32, 33, 34, 35, 36, 37, 38, 39, 40, 41, 42, 43, 44, 45, 46, 47, 48, 49, 50, 51, 52, 53, 54, 55, 56, 57, 58, 59, 60, 61, 62, 63, 64 ]:
 Order := 126886932185884164103433389335161480802865516174545192198801894375214704230400000000000000 > |
[ 12, 39, 8, 53, 2, 5, 48, 37, 22, 14, 30, 9, 25, 27, 33, 20, 56, 15, 18, 64, 13, 1, 57, 21, 24, 16, 29, 32, 10, 28, 55, 11, 19, 36, 44, 31, 41, 52, 6, 50, 3, 54, 47, 17, 42, 45, 60, 40, 23, 7, 43, 4, 38, 46, 34, 35, 59, 63, 49, 51, 58, 61, 62, 26 ],
[ 3, 10, 16, 22, 18, 27, 1, 34, 37, 43, 5, 45, 2, 55, 57, 7, 41, 51, 49, 38, 44, 54, 52, 6, 56, 4, 60, 39, 36, 58, 50, 62, 47, 48, 8, 21, 64, 12, 33, 9, 31, 23, 13, 29, 20, 59, 28, 35, 32, 17, 11, 61, 63, 26, 25, 14, 30, 15, 53, 24, 42, 19, 46, 40 ],
[ 4, 11, 17, 23, 24, 28, 31, 1, 38, 44, 49, 7, 36, 2, 5, 54, 21, 62, 39, 3, 60, 40, 19, 55, 43, 37, 56, 57, 6, 51, 29, 47, 58, 14, 25, 8, 35, 59, 13, 34, 9, 12, 18, 48, 63, 22, 10, 16, 46, 64, 27, 20, 26, 61, 41, 50, 42, 52, 15, 33, 32, 53, 30, 45 ]
];
s`MonodromyGroup := PermutationGroup<64 |  
\[ 12, 39, 8, 53, 2, 5, 48, 37, 22, 14, 30, 9, 25, 27, 33, 20, 56, 15, 18, 64, 13, 1, 57, 21, 24, 16, 29, 32, 10, 28, 55, 11, 19, 36, 44, 31, 41, 52, 6, 50, 3, 54, 47, 17, 42, 45, 60, 40, 23, 7, 43, 4, 38, 46, 34, 35, 59, 63, 49, 51, 58, 61, 62, 26 ],
\[ 3, 10, 16, 22, 18, 27, 1, 34, 37, 43, 5, 45, 2, 55, 57, 7, 41, 51, 49, 38, 44, 54, 52, 6, 56, 4, 60, 39, 36, 58, 50, 62, 47, 48, 8, 21, 64, 12, 33, 9, 31, 23, 13, 29, 20, 59, 28, 35, 32, 17, 11, 61, 63, 26, 25, 14, 30, 15, 53, 24, 42, 19, 46, 40 ],
\[ 4, 11, 17, 23, 24, 28, 31, 1, 38, 44, 49, 7, 36, 2, 5, 54, 21, 62, 39, 3, 60, 40, 19, 55, 43, 37, 56, 57, 6, 51, 29, 47, 58, 14, 25, 8, 35, 59, 13, 34, 9, 12, 18, 48, 63, 22, 10, 16, 46, 64, 27, 20, 26, 61, 41, 50, 42, 52, 15, 33, 32, 53, 30, 45 ] >;

/*
Edge printing
*/

s`Edges := [];
edge1 := TwoEdgeInitialize();
edge1`Blocks := {@ PowerSet(IntegerRing()) |
{ IntegerRing() | 1, 5 },
{ IntegerRing() | 2, 12 },
{ IntegerRing() | 3, 18 },
{ IntegerRing() | 4, 24 },
{ IntegerRing() | 6, 22 },
{ IntegerRing() | 7, 11 },
{ IntegerRing() | 8, 15 },
{ IntegerRing() | 9, 39 },
{ IntegerRing() | 10, 45 },
{ IntegerRing() | 13, 38 },
{ IntegerRing() | 14, 42 },
{ IntegerRing() | 16, 51 },
{ IntegerRing() | 17, 62 },
{ IntegerRing() | 19, 41 },
{ IntegerRing() | 20, 43 },
{ IntegerRing() | 21, 53 },
{ IntegerRing() | 23, 55 },
{ IntegerRing() | 25, 52 },
{ IntegerRing() | 26, 60 },
{ IntegerRing() | 27, 54 },
{ IntegerRing() | 28, 40 },
{ IntegerRing() | 29, 46 },
{ IntegerRing() | 30, 48 },
{ IntegerRing() | 31, 49 },
{ IntegerRing() | 32, 50 },
{ IntegerRing() | 33, 37 },
{ IntegerRing() | 34, 57 },
{ IntegerRing() | 35, 58 },
{ IntegerRing() | 36, 59 },
{ IntegerRing() | 44, 63 },
{ IntegerRing() | 47, 64 },
{ IntegerRing() | 56, 61 }
@};
edge1`UpstairsTriple := [ PermutationGroup<64 |  
\[ 2, 3, 4, 5, 6, 7, 8, 9, 10, 11, 12, 13, 14, 15, 16, 17, 18, 19, 20, 21, 22, 23, 24, 25, 26, 27, 28, 29, 30, 31, 32, 33, 34, 35, 36, 37, 38, 39, 40, 41, 42, 43, 44, 45, 46, 47, 48, 49, 50, 51, 52, 53, 54, 55, 56, 57, 58, 59, 60, 61, 62, 63, 64, 1 ],
\[ 2, 1, 3, 4, 5, 6, 7, 8, 9, 10, 11, 12, 13, 14, 15, 16, 17, 18, 19, 20, 21, 22, 23, 24, 25, 26, 27, 28, 29, 30, 31, 32, 33, 34, 35, 36, 37, 38, 39, 40, 41, 42, 43, 44, 45, 46, 47, 48, 49, 50, 51, 52, 53, 54, 55, 56, 57, 58, 59, 60, 61, 62, 63, 64 ]:
 Order := 126886932185884164103433389335161480802865516174545192198801894375214704230400000000000000 > |
[ 12, 39, 8, 53, 2, 5, 48, 37, 22, 14, 30, 9, 25, 27, 33, 20, 56, 15, 18, 64, 13, 1, 57, 21, 24, 16, 29, 32, 10, 28, 55, 11, 19, 36, 44, 31, 41, 52, 6, 50, 3, 54, 47, 17, 42, 45, 60, 40, 23, 7, 43, 4, 38, 46, 34, 35, 59, 63, 49, 51, 58, 61, 62, 26 ],
[ 3, 10, 16, 22, 18, 27, 1, 34, 37, 43, 5, 45, 2, 55, 57, 7, 41, 51, 49, 38, 44, 54, 52, 6, 56, 4, 60, 39, 36, 58, 50, 62, 47, 48, 8, 21, 64, 12, 33, 9, 31, 23, 13, 29, 20, 59, 28, 35, 32, 17, 11, 61, 63, 26, 25, 14, 30, 15, 53, 24, 42, 19, 46, 40 ],
[ 4, 11, 17, 23, 24, 28, 31, 1, 38, 44, 49, 7, 36, 2, 5, 54, 21, 62, 39, 3, 60, 40, 19, 55, 43, 37, 56, 57, 6, 51, 29, 47, 58, 14, 25, 8, 35, 59, 13, 34, 9, 12, 18, 48, 63, 22, 10, 16, 46, 64, 27, 20, 26, 61, 41, 50, 42, 52, 15, 33, 32, 53, 30, 45 ]
];
edge1`UpstairsFilename := "64S21-4,4,8-g13-2085485829.m";
edge1`DownstairsTriple := [ PermutationGroup<32 |  
\[ 2, 3, 4, 5, 6, 7, 8, 9, 10, 11, 12, 13, 14, 15, 16, 17, 18, 19, 20, 21, 22, 23, 24, 25, 26, 27, 28, 29, 30, 31, 32, 1 ],
\[ 2, 1, 3, 4, 5, 6, 7, 8, 9, 10, 11, 12, 13, 14, 15, 16, 17, 18, 19, 20, 21, 22, 23, 24, 25, 26, 27, 28, 29, 30, 31, 32 ]:
 Order := 263130836933693530167218012160000000 > |
[ 6, 1, 8, 20, 2, 5, 26, 15, 11, 24, 22, 3, 16, 30, 12, 31, 4, 27, 17, 19, 13, 23, 9, 7, 18, 10, 29, 32, 25, 28, 21, 14 ],
[ 3, 9, 13, 2, 15, 22, 1, 27, 21, 5, 29, 25, 7, 12, 31, 19, 30, 17, 6, 32, 4, 16, 18, 14, 24, 28, 26, 8, 20, 23, 10, 11 ],
[ 4, 10, 14, 18, 19, 7, 25, 1, 30, 27, 2, 5, 9, 20, 28, 3, 16, 12, 29, 21, 15, 32, 6, 31, 11, 13, 23, 17, 8, 24, 22, 26 ]
];
edge1`DownstairsFilename := "32S10-4,4,8-g7-1089880469.m";
Append(~s`Edges, edge1);
edge2 := TwoEdgeInitialize();
edge2`Blocks := {@ PowerSet(IntegerRing()) |
{ IntegerRing() | 1, 5 },
{ IntegerRing() | 2, 11 },
{ IntegerRing() | 3, 7 },
{ IntegerRing() | 4, 18 },
{ IntegerRing() | 6, 20 },
{ IntegerRing() | 8, 21 },
{ IntegerRing() | 9, 30 },
{ IntegerRing() | 10, 12 },
{ IntegerRing() | 13, 19 },
{ IntegerRing() | 14, 24 },
{ IntegerRing() | 15, 25 },
{ IntegerRing() | 16, 23 },
{ IntegerRing() | 17, 33 },
{ IntegerRing() | 22, 26 },
{ IntegerRing() | 27, 28 },
{ IntegerRing() | 29, 37 },
{ IntegerRing() | 31, 32 },
{ IntegerRing() | 34, 42 },
{ IntegerRing() | 35, 38 },
{ IntegerRing() | 36, 43 },
{ IntegerRing() | 39, 41 },
{ IntegerRing() | 40, 49 },
{ IntegerRing() | 44, 45 },
{ IntegerRing() | 46, 54 },
{ IntegerRing() | 47, 48 },
{ IntegerRing() | 50, 57 },
{ IntegerRing() | 51, 53 },
{ IntegerRing() | 52, 59 },
{ IntegerRing() | 55, 58 },
{ IntegerRing() | 56, 64 },
{ IntegerRing() | 60, 61 },
{ IntegerRing() | 62, 63 }
@};
edge2`UpstairsTriple := [ PermutationGroup<64 |  
\[ 2, 3, 4, 5, 6, 7, 8, 9, 10, 11, 12, 13, 14, 15, 16, 17, 18, 19, 20, 21, 22, 23, 24, 25, 26, 27, 28, 29, 30, 31, 32, 33, 34, 35, 36, 37, 38, 39, 40, 41, 42, 43, 44, 45, 46, 47, 48, 49, 50, 51, 52, 53, 54, 55, 56, 57, 58, 59, 60, 61, 62, 63, 64, 1 ],
\[ 2, 1, 3, 4, 5, 6, 7, 8, 9, 10, 11, 12, 13, 14, 15, 16, 17, 18, 19, 20, 21, 22, 23, 24, 25, 26, 27, 28, 29, 30, 31, 32, 33, 34, 35, 36, 37, 38, 39, 40, 41, 42, 43, 44, 45, 46, 47, 48, 49, 50, 51, 52, 53, 54, 55, 56, 57, 58, 59, 60, 61, 62, 63, 64 ]:
 Order := 126886932185884164103433389335161480802865516174545192198801894375214704230400000000000000 > |
[ 2, 9, 8, 16, 11, 1, 21, 26, 6, 13, 30, 19, 18, 35, 3, 12, 34, 23, 4, 5, 22, 25, 10, 38, 7, 15, 29, 37, 24, 20, 39, 41, 42, 32, 28, 46, 14, 27, 33, 55, 17, 31, 54, 51, 53, 45, 50, 57, 58, 49, 43, 62, 36, 44, 48, 59, 40, 47, 63, 56, 64, 61, 60, 52 ],
[ 3, 10, 5, 6, 7, 18, 1, 27, 26, 11, 12, 2, 17, 15, 24, 31, 19, 20, 33, 4, 28, 9, 32, 25, 14, 30, 21, 8, 36, 22, 23, 16, 13, 47, 44, 37, 43, 45, 40, 41, 49, 48, 29, 38, 35, 60, 42, 34, 39, 56, 52, 53, 59, 61, 62, 57, 64, 63, 51, 54, 46, 58, 55, 50 ],
[ 4, 7, 14, 17, 18, 22, 24, 1, 12, 31, 3, 32, 2, 36, 9, 20, 40, 33, 11, 26, 5, 27, 6, 43, 30, 28, 44, 45, 8, 10, 47, 48, 49, 13, 25, 52, 21, 15, 16, 56, 23, 19, 59, 60, 61, 29, 62, 63, 64, 34, 35, 57, 38, 37, 39, 46, 42, 41, 50, 58, 55, 51, 53, 54 ]
];
edge2`UpstairsFilename := "64S21-4,4,8-g13-478400569.m";
edge2`DownstairsTriple := [ PermutationGroup<32 |  
\[ 2, 3, 4, 5, 6, 7, 8, 9, 10, 11, 12, 13, 14, 15, 16, 17, 18, 19, 20, 21, 22, 23, 24, 25, 26, 27, 28, 29, 30, 31, 32, 1 ],
\[ 2, 1, 3, 4, 5, 6, 7, 8, 9, 10, 11, 12, 13, 14, 15, 16, 17, 18, 19, 20, 21, 22, 23, 24, 25, 26, 27, 28, 29, 30, 31, 32 ]:
 Order := 263130836933693530167218012160000000 > |
[ 2, 8, 7, 15, 10, 1, 20, 6, 11, 23, 4, 28, 19, 3, 9, 27, 30, 5, 32, 14, 22, 12, 18, 31, 26, 17, 24, 21, 13, 25, 16, 29 ],
[ 3, 9, 1, 6, 13, 4, 21, 20, 2, 25, 16, 14, 5, 12, 24, 11, 18, 17, 31, 8, 7, 26, 32, 15, 10, 22, 29, 30, 27, 28, 19, 23 ],
[ 4, 3, 12, 16, 17, 20, 1, 9, 24, 13, 2, 26, 27, 8, 6, 19, 22, 32, 5, 21, 30, 7, 25, 29, 28, 10, 11, 14, 23, 18, 15, 31 ]
];
edge2`DownstairsFilename := "32S9-4,2,8-g3-3217295790.m";
Append(~s`Edges, edge2);
edge3 := TwoEdgeInitialize();
edge3`Blocks := {@ PowerSet(IntegerRing()) |
{ IntegerRing() | 1, 5 },
{ IntegerRing() | 2, 6 },
{ IntegerRing() | 3, 15 },
{ IntegerRing() | 4, 19 },
{ IntegerRing() | 7, 10 },
{ IntegerRing() | 8, 12 },
{ IntegerRing() | 9, 22 },
{ IntegerRing() | 11, 23 },
{ IntegerRing() | 13, 31 },
{ IntegerRing() | 14, 28 },
{ IntegerRing() | 16, 21 },
{ IntegerRing() | 17, 20 },
{ IntegerRing() | 18, 32 },
{ IntegerRing() | 24, 26 },
{ IntegerRing() | 25, 27 },
{ IntegerRing() | 29, 35 },
{ IntegerRing() | 30, 33 },
{ IntegerRing() | 34, 41 },
{ IntegerRing() | 36, 38 },
{ IntegerRing() | 37, 45 },
{ IntegerRing() | 39, 42 },
{ IntegerRing() | 40, 48 },
{ IntegerRing() | 43, 44 },
{ IntegerRing() | 46, 51 },
{ IntegerRing() | 47, 49 },
{ IntegerRing() | 50, 58 },
{ IntegerRing() | 52, 54 },
{ IntegerRing() | 53, 61 },
{ IntegerRing() | 55, 57 },
{ IntegerRing() | 56, 63 },
{ IntegerRing() | 59, 60 },
{ IntegerRing() | 62, 64 }
@};
edge3`UpstairsTriple := [ PermutationGroup<64 |  
\[ 2, 3, 4, 5, 6, 7, 8, 9, 10, 11, 12, 13, 14, 15, 16, 17, 18, 19, 20, 21, 22, 23, 24, 25, 26, 27, 28, 29, 30, 31, 32, 33, 34, 35, 36, 37, 38, 39, 40, 41, 42, 43, 44, 45, 46, 47, 48, 49, 50, 51, 52, 53, 54, 55, 56, 57, 58, 59, 60, 61, 62, 63, 64, 1 ],
\[ 2, 1, 3, 4, 5, 6, 7, 8, 9, 10, 11, 12, 13, 14, 15, 16, 17, 18, 19, 20, 21, 22, 23, 24, 25, 26, 27, 28, 29, 30, 31, 32, 33, 34, 35, 36, 37, 38, 39, 40, 41, 42, 43, 44, 45, 46, 47, 48, 49, 50, 51, 52, 53, 54, 55, 56, 57, 58, 59, 60, 61, 62, 63, 64 ]:
 Order := 126886932185884164103433389335161480802865516174545192198801894375214704230400000000000000 > |
[ 6, 1, 8, 20, 2, 5, 26, 15, 11, 24, 22, 3, 16, 38, 12, 31, 4, 41, 17, 19, 13, 23, 9, 7, 35, 10, 29, 36, 25, 39, 21, 34, 42, 18, 27, 14, 46, 28, 33, 57, 32, 30, 52, 54, 51, 45, 50, 55, 58, 49, 37, 44, 64, 43, 40, 59, 48, 47, 63, 56, 62, 53, 60, 61 ],
[ 3, 9, 13, 2, 15, 22, 1, 27, 21, 5, 32, 25, 7, 12, 31, 19, 30, 17, 6, 33, 4, 16, 18, 14, 24, 28, 26, 8, 37, 23, 10, 20, 11, 47, 45, 43, 36, 44, 48, 34, 49, 40, 29, 35, 38, 60, 42, 41, 39, 63, 59, 61, 51, 53, 62, 55, 64, 56, 54, 52, 46, 58, 57, 50 ],
[ 4, 10, 14, 18, 19, 7, 25, 1, 30, 27, 2, 5, 9, 37, 28, 3, 16, 40, 32, 21, 15, 33, 6, 31, 43, 13, 44, 45, 8, 47, 22, 48, 49, 11, 12, 26, 53, 24, 17, 56, 23, 20, 59, 60, 61, 29, 62, 63, 64, 34, 35, 36, 55, 38, 39, 46, 42, 41, 58, 50, 57, 52, 51, 54 ]
];
edge3`UpstairsFilename := "64S21-4,4,8-g13-1327357979.m";
edge3`DownstairsTriple := [ PermutationGroup<32 |  
\[ 2, 3, 4, 5, 6, 7, 8, 9, 10, 11, 12, 13, 14, 15, 16, 17, 18, 19, 20, 21, 22, 23, 24, 25, 26, 27, 28, 29, 30, 31, 32, 1 ],
\[ 2, 1, 3, 4, 5, 6, 7, 8, 9, 10, 11, 12, 13, 14, 15, 16, 17, 18, 19, 20, 21, 22, 23, 24, 25, 26, 27, 28, 29, 30, 31, 32 ]:
 Order := 263130836933693530167218012160000000 > |
[ 2, 1, 7, 15, 9, 20, 3, 10, 5, 8, 14, 28, 19, 11, 4, 26, 29, 32, 13, 6, 22, 21, 30, 25, 24, 16, 31, 12, 17, 23, 27, 18 ],
[ 3, 8, 11, 2, 13, 1, 21, 14, 24, 16, 6, 7, 27, 4, 23, 15, 9, 5, 26, 12, 20, 29, 10, 31, 22, 32, 18, 25, 28, 19, 17, 30 ],
[ 4, 6, 12, 16, 17, 21, 1, 23, 18, 2, 8, 29, 30, 3, 14, 19, 22, 26, 5, 11, 25, 7, 32, 28, 9, 10, 24, 20, 31, 15, 13, 27 ]
];
edge3`DownstairsFilename := "32S9-2,4,8-g3-2127854366.m";
Append(~s`Edges, edge3);
edge4 := TwoEdgeInitialize();
edge4`Blocks := {@ PowerSet(IntegerRing()) |
{ IntegerRing() | 1, 5 },
{ IntegerRing() | 2, 11 },
{ IntegerRing() | 3, 16 },
{ IntegerRing() | 4, 21 },
{ IntegerRing() | 6, 24 },
{ IntegerRing() | 7, 25 },
{ IntegerRing() | 8, 26 },
{ IntegerRing() | 9, 37 },
{ IntegerRing() | 10, 39 },
{ IntegerRing() | 12, 41 },
{ IntegerRing() | 13, 42 },
{ IntegerRing() | 14, 46 },
{ IntegerRing() | 15, 49 },
{ IntegerRing() | 17, 51 },
{ IntegerRing() | 18, 52 },
{ IntegerRing() | 19, 54 },
{ IntegerRing() | 20, 36 },
{ IntegerRing() | 22, 48 },
{ IntegerRing() | 23, 57 },
{ IntegerRing() | 27, 58 },
{ IntegerRing() | 28, 59 },
{ IntegerRing() | 29, 60 },
{ IntegerRing() | 30, 61 },
{ IntegerRing() | 31, 45 },
{ IntegerRing() | 32, 62 },
{ IntegerRing() | 33, 63 },
{ IntegerRing() | 34, 56 },
{ IntegerRing() | 35, 55 },
{ IntegerRing() | 38, 47 },
{ IntegerRing() | 40, 64 },
{ IntegerRing() | 43, 53 },
{ IntegerRing() | 44, 50 }
@};
edge4`UpstairsTriple := [ PermutationGroup<64 |  
\[ 2, 3, 4, 5, 6, 7, 8, 9, 10, 11, 12, 13, 14, 15, 16, 17, 18, 19, 20, 21, 22, 23, 24, 25, 26, 27, 28, 29, 30, 31, 32, 33, 34, 35, 36, 37, 38, 39, 40, 41, 42, 43, 44, 45, 46, 47, 48, 49, 50, 51, 52, 53, 54, 55, 56, 57, 58, 59, 60, 61, 62, 63, 64, 1 ],
\[ 2, 1, 3, 4, 5, 6, 7, 8, 9, 10, 11, 12, 13, 14, 15, 16, 17, 18, 19, 20, 21, 22, 23, 24, 25, 26, 27, 28, 29, 30, 31, 32, 33, 34, 35, 36, 37, 38, 39, 40, 41, 42, 43, 44, 45, 46, 47, 48, 49, 50, 51, 52, 53, 54, 55, 56, 57, 58, 59, 60, 61, 62, 63, 64 ]:
 Order := 126886932185884164103433389335161480802865516174545192198801894375214704230400000000000000 > |
[ 2, 9, 8, 19, 11, 1, 30, 33, 6, 13, 37, 22, 27, 18, 47, 26, 3, 40, 12, 45, 54, 4, 14, 5, 61, 63, 29, 32, 10, 28, 53, 7, 17, 36, 50, 31, 24, 55, 42, 23, 48, 58, 56, 49, 43, 52, 35, 21, 38, 15, 16, 64, 34, 41, 44, 20, 46, 60, 62, 39, 59, 25, 51, 57 ],
[ 3, 10, 14, 6, 16, 27, 1, 34, 33, 18, 39, 2, 20, 7, 17, 46, 31, 12, 38, 22, 24, 44, 4, 58, 5, 56, 23, 9, 43, 35, 32, 15, 40, 30, 8, 48, 63, 29, 52, 28, 11, 36, 19, 13, 62, 25, 60, 50, 51, 42, 45, 41, 54, 47, 26, 61, 21, 57, 37, 53, 55, 49, 64, 59 ],
[ 4, 7, 15, 20, 21, 28, 31, 1, 12, 38, 25, 43, 2, 27, 48, 49, 9, 3, 23, 26, 36, 18, 33, 59, 45, 5, 44, 34, 6, 14, 42, 40, 35, 60, 54, 8, 41, 62, 47, 10, 53, 11, 51, 61, 13, 58, 32, 52, 22, 30, 37, 16, 17, 57, 19, 29, 63, 50, 56, 24, 46, 64, 55, 39 ]
];
edge4`UpstairsFilename := "64S21-4,4,8-g13-699485527.m";
edge4`DownstairsTriple := [ PermutationGroup<32 |  
\[ 2, 3, 4, 5, 6, 7, 8, 9, 10, 11, 12, 13, 14, 15, 16, 17, 18, 19, 20, 21, 22, 23, 24, 25, 26, 27, 28, 29, 30, 31, 32, 1 ],
\[ 2, 1, 3, 4, 5, 6, 7, 8, 9, 10, 11, 12, 13, 14, 15, 16, 17, 18, 19, 20, 21, 22, 23, 24, 25, 26, 27, 28, 29, 30, 31, 32 ]:
 Order := 263130836933693530167218012160000000 > |
[ 6, 1, 8, 20, 2, 5, 26, 15, 11, 24, 22, 3, 16, 32, 12, 30, 4, 25, 17, 19, 13, 23, 9, 7, 31, 10, 18, 29, 14, 21, 27, 28 ],
[ 3, 9, 13, 2, 15, 22, 1, 27, 21, 5, 31, 25, 7, 12, 30, 19, 29, 17, 6, 32, 4, 16, 18, 14, 24, 28, 26, 8, 23, 10, 20, 11 ],
[ 4, 10, 14, 18, 19, 7, 25, 1, 29, 27, 2, 5, 9, 17, 28, 3, 16, 8, 31, 21, 15, 32, 6, 30, 23, 13, 11, 20, 26, 22, 12, 24 ]
];
edge4`DownstairsFilename := "32S2-4,4,4-g5-3984326407.m";
Append(~s`Edges, edge4);
edge5 := TwoEdgeInitialize();
edge5`Blocks := {@ PowerSet(IntegerRing()) |
{ IntegerRing() | 1, 5 },
{ IntegerRing() | 2, 11 },
{ IntegerRing() | 3, 17 },
{ IntegerRing() | 4, 22 },
{ IntegerRing() | 6, 20 },
{ IntegerRing() | 7, 10 },
{ IntegerRing() | 8, 14 },
{ IntegerRing() | 9, 15 },
{ IntegerRing() | 12, 24 },
{ IntegerRing() | 13, 19 },
{ IntegerRing() | 16, 28 },
{ IntegerRing() | 18, 26 },
{ IntegerRing() | 21, 32 },
{ IntegerRing() | 23, 25 },
{ IntegerRing() | 27, 29 },
{ IntegerRing() | 30, 35 },
{ IntegerRing() | 31, 33 },
{ IntegerRing() | 34, 39 },
{ IntegerRing() | 36, 44 },
{ IntegerRing() | 37, 38 },
{ IntegerRing() | 40, 48 },
{ IntegerRing() | 41, 42 },
{ IntegerRing() | 43, 45 },
{ IntegerRing() | 46, 51 },
{ IntegerRing() | 47, 49 },
{ IntegerRing() | 50, 55 },
{ IntegerRing() | 52, 60 },
{ IntegerRing() | 53, 54 },
{ IntegerRing() | 56, 63 },
{ IntegerRing() | 57, 58 },
{ IntegerRing() | 59, 61 },
{ IntegerRing() | 62, 64 }
@};
edge5`UpstairsTriple := [ PermutationGroup<64 |  
\[ 2, 3, 4, 5, 6, 7, 8, 9, 10, 11, 12, 13, 14, 15, 16, 17, 18, 19, 20, 21, 22, 23, 24, 25, 26, 27, 28, 29, 30, 31, 32, 33, 34, 35, 36, 37, 38, 39, 40, 41, 42, 43, 44, 45, 46, 47, 48, 49, 50, 51, 52, 53, 54, 55, 56, 57, 58, 59, 60, 61, 62, 63, 64, 1 ],
\[ 2, 1, 3, 4, 5, 6, 7, 8, 9, 10, 11, 12, 13, 14, 15, 16, 17, 18, 19, 20, 21, 22, 23, 24, 25, 26, 27, 28, 29, 30, 31, 32, 33, 34, 35, 36, 37, 38, 39, 40, 41, 42, 43, 44, 45, 46, 47, 48, 49, 50, 51, 52, 53, 54, 55, 56, 57, 58, 59, 60, 61, 62, 63, 64 ]:
 Order := 126886932185884164103433389335161480802865516174545192198801894375214704230400000000000000 > |
[ 11, 15, 8, 13, 2, 5, 18, 10, 20, 26, 9, 23, 24, 7, 6, 35, 14, 17, 12, 1, 39, 19, 22, 25, 4, 3, 37, 30, 38, 27, 41, 34, 42, 31, 29, 46, 28, 16, 33, 50, 32, 21, 53, 51, 54, 45, 57, 55, 58, 49, 43, 63, 44, 36, 47, 59, 48, 40, 64, 56, 62, 52, 61, 60 ],
[ 3, 4, 15, 20, 17, 24, 1, 28, 10, 5, 22, 2, 32, 16, 7, 26, 9, 29, 21, 12, 25, 6, 33, 11, 31, 27, 14, 18, 8, 36, 19, 23, 13, 40, 44, 38, 45, 43, 48, 42, 49, 47, 30, 37, 35, 60, 34, 41, 39, 63, 52, 54, 61, 59, 56, 58, 64, 62, 51, 53, 46, 55, 57, 50 ],
[ 4, 10, 16, 21, 22, 3, 27, 1, 24, 29, 7, 31, 2, 5, 12, 36, 28, 15, 11, 17, 40, 32, 20, 33, 6, 9, 43, 44, 45, 8, 47, 48, 49, 13, 14, 52, 26, 18, 19, 56, 25, 23, 59, 60, 61, 30, 62, 63, 64, 34, 35, 58, 38, 37, 39, 46, 42, 41, 55, 57, 50, 53, 51, 54 ]
];
edge5`UpstairsFilename := "64S21-4,4,8-g13-1776910681.m";
edge5`DownstairsTriple := [ PermutationGroup<32 |  
\[ 2, 3, 4, 5, 6, 7, 8, 9, 10, 11, 12, 13, 14, 15, 16, 17, 18, 19, 20, 21, 22, 23, 24, 25, 26, 27, 28, 29, 30, 31, 32, 1 ],
\[ 2, 1, 3, 4, 5, 6, 7, 8, 9, 10, 11, 12, 13, 14, 15, 16, 17, 18, 19, 20, 21, 22, 23, 24, 25, 26, 27, 28, 29, 30, 31, 32 ]:
 Order := 263130836933693530167218012160000000 > |
[ 2, 5, 8, 10, 6, 1, 12, 7, 14, 9, 16, 3, 18, 4, 20, 15, 22, 17, 24, 11, 26, 13, 28, 23, 30, 25, 29, 19, 31, 21, 32, 27 ],
[ 3, 4, 5, 6, 7, 9, 1, 11, 2, 13, 12, 15, 14, 17, 8, 19, 10, 21, 20, 23, 22, 25, 16, 27, 18, 29, 28, 31, 30, 32, 24, 26 ],
[ 4, 7, 11, 13, 9, 3, 15, 1, 17, 2, 19, 5, 21, 6, 23, 8, 25, 10, 27, 12, 29, 14, 31, 16, 32, 18, 30, 20, 24, 22, 26, 28 ]
];
edge5`DownstairsFilename := "32S14-4,4,8-g7-2955434971.m";
Append(~s`Edges, edge5);
edge6 := TwoEdgeInitialize();
edge6`Blocks := {@ PowerSet(IntegerRing()) |
{ IntegerRing() | 1, 5 },
{ IntegerRing() | 2, 12 },
{ IntegerRing() | 3, 18 },
{ IntegerRing() | 4, 24 },
{ IntegerRing() | 6, 22 },
{ IntegerRing() | 7, 11 },
{ IntegerRing() | 8, 15 },
{ IntegerRing() | 9, 39 },
{ IntegerRing() | 10, 44 },
{ IntegerRing() | 13, 38 },
{ IntegerRing() | 14, 42 },
{ IntegerRing() | 16, 50 },
{ IntegerRing() | 17, 61 },
{ IntegerRing() | 19, 41 },
{ IntegerRing() | 20, 43 },
{ IntegerRing() | 21, 53 },
{ IntegerRing() | 23, 55 },
{ IntegerRing() | 25, 51 },
{ IntegerRing() | 26, 60 },
{ IntegerRing() | 27, 54 },
{ IntegerRing() | 28, 40 },
{ IntegerRing() | 29, 45 },
{ IntegerRing() | 30, 47 },
{ IntegerRing() | 31, 48 },
{ IntegerRing() | 32, 49 },
{ IntegerRing() | 33, 37 },
{ IntegerRing() | 34, 57 },
{ IntegerRing() | 35, 58 },
{ IntegerRing() | 36, 59 },
{ IntegerRing() | 46, 64 },
{ IntegerRing() | 52, 62 },
{ IntegerRing() | 56, 63 }
@};
edge6`UpstairsTriple := [ PermutationGroup<64 |  
\[ 2, 3, 4, 5, 6, 7, 8, 9, 10, 11, 12, 13, 14, 15, 16, 17, 18, 19, 20, 21, 22, 23, 24, 25, 26, 27, 28, 29, 30, 31, 32, 33, 34, 35, 36, 37, 38, 39, 40, 41, 42, 43, 44, 45, 46, 47, 48, 49, 50, 51, 52, 53, 54, 55, 56, 57, 58, 59, 60, 61, 62, 63, 64, 1 ],
\[ 2, 1, 3, 4, 5, 6, 7, 8, 9, 10, 11, 12, 13, 14, 15, 16, 17, 18, 19, 20, 21, 22, 23, 24, 25, 26, 27, 28, 29, 30, 31, 32, 33, 34, 35, 36, 37, 38, 39, 40, 41, 42, 43, 44, 45, 46, 47, 48, 49, 50, 51, 52, 53, 54, 55, 56, 57, 58, 59, 60, 61, 62, 63, 64 ]:
 Order := 126886932185884164103433389335161480802865516174545192198801894375214704230400000000000000 > |
[ 12, 39, 8, 53, 2, 5, 47, 37, 22, 14, 30, 9, 25, 27, 33, 20, 55, 15, 18, 64, 13, 1, 58, 21, 24, 16, 29, 32, 10, 28, 56, 11, 19, 36, 52, 31, 41, 51, 6, 49, 3, 54, 46, 42, 44, 60, 40, 63, 7, 43, 4, 17, 38, 45, 35, 34, 59, 62, 48, 50, 23, 61, 57, 26 ],
[ 3, 10, 16, 22, 18, 27, 1, 34, 37, 43, 5, 44, 2, 55, 57, 7, 41, 50, 48, 38, 36, 54, 51, 6, 56, 4, 60, 39, 52, 58, 49, 61, 46, 47, 8, 29, 64, 12, 33, 9, 31, 23, 13, 20, 62, 28, 35, 32, 17, 11, 63, 21, 59, 26, 25, 14, 30, 15, 45, 24, 19, 53, 42, 40 ],
[ 4, 11, 17, 23, 24, 28, 31, 1, 38, 36, 48, 7, 52, 2, 5, 54, 29, 61, 39, 3, 60, 40, 32, 55, 43, 37, 56, 57, 6, 50, 21, 46, 58, 25, 14, 8, 35, 62, 13, 34, 9, 12, 18, 59, 22, 10, 16, 53, 64, 27, 20, 47, 26, 63, 49, 41, 51, 42, 15, 33, 45, 30, 19, 44 ]
];
edge6`UpstairsFilename := "64S21-4,4,8-g13-1696746173.m";
edge6`DownstairsTriple := [ PermutationGroup<32 |  
\[ 2, 3, 4, 5, 6, 7, 8, 9, 10, 11, 12, 13, 14, 15, 16, 17, 18, 19, 20, 21, 22, 23, 24, 25, 26, 27, 28, 29, 30, 31, 32, 1 ],
\[ 2, 1, 3, 4, 5, 6, 7, 8, 9, 10, 11, 12, 13, 14, 15, 16, 17, 18, 19, 20, 21, 22, 23, 24, 25, 26, 27, 28, 29, 30, 31, 32 ]:
 Order := 263130836933693530167218012160000000 > |
[ 6, 1, 8, 20, 2, 5, 26, 15, 11, 24, 22, 3, 16, 18, 12, 31, 4, 28, 17, 19, 13, 23, 9, 7, 30, 10, 29, 32, 25, 27, 21, 14 ],
[ 3, 9, 13, 2, 15, 22, 1, 27, 21, 5, 32, 25, 7, 12, 31, 19, 30, 17, 6, 29, 4, 16, 18, 14, 24, 28, 26, 8, 11, 23, 10, 20 ],
[ 4, 10, 14, 18, 19, 7, 25, 1, 30, 27, 2, 5, 9, 11, 28, 3, 16, 24, 32, 21, 15, 29, 6, 31, 20, 13, 17, 23, 8, 12, 22, 26 ]
];
edge6`DownstairsFilename := "32S13-4,4,8-g7-2618181655.m";
Append(~s`Edges, edge6);
edge7 := TwoEdgeInitialize();
edge7`Blocks := {@ PowerSet(IntegerRing()) |
{ IntegerRing() | 1, 5 },
{ IntegerRing() | 2, 12 },
{ IntegerRing() | 3, 18 },
{ IntegerRing() | 4, 24 },
{ IntegerRing() | 6, 22 },
{ IntegerRing() | 7, 11 },
{ IntegerRing() | 8, 15 },
{ IntegerRing() | 9, 39 },
{ IntegerRing() | 10, 45 },
{ IntegerRing() | 13, 38 },
{ IntegerRing() | 14, 42 },
{ IntegerRing() | 16, 51 },
{ IntegerRing() | 17, 62 },
{ IntegerRing() | 19, 41 },
{ IntegerRing() | 20, 43 },
{ IntegerRing() | 21, 54 },
{ IntegerRing() | 23, 56 },
{ IntegerRing() | 25, 52 },
{ IntegerRing() | 26, 60 },
{ IntegerRing() | 27, 55 },
{ IntegerRing() | 28, 40 },
{ IntegerRing() | 29, 46 },
{ IntegerRing() | 30, 48 },
{ IntegerRing() | 31, 49 },
{ IntegerRing() | 32, 50 },
{ IntegerRing() | 33, 37 },
{ IntegerRing() | 34, 57 },
{ IntegerRing() | 35, 58 },
{ IntegerRing() | 36, 59 },
{ IntegerRing() | 44, 63 },
{ IntegerRing() | 47, 64 },
{ IntegerRing() | 53, 61 }
@};
edge7`UpstairsTriple := [ PermutationGroup<64 |  
\[ 2, 3, 4, 5, 6, 7, 8, 9, 10, 11, 12, 13, 14, 15, 16, 17, 18, 19, 20, 21, 22, 23, 24, 25, 26, 27, 28, 29, 30, 31, 32, 33, 34, 35, 36, 37, 38, 39, 40, 41, 42, 43, 44, 45, 46, 47, 48, 49, 50, 51, 52, 53, 54, 55, 56, 57, 58, 59, 60, 61, 62, 63, 64, 1 ],
\[ 2, 1, 3, 4, 5, 6, 7, 8, 9, 10, 11, 12, 13, 14, 15, 16, 17, 18, 19, 20, 21, 22, 23, 24, 25, 26, 27, 28, 29, 30, 31, 32, 33, 34, 35, 36, 37, 38, 39, 40, 41, 42, 43, 44, 45, 46, 47, 48, 49, 50, 51, 52, 53, 54, 55, 56, 57, 58, 59, 60, 61, 62, 63, 64 ]:
 Order := 126886932185884164103433389335161480802865516174545192198801894375214704230400000000000000 > |
[ 12, 39, 8, 54, 2, 5, 48, 37, 22, 14, 30, 9, 25, 27, 33, 20, 53, 15, 18, 64, 13, 1, 62, 21, 24, 16, 29, 32, 10, 28, 44, 11, 19, 36, 56, 31, 41, 52, 6, 50, 3, 55, 47, 34, 42, 45, 60, 40, 63, 7, 43, 4, 35, 38, 46, 17, 59, 23, 49, 51, 58, 61, 57, 26 ],
[ 3, 10, 16, 22, 18, 27, 1, 34, 37, 43, 5, 45, 2, 56, 57, 7, 41, 51, 49, 38, 44, 55, 52, 6, 36, 4, 60, 39, 53, 58, 50, 62, 47, 48, 8, 14, 64, 12, 33, 9, 31, 23, 13, 29, 20, 61, 28, 35, 32, 17, 11, 59, 21, 63, 26, 25, 30, 15, 42, 24, 54, 19, 46, 40 ],
[ 4, 11, 17, 23, 24, 28, 31, 1, 38, 44, 49, 7, 53, 2, 5, 55, 14, 62, 39, 3, 60, 40, 30, 56, 43, 37, 36, 57, 6, 51, 25, 47, 58, 21, 29, 8, 35, 61, 13, 34, 9, 12, 18, 41, 63, 22, 10, 16, 52, 64, 27, 20, 50, 26, 59, 48, 54, 46, 15, 33, 32, 42, 19, 45 ]
];
edge7`UpstairsFilename := "64S21-4,4,8-g13-3544828253.m";
edge7`DownstairsTriple := [ PermutationGroup<32 |  
\[ 2, 3, 4, 5, 6, 7, 8, 9, 10, 11, 12, 13, 14, 15, 16, 17, 18, 19, 20, 21, 22, 23, 24, 25, 26, 27, 28, 29, 30, 31, 32, 1 ],
\[ 2, 1, 3, 4, 5, 6, 7, 8, 9, 10, 11, 12, 13, 14, 15, 16, 17, 18, 19, 20, 21, 22, 23, 24, 25, 26, 27, 28, 29, 30, 31, 32 ]:
 Order := 263130836933693530167218012160000000 > |
[ 11, 30, 8, 23, 2, 5, 14, 22, 18, 13, 9, 21, 4, 26, 31, 7, 12, 1, 15, 17, 20, 25, 10, 32, 3, 16, 29, 19, 24, 6, 28, 27 ],
[ 3, 10, 5, 18, 7, 4, 1, 27, 22, 11, 12, 2, 29, 28, 25, 15, 31, 20, 13, 6, 19, 30, 32, 16, 24, 9, 14, 8, 21, 26, 23, 17 ],
[ 4, 3, 15, 19, 20, 22, 24, 1, 10, 31, 7, 32, 2, 5, 21, 30, 18, 26, 14, 29, 11, 28, 6, 13, 9, 27, 23, 17, 8, 12, 16, 25 ]
];
edge7`DownstairsFilename := "32S10-4,4,8-g7-1952972867.m";
Append(~s`Edges, edge7);

/*
Return for eval
*/

return s;
