s := TwoDBInitialize();

/*
Magma printing
*/

s`AutomorphismGroup := PermutationGroup<64 |  
\[ 59, 17, 62, 43, 45, 41, 25, 27, 42, 57, 35, 58, 48, 3, 55, 52, 36, 50, 39, 26, 14, 20, 64, 10, 30, 12, 46, 18, 16, 40, 4, 37, 15, 9, 44, 32, 6, 56, 33, 21, 61, 29, 19, 60, 49, 24, 54, 8, 23, 11, 28, 1, 47, 22, 31, 63, 13, 53, 34, 51, 2, 7, 5, 38 ],
\[ 58, 64, 19, 25, 17, 45, 33, 18, 54, 44, 48, 42, 51, 43, 3, 26, 38, 57, 40, 34, 4, 59, 37, 35, 15, 9, 50, 10, 20, 55, 7, 63, 14, 47, 8, 56, 5, 41, 21, 31, 49, 22, 30, 27, 36, 11, 52, 28, 32, 13, 24, 12, 16, 1, 62, 61, 60, 29, 53, 46, 23, 39, 2, 6 ],
\[ 62, 55, 52, 36, 50, 39, 59, 26, 30, 47, 45, 27, 22, 16, 61, 14, 31, 63, 37, 48, 29, 13, 44, 53, 34, 8, 12, 56, 21, 9, 17, 43, 41, 25, 49, 4, 19, 51, 6, 42, 33, 40, 32, 23, 11, 58, 10, 20, 35, 5, 38, 3, 24, 57, 2, 28, 54, 46, 7, 64, 15, 1, 18, 60 ]:
 Order := 64 >;
s`Blocks := {@ PowerSet(IntegerRing()) |
{ IntegerRing() | 1, 5 },
{ IntegerRing() | 2, 12 },
{ IntegerRing() | 3, 18 },
{ IntegerRing() | 4, 24 },
{ IntegerRing() | 6, 22 },
{ IntegerRing() | 7, 11 },
{ IntegerRing() | 8, 15 },
{ IntegerRing() | 9, 23 },
{ IntegerRing() | 10, 43 },
{ IntegerRing() | 13, 39 },
{ IntegerRing() | 14, 28 },
{ IntegerRing() | 16, 56 },
{ IntegerRing() | 17, 58 },
{ IntegerRing() | 19, 57 },
{ IntegerRing() | 20, 41 },
{ IntegerRing() | 21, 51 },
{ IntegerRing() | 25, 35 },
{ IntegerRing() | 26, 61 },
{ IntegerRing() | 27, 55 },
{ IntegerRing() | 29, 38 },
{ IntegerRing() | 30, 44 },
{ IntegerRing() | 31, 46 },
{ IntegerRing() | 32, 47 },
{ IntegerRing() | 33, 48 },
{ IntegerRing() | 34, 49 },
{ IntegerRing() | 36, 53 },
{ IntegerRing() | 37, 54 },
{ IntegerRing() | 40, 60 },
{ IntegerRing() | 42, 64 },
{ IntegerRing() | 45, 59 },
{ IntegerRing() | 50, 62 },
{ IntegerRing() | 52, 63 }
@};
s`Child := "32S17-16,8,16-g13-path7";
s`Degree := 64;
s`Filename := "64S29-16,8,16-g25-path30.m";
s`GaloisOrbit := [ PowerSequence(PermutationGroup<64 |  
\[ 2, 3, 4, 5, 6, 7, 8, 9, 10, 11, 12, 13, 14, 15, 16, 17, 18, 19, 20, 21, 22, 23, 24, 25, 26, 27, 28, 29, 30, 31, 32, 33, 34, 35, 36, 37, 38, 39, 40, 41, 42, 43, 44, 45, 46, 47, 48, 49, 50, 51, 52, 53, 54, 55, 56, 57, 58, 59, 60, 61, 62, 63, 64, 1 ],
\[ 2, 1, 3, 4, 5, 6, 7, 8, 9, 10, 11, 12, 13, 14, 15, 16, 17, 18, 19, 20, 21, 22, 23, 24, 25, 26, 27, 28, 29, 30, 31, 32, 33, 34, 35, 36, 37, 38, 39, 40, 41, 42, 43, 44, 45, 46, 47, 48, 49, 50, 51, 52, 53, 54, 55, 56, 57, 58, 59, 60, 61, 62, 63, 64 ]:
 Order := 126886932185884164103433389335161480802865516174545192198801894375214704230400000000000000 >) |
[ PermutationGroup<64 |  
\[ 2, 3, 4, 5, 6, 7, 8, 9, 10, 11, 12, 13, 14, 15, 16, 17, 18, 19, 20, 21, 22, 23, 24, 25, 26, 27, 28, 29, 30, 31, 32, 33, 34, 35, 36, 37, 38, 39, 40, 41, 42, 43, 44, 45, 46, 47, 48, 49, 50, 51, 52, 53, 54, 55, 56, 57, 58, 59, 60, 61, 62, 63, 64, 1 ],
\[ 2, 1, 3, 4, 5, 6, 7, 8, 9, 10, 11, 12, 13, 14, 15, 16, 17, 18, 19, 20, 21, 22, 23, 24, 25, 26, 27, 28, 29, 30, 31, 32, 33, 34, 35, 36, 37, 38, 39, 40, 41, 42, 43, 44, 45, 46, 47, 48, 49, 50, 51, 52, 53, 54, 55, 56, 57, 58, 59, 60, 61, 62, 63, 64 ]:
 Order := 126886932185884164103433389335161480802865516174545192198801894375214704230400000000000000 > |
[ 12, 23, 8, 51, 2, 5, 46, 25, 47, 14, 31, 9, 62, 48, 35, 20, 64, 15, 18, 59, 13, 1, 32, 21, 24, 34, 30, 33, 22, 10, 60, 56, 11, 53, 4, 38, 63, 6, 50, 57, 45, 54, 28, 43, 17, 40, 16, 7, 36, 55, 39, 26, 29, 52, 44, 41, 3, 42, 58, 19, 49, 27, 61, 37 ],
[ 3, 10, 16, 22, 18, 27, 1, 36, 25, 41, 5, 43, 2, 29, 53, 21, 57, 56, 26, 31, 42, 55, 35, 6, 59, 4, 32, 38, 40, 34, 54, 48, 58, 7, 45, 13, 8, 60, 12, 9, 46, 30, 20, 49, 50, 37, 33, 17, 11, 63, 64, 14, 39, 15, 47, 51, 61, 19, 62, 23, 24, 52, 28, 44 ],
[ 4, 11, 17, 23, 24, 28, 32, 1, 39, 42, 47, 7, 16, 2, 5, 55, 35, 58, 38, 3, 61, 14, 13, 9, 37, 62, 59, 12, 15, 6, 49, 60, 63, 19, 54, 44, 51, 8, 56, 41, 18, 33, 64, 22, 10, 34, 40, 52, 57, 53, 26, 31, 30, 21, 45, 27, 29, 25, 43, 20, 50, 36, 46, 48 ]
]
];
s`GaloisOrbitSize := 1;
s`Genus := 25;
s`Geometry := "Hyperbolic";
s`Level := 6;
s`MonodromyGroup := PermutationGroup<64 |  
\[ 12, 23, 8, 51, 2, 5, 46, 25, 47, 14, 31, 9, 62, 48, 35, 20, 64, 15, 18, 59, 13, 1, 32, 21, 24, 34, 30, 33, 22, 10, 60, 56, 11, 53, 4, 38, 63, 6, 50, 57, 45, 54, 28, 43, 17, 40, 16, 7, 36, 55, 39, 26, 29, 52, 44, 41, 3, 42, 58, 19, 49, 27, 61, 37 ],
\[ 3, 10, 16, 22, 18, 27, 1, 36, 25, 41, 5, 43, 2, 29, 53, 21, 57, 56, 26, 31, 42, 55, 35, 6, 59, 4, 32, 38, 40, 34, 54, 48, 58, 7, 45, 13, 8, 60, 12, 9, 46, 30, 20, 49, 50, 37, 33, 17, 11, 63, 64, 14, 39, 15, 47, 51, 61, 19, 62, 23, 24, 52, 28, 44 ],
\[ 4, 11, 17, 23, 24, 28, 32, 1, 39, 42, 47, 7, 16, 2, 5, 55, 35, 58, 38, 3, 61, 14, 13, 9, 37, 62, 59, 12, 15, 6, 49, 60, 63, 19, 54, 44, 51, 8, 56, 41, 18, 33, 64, 22, 10, 34, 40, 52, 57, 53, 26, 31, 30, 21, 45, 27, 29, 25, 43, 20, 50, 36, 46, 48 ] >;
s`Name := "64S29-16,8,16-g25-path30";
s`Orders := \[ 16, 8, 16 ];
s`Passport := [ PowerSequence(PermutationGroup<64 |  
\[ 12, 23, 8, 51, 2, 5, 46, 25, 47, 14, 31, 9, 62, 48, 35, 20, 64, 15, 18, 59, 13, 1, 32, 21, 24, 34, 30, 33, 22, 10, 60, 56, 11, 53, 4, 38, 63, 6, 50, 57, 45, 54, 28, 43, 17, 40, 16, 7, 36, 55, 39, 26, 29, 52, 44, 41, 3, 42, 58, 19, 49, 27, 61, 37 ],
\[ 3, 10, 16, 22, 18, 27, 1, 36, 25, 41, 5, 43, 2, 29, 53, 21, 57, 56, 26, 31, 42, 55, 35, 6, 59, 4, 32, 38, 40, 34, 54, 48, 58, 7, 45, 13, 8, 60, 12, 9, 46, 30, 20, 49, 50, 37, 33, 17, 11, 63, 64, 14, 39, 15, 47, 51, 61, 19, 62, 23, 24, 52, 28, 44 ],
\[ 4, 11, 17, 23, 24, 28, 32, 1, 39, 42, 47, 7, 16, 2, 5, 55, 35, 58, 38, 3, 61, 14, 13, 9, 37, 62, 59, 12, 15, 6, 49, 60, 63, 19, 54, 44, 51, 8, 56, 41, 18, 33, 64, 22, 10, 34, 40, 52, 57, 53, 26, 31, 30, 21, 45, 27, 29, 25, 43, 20, 50, 36, 46, 48 ]:
 Order := 64 >) |
[ PermutationGroup<64 |  
\[ 12, 23, 8, 51, 2, 5, 46, 25, 47, 14, 31, 9, 62, 48, 35, 20, 64, 15, 18, 59, 13, 1, 32, 21, 24, 34, 30, 33, 22, 10, 60, 56, 11, 53, 4, 38, 63, 6, 50, 57, 45, 54, 28, 43, 17, 40, 16, 7, 36, 55, 39, 26, 29, 52, 44, 41, 3, 42, 58, 19, 49, 27, 61, 37 ],
\[ 3, 10, 16, 22, 18, 27, 1, 36, 25, 41, 5, 43, 2, 29, 53, 21, 57, 56, 26, 31, 42, 55, 35, 6, 59, 4, 32, 38, 40, 34, 54, 48, 58, 7, 45, 13, 8, 60, 12, 9, 46, 30, 20, 49, 50, 37, 33, 17, 11, 63, 64, 14, 39, 15, 47, 51, 61, 19, 62, 23, 24, 52, 28, 44 ],
\[ 4, 11, 17, 23, 24, 28, 32, 1, 39, 42, 47, 7, 16, 2, 5, 55, 35, 58, 38, 3, 61, 14, 13, 9, 37, 62, 59, 12, 15, 6, 49, 60, 63, 19, 54, 44, 51, 8, 56, 41, 18, 33, 64, 22, 10, 34, 40, 52, 57, 53, 26, 31, 30, 21, 45, 27, 29, 25, 43, 20, 50, 36, 46, 48 ]:
 Order := 64 > |
[ 22, 5, 57, 35, 6, 38, 48, 3, 12, 30, 33, 1, 21, 10, 18, 47, 45, 19, 60, 16, 24, 29, 2, 25, 8, 52, 62, 43, 53, 27, 11, 23, 28, 26, 15, 49, 64, 36, 51, 46, 56, 58, 44, 55, 41, 7, 9, 14, 61, 39, 4, 54, 34, 42, 50, 32, 40, 59, 20, 31, 63, 13, 37, 17 ],
[ 51, 31, 64, 32, 21, 33, 56, 12, 50, 54, 16, 46, 20, 23, 2, 44, 4, 42, 6, 8, 49, 48, 62, 47, 63, 27, 58, 9, 35, 5, 36, 19, 61, 18, 52, 43, 39, 25, 41, 45, 15, 11, 37, 1, 14, 53, 57, 26, 3, 29, 34, 60, 10, 13, 17, 30, 22, 24, 28, 59, 55, 38, 40, 7 ],
[ 8, 14, 20, 1, 15, 30, 12, 38, 24, 45, 2, 28, 23, 22, 29, 13, 3, 41, 34, 60, 54, 44, 4, 5, 58, 51, 56, 6, 57, 53, 52, 7, 42, 46, 17, 62, 25, 19, 9, 47, 40, 10, 59, 36, 55, 63, 11, 64, 31, 61, 37, 48, 50, 35, 16, 39, 49, 18, 27, 32, 21, 26, 33, 43 ]
],
[ PermutationGroup<64 |  
\[ 12, 23, 8, 51, 2, 5, 46, 25, 47, 14, 31, 9, 62, 48, 35, 20, 64, 15, 18, 59, 13, 1, 32, 21, 24, 34, 30, 33, 22, 10, 60, 56, 11, 53, 4, 38, 63, 6, 50, 57, 45, 54, 28, 43, 17, 40, 16, 7, 36, 55, 39, 26, 29, 52, 44, 41, 3, 42, 58, 19, 49, 27, 61, 37 ],
\[ 3, 10, 16, 22, 18, 27, 1, 36, 25, 41, 5, 43, 2, 29, 53, 21, 57, 56, 26, 31, 42, 55, 35, 6, 59, 4, 32, 38, 40, 34, 54, 48, 58, 7, 45, 13, 8, 60, 12, 9, 46, 30, 20, 49, 50, 37, 33, 17, 11, 63, 64, 14, 39, 15, 47, 51, 61, 19, 62, 23, 24, 52, 28, 44 ],
\[ 4, 11, 17, 23, 24, 28, 32, 1, 39, 42, 47, 7, 16, 2, 5, 55, 35, 58, 38, 3, 61, 14, 13, 9, 37, 62, 59, 12, 15, 6, 49, 60, 63, 19, 54, 44, 51, 8, 56, 41, 18, 33, 64, 22, 10, 34, 40, 52, 57, 53, 26, 31, 30, 21, 45, 27, 29, 25, 43, 20, 50, 36, 46, 48 ]:
 Order := 64 > |
[ 22, 5, 57, 35, 6, 38, 48, 3, 12, 30, 33, 1, 21, 10, 18, 47, 45, 19, 60, 16, 24, 29, 2, 25, 8, 52, 62, 43, 53, 27, 11, 23, 28, 26, 15, 49, 64, 36, 51, 46, 56, 58, 44, 55, 41, 7, 9, 14, 61, 39, 4, 54, 34, 42, 50, 32, 40, 59, 20, 31, 63, 13, 37, 17 ],
[ 44, 15, 49, 17, 30, 19, 64, 20, 28, 53, 42, 8, 54, 45, 41, 11, 55, 34, 32, 13, 5, 57, 14, 58, 38, 48, 26, 59, 50, 56, 2, 4, 6, 51, 29, 31, 43, 62, 37, 63, 39, 18, 36, 16, 40, 12, 24, 22, 21, 9, 1, 35, 46, 10, 61, 7, 47, 27, 60, 52, 33, 23, 25, 3 ],
[ 46, 62, 12, 34, 31, 21, 53, 63, 57, 23, 36, 50, 38, 26, 52, 8, 7, 2, 42, 28, 20, 51, 19, 49, 47, 18, 5, 61, 48, 54, 59, 30, 16, 10, 32, 25, 40, 33, 29, 22, 14, 13, 9, 37, 4, 45, 44, 56, 43, 17, 41, 27, 35, 60, 1, 15, 64, 11, 24, 6, 3, 58, 55, 39 ]
]
];
s`PassportName := "64S29-16,8,16-g25";
s`PassportSize := 2;
s`PathNumber := 30;
s`PathToPP1 := [ Strings() | "PP1", "2T1-2,1,2-g0-path1", "4T1-4,2,4-g1-path1", "8T2-4,2,4-g1-path2", "16T5-8,4,8-g5-path4", "32S17-16,8,16-g13-path7", "64S29-16,8,16-g25-path30" ];
s`PermutationTriple := [ PermutationGroup<64 |  
\[ 2, 3, 4, 5, 6, 7, 8, 9, 10, 11, 12, 13, 14, 15, 16, 17, 18, 19, 20, 21, 22, 23, 24, 25, 26, 27, 28, 29, 30, 31, 32, 33, 34, 35, 36, 37, 38, 39, 40, 41, 42, 43, 44, 45, 46, 47, 48, 49, 50, 51, 52, 53, 54, 55, 56, 57, 58, 59, 60, 61, 62, 63, 64, 1 ],
\[ 2, 1, 3, 4, 5, 6, 7, 8, 9, 10, 11, 12, 13, 14, 15, 16, 17, 18, 19, 20, 21, 22, 23, 24, 25, 26, 27, 28, 29, 30, 31, 32, 33, 34, 35, 36, 37, 38, 39, 40, 41, 42, 43, 44, 45, 46, 47, 48, 49, 50, 51, 52, 53, 54, 55, 56, 57, 58, 59, 60, 61, 62, 63, 64 ]:
 Order := 126886932185884164103433389335161480802865516174545192198801894375214704230400000000000000 > |
[ 12, 23, 8, 51, 2, 5, 46, 25, 47, 14, 31, 9, 62, 48, 35, 20, 64, 15, 18, 59, 13, 1, 32, 21, 24, 34, 30, 33, 22, 10, 60, 56, 11, 53, 4, 38, 63, 6, 50, 57, 45, 54, 28, 43, 17, 40, 16, 7, 36, 55, 39, 26, 29, 52, 44, 41, 3, 42, 58, 19, 49, 27, 61, 37 ],
[ 3, 10, 16, 22, 18, 27, 1, 36, 25, 41, 5, 43, 2, 29, 53, 21, 57, 56, 26, 31, 42, 55, 35, 6, 59, 4, 32, 38, 40, 34, 54, 48, 58, 7, 45, 13, 8, 60, 12, 9, 46, 30, 20, 49, 50, 37, 33, 17, 11, 63, 64, 14, 39, 15, 47, 51, 61, 19, 62, 23, 24, 52, 28, 44 ],
[ 4, 11, 17, 23, 24, 28, 32, 1, 39, 42, 47, 7, 16, 2, 5, 55, 35, 58, 38, 3, 61, 14, 13, 9, 37, 62, 59, 12, 15, 6, 49, 60, 63, 19, 54, 44, 51, 8, 56, 41, 18, 33, 64, 22, 10, 34, 40, 52, 57, 53, 26, 31, 30, 21, 45, 27, 29, 25, 43, 20, 50, 36, 46, 48 ]
];
s`PointedAutomorphismGroup := PermutationGroup<64 |  
\[ 52, 61, 14, 31, 63, 37, 62, 48, 34, 24, 50, 26, 57, 21, 33, 29, 2, 28, 43, 22, 40, 54, 49, 46, 7, 20, 8, 51, 42, 25, 55, 36, 39, 59, 11, 17, 32, 64, 19, 30, 6, 9, 4, 35, 5, 27, 53, 13, 45, 18, 60, 16, 58, 47, 15, 38, 10, 12, 1, 44, 41, 3, 56, 23 ],
\[ 54, 63, 15, 21, 37, 64, 31, 35, 26, 28, 46, 52, 50, 33, 25, 53, 5, 8, 3, 29, 39, 42, 61, 51, 4, 16, 44, 48, 58, 43, 40, 49, 7, 20, 24, 45, 23, 17, 62, 19, 38, 12, 14, 10, 6, 60, 34, 11, 41, 27, 13, 47, 59, 9, 30, 36, 18, 1, 22, 57, 56, 55, 32, 2 ]:
 Order := 16 >;
s`PointedPassport := [ PowerSequence(PermutationGroup<64 |  
\[ 2, 3, 4, 5, 6, 7, 8, 9, 10, 11, 12, 13, 14, 15, 16, 17, 18, 19, 20, 21, 22, 23, 24, 25, 26, 27, 28, 29, 30, 31, 32, 33, 34, 35, 36, 37, 38, 39, 40, 41, 42, 43, 44, 45, 46, 47, 48, 49, 50, 51, 52, 53, 54, 55, 56, 57, 58, 59, 60, 61, 62, 63, 64, 1 ],
\[ 2, 1, 3, 4, 5, 6, 7, 8, 9, 10, 11, 12, 13, 14, 15, 16, 17, 18, 19, 20, 21, 22, 23, 24, 25, 26, 27, 28, 29, 30, 31, 32, 33, 34, 35, 36, 37, 38, 39, 40, 41, 42, 43, 44, 45, 46, 47, 48, 49, 50, 51, 52, 53, 54, 55, 56, 57, 58, 59, 60, 61, 62, 63, 64 ]:
 Order := 126886932185884164103433389335161480802865516174545192198801894375214704230400000000000000 >) |
[ PermutationGroup<64 |  
\[ 2, 3, 4, 5, 6, 7, 8, 9, 10, 11, 12, 13, 14, 15, 16, 17, 18, 19, 20, 21, 22, 23, 24, 25, 26, 27, 28, 29, 30, 31, 32, 33, 34, 35, 36, 37, 38, 39, 40, 41, 42, 43, 44, 45, 46, 47, 48, 49, 50, 51, 52, 53, 54, 55, 56, 57, 58, 59, 60, 61, 62, 63, 64, 1 ],
\[ 2, 1, 3, 4, 5, 6, 7, 8, 9, 10, 11, 12, 13, 14, 15, 16, 17, 18, 19, 20, 21, 22, 23, 24, 25, 26, 27, 28, 29, 30, 31, 32, 33, 34, 35, 36, 37, 38, 39, 40, 41, 42, 43, 44, 45, 46, 47, 48, 49, 50, 51, 52, 53, 54, 55, 56, 57, 58, 59, 60, 61, 62, 63, 64 ]:
 Order := 126886932185884164103433389335161480802865516174545192198801894375214704230400000000000000 > |
[ 22, 5, 57, 35, 6, 38, 48, 3, 12, 30, 33, 1, 21, 10, 18, 47, 45, 19, 60, 16, 24, 29, 2, 25, 8, 52, 62, 43, 53, 27, 11, 23, 28, 26, 15, 49, 64, 36, 51, 46, 56, 58, 44, 55, 41, 7, 9, 14, 61, 39, 4, 54, 34, 42, 50, 32, 40, 59, 20, 31, 63, 13, 37, 17 ],
[ 44, 15, 49, 17, 30, 19, 64, 20, 28, 53, 42, 8, 54, 45, 41, 11, 55, 34, 32, 13, 5, 57, 14, 58, 38, 48, 26, 59, 50, 56, 2, 4, 6, 51, 29, 31, 43, 62, 37, 63, 39, 18, 36, 16, 40, 12, 24, 22, 21, 9, 1, 35, 46, 10, 61, 7, 47, 27, 60, 52, 33, 23, 25, 3 ],
[ 46, 62, 12, 34, 31, 21, 53, 63, 57, 23, 36, 50, 38, 26, 52, 8, 7, 2, 42, 28, 20, 51, 19, 49, 47, 18, 5, 61, 48, 54, 59, 30, 16, 10, 32, 25, 40, 33, 29, 22, 14, 13, 9, 37, 4, 45, 44, 56, 43, 17, 41, 27, 35, 60, 1, 15, 64, 11, 24, 6, 3, 58, 55, 39 ]
],
[ PermutationGroup<64 |  
\[ 2, 3, 4, 5, 6, 7, 8, 9, 10, 11, 12, 13, 14, 15, 16, 17, 18, 19, 20, 21, 22, 23, 24, 25, 26, 27, 28, 29, 30, 31, 32, 33, 34, 35, 36, 37, 38, 39, 40, 41, 42, 43, 44, 45, 46, 47, 48, 49, 50, 51, 52, 53, 54, 55, 56, 57, 58, 59, 60, 61, 62, 63, 64, 1 ],
\[ 2, 1, 3, 4, 5, 6, 7, 8, 9, 10, 11, 12, 13, 14, 15, 16, 17, 18, 19, 20, 21, 22, 23, 24, 25, 26, 27, 28, 29, 30, 31, 32, 33, 34, 35, 36, 37, 38, 39, 40, 41, 42, 43, 44, 45, 46, 47, 48, 49, 50, 51, 52, 53, 54, 55, 56, 57, 58, 59, 60, 61, 62, 63, 64 ]:
 Order := 126886932185884164103433389335161480802865516174545192198801894375214704230400000000000000 > |
[ 22, 5, 57, 35, 6, 38, 48, 3, 12, 30, 33, 1, 21, 10, 18, 47, 45, 19, 60, 16, 24, 29, 2, 25, 8, 52, 62, 43, 53, 27, 11, 23, 28, 26, 15, 49, 64, 36, 51, 46, 56, 58, 44, 55, 41, 7, 9, 14, 61, 39, 4, 54, 34, 42, 50, 32, 40, 59, 20, 31, 63, 13, 37, 17 ],
[ 11, 39, 5, 61, 7, 4, 49, 54, 60, 12, 34, 13, 53, 63, 37, 18, 33, 1, 17, 10, 56, 24, 40, 26, 23, 57, 22, 52, 28, 64, 41, 55, 32, 44, 9, 15, 31, 14, 36, 38, 43, 51, 2, 42, 25, 20, 27, 47, 30, 59, 16, 50, 8, 46, 6, 3, 58, 48, 35, 29, 19, 45, 62, 21 ],
[ 10, 25, 53, 42, 43, 3, 54, 45, 48, 38, 37, 35, 63, 58, 59, 46, 30, 36, 16, 50, 12, 18, 33, 64, 22, 11, 49, 17, 27, 20, 9, 21, 1, 13, 6, 40, 14, 55, 52, 26, 62, 8, 29, 41, 19, 23, 51, 5, 39, 32, 2, 24, 60, 28, 34, 31, 56, 44, 57, 61, 7, 47, 4, 15 ]
]
];
s`PointedPassportSize := 2;
s`RefinedPassport := [ PowerSequence(PermutationGroup<64 |  
\[ 2, 3, 4, 5, 6, 7, 8, 9, 10, 11, 12, 13, 14, 15, 16, 17, 18, 19, 20, 21, 22, 23, 24, 25, 26, 27, 28, 29, 30, 31, 32, 33, 34, 35, 36, 37, 38, 39, 40, 41, 42, 43, 44, 45, 46, 47, 48, 49, 50, 51, 52, 53, 54, 55, 56, 57, 58, 59, 60, 61, 62, 63, 64, 1 ],
\[ 2, 1, 3, 4, 5, 6, 7, 8, 9, 10, 11, 12, 13, 14, 15, 16, 17, 18, 19, 20, 21, 22, 23, 24, 25, 26, 27, 28, 29, 30, 31, 32, 33, 34, 35, 36, 37, 38, 39, 40, 41, 42, 43, 44, 45, 46, 47, 48, 49, 50, 51, 52, 53, 54, 55, 56, 57, 58, 59, 60, 61, 62, 63, 64 ]:
 Order := 126886932185884164103433389335161480802865516174545192198801894375214704230400000000000000 >) |
[ PermutationGroup<64 |  
\[ 2, 3, 4, 5, 6, 7, 8, 9, 10, 11, 12, 13, 14, 15, 16, 17, 18, 19, 20, 21, 22, 23, 24, 25, 26, 27, 28, 29, 30, 31, 32, 33, 34, 35, 36, 37, 38, 39, 40, 41, 42, 43, 44, 45, 46, 47, 48, 49, 50, 51, 52, 53, 54, 55, 56, 57, 58, 59, 60, 61, 62, 63, 64, 1 ],
\[ 2, 1, 3, 4, 5, 6, 7, 8, 9, 10, 11, 12, 13, 14, 15, 16, 17, 18, 19, 20, 21, 22, 23, 24, 25, 26, 27, 28, 29, 30, 31, 32, 33, 34, 35, 36, 37, 38, 39, 40, 41, 42, 43, 44, 45, 46, 47, 48, 49, 50, 51, 52, 53, 54, 55, 56, 57, 58, 59, 60, 61, 62, 63, 64 ]:
 Order := 126886932185884164103433389335161480802865516174545192198801894375214704230400000000000000 > |
[ 12, 23, 8, 51, 2, 5, 46, 25, 47, 14, 31, 9, 62, 48, 35, 20, 64, 15, 18, 59, 13, 1, 32, 21, 24, 34, 30, 33, 22, 10, 60, 56, 11, 53, 4, 38, 63, 6, 50, 57, 45, 54, 28, 43, 17, 40, 16, 7, 36, 55, 39, 26, 29, 52, 44, 41, 3, 42, 58, 19, 49, 27, 61, 37 ],
[ 44, 15, 49, 17, 30, 19, 64, 20, 28, 53, 42, 8, 54, 45, 41, 11, 55, 34, 32, 13, 5, 57, 14, 58, 38, 48, 26, 59, 50, 56, 2, 4, 6, 51, 29, 31, 43, 62, 37, 63, 39, 18, 36, 16, 40, 12, 24, 22, 21, 9, 1, 35, 46, 10, 61, 7, 47, 27, 60, 52, 33, 23, 25, 3 ],
[ 48, 21, 22, 52, 33, 25, 26, 64, 46, 5, 61, 51, 49, 54, 42, 57, 14, 6, 59, 44, 47, 35, 31, 63, 12, 60, 38, 37, 10, 58, 16, 62, 9, 27, 2, 3, 7, 43, 34, 53, 30, 24, 1, 17, 15, 56, 50, 23, 55, 41, 32, 13, 18, 11, 29, 19, 45, 28, 8, 36, 40, 20, 39, 4 ]
]
];
s`RefinedPassportSize := 1;

/*
Return for eval
*/

return s;
