s := TwoDBInitialize();

/*
Magma printing
*/

s`Name := "64S20-8,4,4-g13-4089628";
s`Filename := "64S20-8,4,4-g13-4089628.m";
s`Degree := 64;
s`Orders := \[ 8, 4, 4 ];
s`Geometry := "Hyperbolic";
s`Genus := 13;
s`Level := 6;
s`PermutationTriple := [ PermutationGroup<64 |  
\[ 2, 3, 4, 5, 6, 7, 8, 9, 10, 11, 12, 13, 14, 15, 16, 17, 18, 19, 20, 21, 22, 23, 24, 25, 26, 27, 28, 29, 30, 31, 32, 33, 34, 35, 36, 37, 38, 39, 40, 41, 42, 43, 44, 45, 46, 47, 48, 49, 50, 51, 52, 53, 54, 55, 56, 57, 58, 59, 60, 61, 62, 63, 64, 1 ],
\[ 2, 1, 3, 4, 5, 6, 7, 8, 9, 10, 11, 12, 13, 14, 15, 16, 17, 18, 19, 20, 21, 22, 23, 24, 25, 26, 27, 28, 29, 30, 31, 32, 33, 34, 35, 36, 37, 38, 39, 40, 41, 42, 43, 44, 45, 46, 47, 48, 49, 50, 51, 52, 53, 54, 55, 56, 57, 58, 59, 60, 61, 62, 63, 64 ]:
 Order := 126886932185884164103433389335161480802865516174545192198801894375214704230400000000000000 > |
[ 11, 32, 8, 24, 2, 5, 14, 31, 54, 13, 9, 34, 58, 27, 43, 7, 12, 1, 50, 17, 20, 26, 18, 10, 41, 3, 59, 19, 40, 61, 33, 30, 64, 37, 44, 51, 55, 15, 25, 46, 28, 6, 29, 39, 16, 36, 4, 23, 47, 35, 38, 45, 42, 57, 63, 49, 48, 56, 60, 52, 53, 22, 21, 62 ],
[ 3, 10, 5, 18, 7, 4, 1, 28, 31, 11, 12, 2, 38, 29, 26, 15, 35, 20, 47, 6, 19, 42, 22, 36, 16, 25, 9, 14, 8, 58, 32, 27, 50, 39, 24, 17, 30, 34, 13, 21, 56, 45, 55, 52, 23, 33, 40, 63, 48, 59, 62, 51, 49, 37, 41, 43, 64, 54, 46, 57, 60, 44, 53, 61 ],
[ 4, 3, 15, 19, 20, 22, 25, 1, 10, 35, 7, 36, 2, 5, 13, 42, 18, 45, 8, 40, 48, 51, 49, 6, 34, 23, 28, 55, 56, 31, 29, 12, 9, 11, 33, 59, 38, 52, 62, 14, 26, 63, 16, 17, 44, 47, 53, 60, 41, 21, 24, 61, 64, 27, 54, 30, 58, 39, 32, 50, 37, 57, 43, 46 ]
];
s`MonodromyGroup := PermutationGroup<64 |  
\[ 11, 32, 8, 24, 2, 5, 14, 31, 54, 13, 9, 34, 58, 27, 43, 7, 12, 1, 50, 17, 20, 26, 18, 10, 41, 3, 59, 19, 40, 61, 33, 30, 64, 37, 44, 51, 55, 15, 25, 46, 28, 6, 29, 39, 16, 36, 4, 23, 47, 35, 38, 45, 42, 57, 63, 49, 48, 56, 60, 52, 53, 22, 21, 62 ],
\[ 3, 10, 5, 18, 7, 4, 1, 28, 31, 11, 12, 2, 38, 29, 26, 15, 35, 20, 47, 6, 19, 42, 22, 36, 16, 25, 9, 14, 8, 58, 32, 27, 50, 39, 24, 17, 30, 34, 13, 21, 56, 45, 55, 52, 23, 33, 40, 63, 48, 59, 62, 51, 49, 37, 41, 43, 64, 54, 46, 57, 60, 44, 53, 61 ],
\[ 4, 3, 15, 19, 20, 22, 25, 1, 10, 35, 7, 36, 2, 5, 13, 42, 18, 45, 8, 40, 48, 51, 49, 6, 34, 23, 28, 55, 56, 31, 29, 12, 9, 11, 33, 59, 38, 52, 62, 14, 26, 63, 16, 17, 44, 47, 53, 60, 41, 21, 24, 61, 64, 27, 54, 30, 58, 39, 32, 50, 37, 57, 43, 46 ] >;

/*
Edge printing
*/

s`Edges := [];
edge1 := TwoEdgeInitialize();
edge1`Blocks := {@ PowerSet(IntegerRing()) |
{ IntegerRing() | 1, 5 },
{ IntegerRing() | 2, 11 },
{ IntegerRing() | 3, 7 },
{ IntegerRing() | 4, 20 },
{ IntegerRing() | 6, 18 },
{ IntegerRing() | 8, 14 },
{ IntegerRing() | 9, 32 },
{ IntegerRing() | 10, 12 },
{ IntegerRing() | 13, 34 },
{ IntegerRing() | 15, 25 },
{ IntegerRing() | 16, 26 },
{ IntegerRing() | 17, 24 },
{ IntegerRing() | 19, 40 },
{ IntegerRing() | 21, 47 },
{ IntegerRing() | 22, 45 },
{ IntegerRing() | 23, 42 },
{ IntegerRing() | 27, 31 },
{ IntegerRing() | 28, 29 },
{ IntegerRing() | 30, 54 },
{ IntegerRing() | 33, 59 },
{ IntegerRing() | 35, 36 },
{ IntegerRing() | 37, 58 },
{ IntegerRing() | 38, 39 },
{ IntegerRing() | 41, 43 },
{ IntegerRing() | 44, 51 },
{ IntegerRing() | 46, 50 },
{ IntegerRing() | 48, 53 },
{ IntegerRing() | 49, 63 },
{ IntegerRing() | 52, 62 },
{ IntegerRing() | 55, 56 },
{ IntegerRing() | 57, 61 },
{ IntegerRing() | 60, 64 }
@};
edge1`UpstairsTriple := [ PermutationGroup<64 |  
\[ 2, 3, 4, 5, 6, 7, 8, 9, 10, 11, 12, 13, 14, 15, 16, 17, 18, 19, 20, 21, 22, 23, 24, 25, 26, 27, 28, 29, 30, 31, 32, 33, 34, 35, 36, 37, 38, 39, 40, 41, 42, 43, 44, 45, 46, 47, 48, 49, 50, 51, 52, 53, 54, 55, 56, 57, 58, 59, 60, 61, 62, 63, 64, 1 ],
\[ 2, 1, 3, 4, 5, 6, 7, 8, 9, 10, 11, 12, 13, 14, 15, 16, 17, 18, 19, 20, 21, 22, 23, 24, 25, 26, 27, 28, 29, 30, 31, 32, 33, 34, 35, 36, 37, 38, 39, 40, 41, 42, 43, 44, 45, 46, 47, 48, 49, 50, 51, 52, 53, 54, 55, 56, 57, 58, 59, 60, 61, 62, 63, 64 ]:
 Order := 126886932185884164103433389335161480802865516174545192198801894375214704230400000000000000 > |
[ 11, 32, 8, 24, 2, 5, 14, 31, 54, 13, 9, 34, 58, 27, 43, 7, 12, 1, 50, 17, 20, 26, 18, 10, 41, 3, 59, 19, 40, 61, 33, 30, 64, 37, 44, 51, 55, 15, 25, 46, 28, 6, 29, 39, 16, 36, 4, 23, 47, 35, 38, 45, 42, 57, 63, 49, 48, 56, 60, 52, 53, 22, 21, 62 ],
[ 3, 10, 5, 18, 7, 4, 1, 28, 31, 11, 12, 2, 38, 29, 26, 15, 35, 20, 47, 6, 19, 42, 22, 36, 16, 25, 9, 14, 8, 58, 32, 27, 50, 39, 24, 17, 30, 34, 13, 21, 56, 45, 55, 52, 23, 33, 40, 63, 48, 59, 62, 51, 49, 37, 41, 43, 64, 54, 46, 57, 60, 44, 53, 61 ],
[ 4, 3, 15, 19, 20, 22, 25, 1, 10, 35, 7, 36, 2, 5, 13, 42, 18, 45, 8, 40, 48, 51, 49, 6, 34, 23, 28, 55, 56, 31, 29, 12, 9, 11, 33, 59, 38, 52, 62, 14, 26, 63, 16, 17, 44, 47, 53, 60, 41, 21, 24, 61, 64, 27, 54, 30, 58, 39, 32, 50, 37, 57, 43, 46 ]
];
edge1`UpstairsFilename := "64S20-8,4,4-g13-4089628.m";
edge1`DownstairsTriple := [ PermutationGroup<32 |  
\[ 2, 3, 4, 5, 6, 7, 8, 9, 10, 11, 12, 13, 14, 15, 16, 17, 18, 19, 20, 21, 22, 23, 24, 25, 26, 27, 28, 29, 30, 31, 32, 1 ],
\[ 2, 1, 3, 4, 5, 6, 7, 8, 9, 10, 11, 12, 13, 14, 15, 16, 17, 18, 19, 20, 21, 22, 23, 24, 25, 26, 27, 28, 29, 30, 31, 32 ]:
 Order := 263130836933693530167218012160000000 > |
[ 2, 8, 7, 15, 10, 1, 23, 19, 11, 22, 17, 29, 20, 3, 9, 30, 31, 4, 5, 21, 14, 6, 25, 16, 13, 32, 18, 12, 24, 26, 27, 28 ],
[ 3, 9, 1, 6, 13, 4, 24, 23, 2, 27, 28, 14, 5, 12, 26, 18, 19, 16, 17, 32, 22, 21, 8, 7, 30, 15, 10, 11, 31, 25, 29, 20 ],
[ 4, 3, 12, 16, 17, 21, 1, 9, 26, 13, 2, 11, 30, 22, 6, 7, 28, 10, 23, 5, 32, 27, 24, 31, 8, 25, 29, 20, 14, 18, 19, 15 ]
];
edge1`DownstairsFilename := "32S11-8,2,4-g3-3793760957.m";
Append(~s`Edges, edge1);
edge2 := TwoEdgeInitialize();
edge2`Blocks := {@ PowerSet(IntegerRing()) |
{ IntegerRing() | 1, 5 },
{ IntegerRing() | 2, 11 },
{ IntegerRing() | 3, 16 },
{ IntegerRing() | 4, 21 },
{ IntegerRing() | 6, 24 },
{ IntegerRing() | 7, 25 },
{ IntegerRing() | 8, 26 },
{ IntegerRing() | 9, 29 },
{ IntegerRing() | 10, 40 },
{ IntegerRing() | 12, 42 },
{ IntegerRing() | 13, 43 },
{ IntegerRing() | 14, 49 },
{ IntegerRing() | 15, 51 },
{ IntegerRing() | 17, 38 },
{ IntegerRing() | 18, 52 },
{ IntegerRing() | 19, 55 },
{ IntegerRing() | 20, 47 },
{ IntegerRing() | 22, 44 },
{ IntegerRing() | 23, 58 },
{ IntegerRing() | 27, 46 },
{ IntegerRing() | 28, 37 },
{ IntegerRing() | 30, 61 },
{ IntegerRing() | 31, 62 },
{ IntegerRing() | 32, 57 },
{ IntegerRing() | 33, 63 },
{ IntegerRing() | 34, 53 },
{ IntegerRing() | 35, 64 },
{ IntegerRing() | 36, 56 },
{ IntegerRing() | 39, 50 },
{ IntegerRing() | 41, 60 },
{ IntegerRing() | 45, 54 },
{ IntegerRing() | 48, 59 }
@};
edge2`UpstairsTriple := [ PermutationGroup<64 |  
\[ 2, 3, 4, 5, 6, 7, 8, 9, 10, 11, 12, 13, 14, 15, 16, 17, 18, 19, 20, 21, 22, 23, 24, 25, 26, 27, 28, 29, 30, 31, 32, 33, 34, 35, 36, 37, 38, 39, 40, 41, 42, 43, 44, 45, 46, 47, 48, 49, 50, 51, 52, 53, 54, 55, 56, 57, 58, 59, 60, 61, 62, 63, 64, 1 ],
\[ 2, 1, 3, 4, 5, 6, 7, 8, 9, 10, 11, 12, 13, 14, 15, 16, 17, 18, 19, 20, 21, 22, 23, 24, 25, 26, 27, 28, 29, 30, 31, 32, 33, 34, 35, 36, 37, 38, 39, 40, 41, 42, 43, 44, 45, 46, 47, 48, 49, 50, 51, 52, 53, 54, 55, 56, 57, 58, 59, 60, 61, 62, 63, 64 ]:
 Order := 126886932185884164103433389335161480802865516174545192198801894375214704230400000000000000 > |
[ 2, 9, 8, 19, 11, 1, 31, 34, 24, 13, 29, 44, 46, 18, 50, 26, 3, 41, 12, 57, 55, 4, 14, 5, 62, 53, 30, 33, 6, 10, 37, 54, 7, 38, 20, 59, 63, 16, 56, 43, 58, 22, 27, 21, 64, 61, 32, 15, 52, 36, 39, 60, 17, 35, 42, 48, 45, 49, 51, 23, 40, 28, 25, 47 ],
[ 3, 10, 14, 6, 16, 27, 1, 35, 34, 18, 40, 2, 47, 7, 17, 49, 32, 12, 39, 22, 24, 59, 4, 46, 5, 64, 23, 29, 53, 45, 36, 33, 15, 41, 31, 8, 9, 57, 30, 52, 37, 11, 20, 48, 19, 58, 44, 13, 25, 61, 38, 42, 60, 55, 50, 26, 63, 21, 43, 28, 54, 56, 51, 62 ],
[ 4, 7, 15, 20, 21, 28, 32, 1, 12, 39, 25, 45, 2, 27, 44, 51, 29, 3, 23, 8, 47, 52, 53, 37, 57, 5, 59, 64, 42, 6, 14, 13, 60, 36, 61, 55, 35, 9, 63, 50, 10, 54, 11, 18, 38, 48, 26, 62, 46, 33, 22, 16, 56, 17, 58, 19, 43, 34, 31, 40, 24, 49, 41, 30 ]
];
edge2`UpstairsFilename := "64S20-8,4,4-g13-3968225228.m";
edge2`DownstairsTriple := [ PermutationGroup<32 |  
\[ 2, 3, 4, 5, 6, 7, 8, 9, 10, 11, 12, 13, 14, 15, 16, 17, 18, 19, 20, 21, 22, 23, 24, 25, 26, 27, 28, 29, 30, 31, 32, 1 ],
\[ 2, 1, 3, 4, 5, 6, 7, 8, 9, 10, 11, 12, 13, 14, 15, 16, 17, 18, 19, 20, 21, 22, 23, 24, 25, 26, 27, 28, 29, 30, 31, 32 ]:
 Order := 263130836933693530167218012160000000 > |
[ 6, 1, 8, 20, 2, 5, 26, 15, 11, 24, 22, 3, 16, 32, 12, 30, 4, 25, 17, 19, 13, 23, 9, 7, 31, 10, 18, 29, 14, 21, 27, 28 ],
[ 3, 9, 13, 2, 15, 22, 1, 27, 21, 5, 31, 25, 7, 12, 30, 19, 29, 17, 6, 32, 4, 16, 18, 14, 24, 28, 26, 8, 23, 10, 20, 11 ],
[ 4, 10, 14, 18, 19, 7, 25, 1, 29, 27, 2, 5, 9, 17, 28, 3, 16, 8, 31, 21, 15, 32, 6, 30, 23, 13, 11, 20, 26, 22, 12, 24 ]
];
edge2`DownstairsFilename := "32S2-4,4,4-g5-3984326407.m";
Append(~s`Edges, edge2);
edge3 := TwoEdgeInitialize();
edge3`Blocks := {@ PowerSet(IntegerRing()) |
{ IntegerRing() | 1, 5 },
{ IntegerRing() | 2, 12 },
{ IntegerRing() | 3, 18 },
{ IntegerRing() | 4, 24 },
{ IntegerRing() | 6, 22 },
{ IntegerRing() | 7, 11 },
{ IntegerRing() | 8, 15 },
{ IntegerRing() | 9, 38 },
{ IntegerRing() | 10, 42 },
{ IntegerRing() | 13, 37 },
{ IntegerRing() | 14, 25 },
{ IntegerRing() | 16, 47 },
{ IntegerRing() | 17, 59 },
{ IntegerRing() | 19, 58 },
{ IntegerRing() | 20, 40 },
{ IntegerRing() | 21, 50 },
{ IntegerRing() | 23, 54 },
{ IntegerRing() | 26, 56 },
{ IntegerRing() | 27, 55 },
{ IntegerRing() | 28, 34 },
{ IntegerRing() | 29, 60 },
{ IntegerRing() | 30, 43 },
{ IntegerRing() | 31, 44 },
{ IntegerRing() | 32, 45 },
{ IntegerRing() | 33, 46 },
{ IntegerRing() | 35, 52 },
{ IntegerRing() | 36, 53 },
{ IntegerRing() | 39, 61 },
{ IntegerRing() | 41, 62 },
{ IntegerRing() | 48, 63 },
{ IntegerRing() | 49, 57 },
{ IntegerRing() | 51, 64 }
@};
edge3`UpstairsTriple := [ PermutationGroup<64 |  
\[ 2, 3, 4, 5, 6, 7, 8, 9, 10, 11, 12, 13, 14, 15, 16, 17, 18, 19, 20, 21, 22, 23, 24, 25, 26, 27, 28, 29, 30, 31, 32, 33, 34, 35, 36, 37, 38, 39, 40, 41, 42, 43, 44, 45, 46, 47, 48, 49, 50, 51, 52, 53, 54, 55, 56, 57, 58, 59, 60, 61, 62, 63, 64, 1 ],
\[ 2, 1, 3, 4, 5, 6, 7, 8, 9, 10, 11, 12, 13, 14, 15, 16, 17, 18, 19, 20, 21, 22, 23, 24, 25, 26, 27, 28, 29, 30, 31, 32, 33, 34, 35, 36, 37, 38, 39, 40, 41, 42, 43, 44, 45, 46, 47, 48, 49, 50, 51, 52, 53, 54, 55, 56, 57, 58, 59, 60, 61, 62, 63, 64 ]:
 Order := 126886932185884164103433389335161480802865516174545192198801894375214704230400000000000000 > |
[ 12, 38, 8, 50, 2, 5, 44, 28, 56, 14, 31, 9, 63, 4, 34, 20, 49, 15, 18, 60, 13, 1, 59, 21, 24, 16, 30, 33, 22, 10, 61, 41, 11, 46, 23, 51, 48, 26, 19, 29, 35, 25, 42, 39, 62, 7, 40, 27, 36, 37, 45, 54, 64, 17, 43, 47, 53, 3, 57, 6, 58, 52, 55, 32 ],
[ 3, 10, 16, 22, 18, 27, 1, 35, 28, 40, 5, 42, 2, 51, 52, 7, 58, 47, 45, 37, 41, 55, 14, 6, 64, 4, 56, 60, 61, 49, 53, 46, 59, 29, 44, 8, 12, 34, 9, 13, 30, 20, 57, 36, 33, 17, 11, 54, 21, 62, 63, 31, 15, 25, 26, 24, 50, 32, 19, 39, 38, 43, 23, 48 ],
[ 4, 11, 17, 23, 24, 28, 32, 1, 37, 41, 45, 7, 49, 2, 5, 55, 48, 59, 60, 3, 56, 34, 8, 54, 12, 61, 64, 36, 10, 6, 47, 25, 9, 53, 21, 30, 57, 13, 35, 18, 58, 62, 22, 16, 14, 38, 27, 20, 46, 26, 44, 50, 43, 15, 51, 39, 33, 29, 63, 42, 52, 19, 40, 31 ]
];
edge3`UpstairsFilename := "64S20-8,4,4-g13-2695808065.m";
edge3`DownstairsTriple := [ PermutationGroup<32 |  
\[ 2, 3, 4, 5, 6, 7, 8, 9, 10, 11, 12, 13, 14, 15, 16, 17, 18, 19, 20, 21, 22, 23, 24, 25, 26, 27, 28, 29, 30, 31, 32, 1 ],
\[ 2, 1, 3, 4, 5, 6, 7, 8, 9, 10, 11, 12, 13, 14, 15, 16, 17, 18, 19, 20, 21, 22, 23, 24, 25, 26, 27, 28, 29, 30, 31, 32 ]:
 Order := 263130836933693530167218012160000000 > |
[ 11, 22, 8, 23, 2, 5, 14, 28, 6, 13, 9, 29, 20, 21, 30, 7, 12, 1, 15, 17, 25, 18, 10, 31, 3, 19, 32, 16, 4, 27, 26, 24 ],
[ 3, 10, 5, 18, 7, 4, 1, 26, 28, 11, 12, 2, 19, 27, 25, 15, 30, 20, 29, 6, 9, 21, 31, 16, 24, 14, 8, 22, 32, 23, 17, 13 ],
[ 4, 3, 15, 19, 20, 21, 24, 1, 10, 30, 7, 31, 2, 5, 13, 9, 18, 28, 8, 32, 26, 12, 6, 29, 22, 23, 17, 27, 11, 16, 25, 14 ]
];
edge3`DownstairsFilename := "32S11-8,4,4-g7-1129720359.m";
Append(~s`Edges, edge3);

/*
Return for eval
*/

return s;
