s := TwoDBInitialize();

/*
Magma printing
*/

s`Name := "64S29-8,16,16-g25-2740479085";
s`Filename := "64S29-8,16,16-g25-2740479085.m";
s`Degree := 64;
s`Orders := \[ 8, 16, 16 ];
s`Geometry := "Hyperbolic";
s`Genus := 25;
s`Level := 6;
s`PermutationTriple := [ PermutationGroup<64 |  
\[ 2, 3, 4, 5, 6, 7, 8, 9, 10, 11, 12, 13, 14, 15, 16, 17, 18, 19, 20, 21, 22, 23, 24, 25, 26, 27, 28, 29, 30, 31, 32, 33, 34, 35, 36, 37, 38, 39, 40, 41, 42, 43, 44, 45, 46, 47, 48, 49, 50, 51, 52, 53, 54, 55, 56, 57, 58, 59, 60, 61, 62, 63, 64, 1 ],
\[ 2, 1, 3, 4, 5, 6, 7, 8, 9, 10, 11, 12, 13, 14, 15, 16, 17, 18, 19, 20, 21, 22, 23, 24, 25, 26, 27, 28, 29, 30, 31, 32, 33, 34, 35, 36, 37, 38, 39, 40, 41, 42, 43, 44, 45, 46, 47, 48, 49, 50, 51, 52, 53, 54, 55, 56, 57, 58, 59, 60, 61, 62, 63, 64 ]:
 Order := 126886932185884164103433389335161480802865516174545192198801894375214704230400000000000000 > |
[ 2, 9, 8, 19, 11, 1, 27, 30, 33, 13, 34, 38, 41, 18, 5, 10, 3, 37, 12, 28, 7, 4, 29, 16, 21, 6, 35, 39, 40, 36, 32, 42, 61, 62, 44, 54, 52, 48, 46, 14, 51, 20, 31, 60, 15, 43, 17, 49, 53, 23, 55, 50, 22, 59, 56, 24, 25, 26, 47, 57, 58, 63, 64, 45 ],
[ 3, 10, 14, 6, 16, 24, 1, 31, 30, 18, 8, 2, 32, 35, 17, 43, 46, 48, 5, 22, 15, 45, 4, 40, 26, 47, 11, 21, 7, 37, 44, 49, 41, 13, 9, 42, 60, 34, 19, 12, 52, 57, 38, 62, 56, 27, 29, 33, 63, 25, 20, 53, 58, 50, 23, 39, 64, 55, 28, 61, 54, 36, 51, 59 ],
[ 4, 7, 15, 20, 21, 25, 28, 1, 12, 5, 19, 39, 2, 24, 22, 6, 26, 3, 23, 36, 50, 52, 54, 45, 42, 53, 29, 51, 55, 11, 16, 8, 35, 27, 46, 9, 10, 40, 59, 47, 34, 13, 17, 14, 57, 56, 64, 43, 18, 41, 33, 30, 32, 62, 63, 58, 37, 60, 61, 31, 48, 38, 44, 49 ]
];
s`MonodromyGroup := PermutationGroup<64 |  
\[ 2, 9, 8, 19, 11, 1, 27, 30, 33, 13, 34, 38, 41, 18, 5, 10, 3, 37, 12, 28, 7, 4, 29, 16, 21, 6, 35, 39, 40, 36, 32, 42, 61, 62, 44, 54, 52, 48, 46, 14, 51, 20, 31, 60, 15, 43, 17, 49, 53, 23, 55, 50, 22, 59, 56, 24, 25, 26, 47, 57, 58, 63, 64, 45 ],
\[ 3, 10, 14, 6, 16, 24, 1, 31, 30, 18, 8, 2, 32, 35, 17, 43, 46, 48, 5, 22, 15, 45, 4, 40, 26, 47, 11, 21, 7, 37, 44, 49, 41, 13, 9, 42, 60, 34, 19, 12, 52, 57, 38, 62, 56, 27, 29, 33, 63, 25, 20, 53, 58, 50, 23, 39, 64, 55, 28, 61, 54, 36, 51, 59 ],
\[ 4, 7, 15, 20, 21, 25, 28, 1, 12, 5, 19, 39, 2, 24, 22, 6, 26, 3, 23, 36, 50, 52, 54, 45, 42, 53, 29, 51, 55, 11, 16, 8, 35, 27, 46, 9, 10, 40, 59, 47, 34, 13, 17, 14, 57, 56, 64, 43, 18, 41, 33, 30, 32, 62, 63, 58, 37, 60, 61, 31, 48, 38, 44, 49 ] >;

/*
Edge printing
*/

s`Edges := [];
edge1 := TwoEdgeInitialize();
edge1`Blocks := {@ PowerSet(IntegerRing()) |
{ IntegerRing() | 1, 5 },
{ IntegerRing() | 2, 11 },
{ IntegerRing() | 3, 16 },
{ IntegerRing() | 4, 21 },
{ IntegerRing() | 6, 15 },
{ IntegerRing() | 7, 19 },
{ IntegerRing() | 8, 10 },
{ IntegerRing() | 9, 34 },
{ IntegerRing() | 12, 27 },
{ IntegerRing() | 13, 30 },
{ IntegerRing() | 14, 43 },
{ IntegerRing() | 17, 24 },
{ IntegerRing() | 18, 31 },
{ IntegerRing() | 20, 50 },
{ IntegerRing() | 22, 25 },
{ IntegerRing() | 23, 28 },
{ IntegerRing() | 26, 45 },
{ IntegerRing() | 29, 39 },
{ IntegerRing() | 32, 37 },
{ IntegerRing() | 33, 62 },
{ IntegerRing() | 35, 38 },
{ IntegerRing() | 36, 41 },
{ IntegerRing() | 40, 46 },
{ IntegerRing() | 42, 52 },
{ IntegerRing() | 44, 48 },
{ IntegerRing() | 47, 56 },
{ IntegerRing() | 49, 60 },
{ IntegerRing() | 51, 54 },
{ IntegerRing() | 53, 57 },
{ IntegerRing() | 55, 59 },
{ IntegerRing() | 58, 64 },
{ IntegerRing() | 61, 63 }
@};
edge1`UpstairsTriple := [ PermutationGroup<64 |  
\[ 2, 3, 4, 5, 6, 7, 8, 9, 10, 11, 12, 13, 14, 15, 16, 17, 18, 19, 20, 21, 22, 23, 24, 25, 26, 27, 28, 29, 30, 31, 32, 33, 34, 35, 36, 37, 38, 39, 40, 41, 42, 43, 44, 45, 46, 47, 48, 49, 50, 51, 52, 53, 54, 55, 56, 57, 58, 59, 60, 61, 62, 63, 64, 1 ],
\[ 2, 1, 3, 4, 5, 6, 7, 8, 9, 10, 11, 12, 13, 14, 15, 16, 17, 18, 19, 20, 21, 22, 23, 24, 25, 26, 27, 28, 29, 30, 31, 32, 33, 34, 35, 36, 37, 38, 39, 40, 41, 42, 43, 44, 45, 46, 47, 48, 49, 50, 51, 52, 53, 54, 55, 56, 57, 58, 59, 60, 61, 62, 63, 64 ]:
 Order := 126886932185884164103433389335161480802865516174545192198801894375214704230400000000000000 > |
[ 2, 9, 8, 19, 11, 1, 27, 30, 33, 13, 34, 38, 41, 18, 5, 10, 3, 37, 12, 28, 7, 4, 29, 16, 21, 6, 35, 39, 40, 36, 32, 42, 61, 62, 44, 54, 52, 48, 46, 14, 51, 20, 31, 60, 15, 43, 17, 49, 53, 23, 55, 50, 22, 59, 56, 24, 25, 26, 47, 57, 58, 63, 64, 45 ],
[ 3, 10, 14, 6, 16, 24, 1, 31, 30, 18, 8, 2, 32, 35, 17, 43, 46, 48, 5, 22, 15, 45, 4, 40, 26, 47, 11, 21, 7, 37, 44, 49, 41, 13, 9, 42, 60, 34, 19, 12, 52, 57, 38, 62, 56, 27, 29, 33, 63, 25, 20, 53, 58, 50, 23, 39, 64, 55, 28, 61, 54, 36, 51, 59 ],
[ 4, 7, 15, 20, 21, 25, 28, 1, 12, 5, 19, 39, 2, 24, 22, 6, 26, 3, 23, 36, 50, 52, 54, 45, 42, 53, 29, 51, 55, 11, 16, 8, 35, 27, 46, 9, 10, 40, 59, 47, 34, 13, 17, 14, 57, 56, 64, 43, 18, 41, 33, 30, 32, 62, 63, 58, 37, 60, 61, 31, 48, 38, 44, 49 ]
];
edge1`UpstairsFilename := "64S29-8,16,16-g25-2740479085.m";
edge1`DownstairsTriple := [ PermutationGroup<32 |  
\[ 2, 3, 4, 5, 6, 7, 8, 9, 10, 11, 12, 13, 14, 15, 16, 17, 18, 19, 20, 21, 22, 23, 24, 25, 26, 27, 28, 29, 30, 31, 32, 1 ],
\[ 2, 1, 3, 4, 5, 6, 7, 8, 9, 10, 11, 12, 13, 14, 15, 16, 17, 18, 19, 20, 21, 22, 23, 24, 25, 26, 27, 28, 29, 30, 31, 32 ]:
 Order := 263130836933693530167218012160000000 > |
[ 10, 21, 19, 18, 2, 5, 23, 16, 29, 9, 30, 28, 8, 13, 17, 7, 1, 11, 4, 31, 20, 32, 22, 25, 15, 27, 3, 6, 24, 26, 12, 14 ],
[ 3, 8, 12, 6, 13, 14, 1, 15, 4, 19, 2, 22, 25, 24, 26, 17, 27, 5, 28, 7, 16, 9, 10, 11, 30, 20, 31, 32, 18, 21, 23, 29 ],
[ 16, 18, 17, 10, 4, 19, 21, 5, 23, 7, 29, 27, 6, 28, 13, 2, 8, 9, 1, 30, 11, 31, 20, 32, 14, 25, 15, 3, 22, 24, 26, 12 ]
];
edge1`DownstairsFilename := "32S16-8,16,16-g13-844727125.m";
Append(~s`Edges, edge1);
edge2 := TwoEdgeInitialize();
edge2`Blocks := {@ PowerSet(IntegerRing()) |
{ IntegerRing() | 1, 5 },
{ IntegerRing() | 2, 12 },
{ IntegerRing() | 3, 18 },
{ IntegerRing() | 4, 24 },
{ IntegerRing() | 6, 22 },
{ IntegerRing() | 7, 11 },
{ IntegerRing() | 8, 15 },
{ IntegerRing() | 9, 29 },
{ IntegerRing() | 10, 43 },
{ IntegerRing() | 13, 40 },
{ IntegerRing() | 14, 41 },
{ IntegerRing() | 16, 55 },
{ IntegerRing() | 17, 58 },
{ IntegerRing() | 19, 56 },
{ IntegerRing() | 20, 26 },
{ IntegerRing() | 21, 48 },
{ IntegerRing() | 23, 62 },
{ IntegerRing() | 25, 57 },
{ IntegerRing() | 27, 54 },
{ IntegerRing() | 28, 61 },
{ IntegerRing() | 30, 44 },
{ IntegerRing() | 31, 45 },
{ IntegerRing() | 32, 36 },
{ IntegerRing() | 33, 46 },
{ IntegerRing() | 34, 47 },
{ IntegerRing() | 35, 39 },
{ IntegerRing() | 37, 53 },
{ IntegerRing() | 38, 50 },
{ IntegerRing() | 42, 64 },
{ IntegerRing() | 49, 63 },
{ IntegerRing() | 51, 59 },
{ IntegerRing() | 52, 60 }
@};
edge2`UpstairsTriple := [ PermutationGroup<64 |  
\[ 2, 3, 4, 5, 6, 7, 8, 9, 10, 11, 12, 13, 14, 15, 16, 17, 18, 19, 20, 21, 22, 23, 24, 25, 26, 27, 28, 29, 30, 31, 32, 33, 34, 35, 36, 37, 38, 39, 40, 41, 42, 43, 44, 45, 46, 47, 48, 49, 50, 51, 52, 53, 54, 55, 56, 57, 58, 59, 60, 61, 62, 63, 64, 1 ],
\[ 2, 1, 3, 4, 5, 6, 7, 8, 9, 10, 11, 12, 13, 14, 15, 16, 17, 18, 19, 20, 21, 22, 23, 24, 25, 26, 27, 28, 29, 30, 31, 32, 33, 34, 35, 36, 37, 38, 39, 40, 41, 42, 43, 44, 45, 46, 47, 48, 49, 50, 51, 52, 53, 54, 55, 56, 57, 58, 59, 60, 61, 62, 63, 64 ]:
 Order := 126886932185884164103433389335161480802865516174545192198801894375214704230400000000000000 > |
[ 12, 29, 8, 48, 2, 5, 45, 39, 6, 14, 31, 9, 57, 54, 35, 20, 64, 15, 18, 47, 13, 1, 32, 21, 24, 34, 30, 33, 22, 10, 61, 50, 11, 63, 56, 38, 59, 60, 19, 25, 27, 53, 41, 43, 28, 7, 49, 40, 55, 52, 17, 62, 51, 44, 26, 3, 4, 42, 58, 23, 46, 36, 16, 37 ],
[ 3, 10, 16, 22, 18, 27, 1, 36, 39, 26, 5, 43, 2, 50, 32, 28, 56, 55, 60, 24, 42, 54, 57, 6, 59, 4, 49, 9, 35, 23, 53, 46, 58, 7, 34, 33, 8, 21, 47, 12, 38, 30, 20, 62, 37, 17, 11, 64, 13, 48, 14, 45, 15, 63, 61, 52, 51, 19, 41, 31, 29, 25, 40, 44 ],
[ 4, 11, 17, 23, 24, 28, 32, 1, 40, 42, 36, 7, 38, 2, 5, 54, 57, 58, 9, 3, 20, 61, 19, 62, 63, 18, 59, 52, 13, 6, 47, 30, 16, 10, 53, 44, 48, 8, 37, 50, 12, 33, 64, 22, 34, 55, 43, 26, 39, 15, 31, 14, 21, 51, 27, 29, 49, 25, 45, 41, 60, 56, 35, 46 ]
];
edge2`UpstairsFilename := "64S29-8,16,16-g25-3598362662.m";
edge2`DownstairsTriple := [ PermutationGroup<32 |  
\[ 2, 3, 4, 5, 6, 7, 8, 9, 10, 11, 12, 13, 14, 15, 16, 17, 18, 19, 20, 21, 22, 23, 24, 25, 26, 27, 28, 29, 30, 31, 32, 1 ],
\[ 2, 1, 3, 4, 5, 6, 7, 8, 9, 10, 11, 12, 13, 14, 15, 16, 17, 18, 19, 20, 21, 22, 23, 24, 25, 26, 27, 28, 29, 30, 31, 32 ]:
 Order := 263130836933693530167218012160000000 > |
[ 6, 1, 8, 20, 2, 5, 25, 15, 11, 23, 21, 3, 16, 32, 12, 26, 4, 24, 17, 19, 22, 9, 7, 28, 10, 29, 30, 31, 13, 14, 18, 27 ],
[ 3, 9, 13, 2, 15, 21, 1, 24, 29, 5, 18, 31, 10, 12, 26, 4, 30, 17, 6, 32, 16, 28, 14, 23, 27, 7, 8, 20, 19, 22, 25, 11 ],
[ 4, 10, 14, 18, 19, 7, 24, 1, 30, 31, 2, 5, 9, 17, 27, 3, 29, 12, 28, 16, 32, 6, 13, 11, 26, 21, 20, 8, 15, 25, 22, 23 ]
];
edge2`DownstairsFilename := "32S5-4,8,8-g9-652585717.m";
Append(~s`Edges, edge2);
edge3 := TwoEdgeInitialize();
edge3`Blocks := {@ PowerSet(IntegerRing()) |
{ IntegerRing() | 1, 5 },
{ IntegerRing() | 2, 12 },
{ IntegerRing() | 3, 18 },
{ IntegerRing() | 4, 24 },
{ IntegerRing() | 6, 22 },
{ IntegerRing() | 7, 11 },
{ IntegerRing() | 8, 15 },
{ IntegerRing() | 9, 41 },
{ IntegerRing() | 10, 44 },
{ IntegerRing() | 13, 40 },
{ IntegerRing() | 14, 42 },
{ IntegerRing() | 16, 23 },
{ IntegerRing() | 17, 57 },
{ IntegerRing() | 19, 55 },
{ IntegerRing() | 20, 32 },
{ IntegerRing() | 21, 50 },
{ IntegerRing() | 25, 56 },
{ IntegerRing() | 26, 36 },
{ IntegerRing() | 27, 54 },
{ IntegerRing() | 28, 61 },
{ IntegerRing() | 29, 59 },
{ IntegerRing() | 30, 45 },
{ IntegerRing() | 31, 47 },
{ IntegerRing() | 33, 48 },
{ IntegerRing() | 34, 38 },
{ IntegerRing() | 35, 39 },
{ IntegerRing() | 37, 53 },
{ IntegerRing() | 43, 64 },
{ IntegerRing() | 46, 49 },
{ IntegerRing() | 51, 52 },
{ IntegerRing() | 58, 62 },
{ IntegerRing() | 60, 63 }
@};
edge3`UpstairsTriple := [ PermutationGroup<64 |  
\[ 2, 3, 4, 5, 6, 7, 8, 9, 10, 11, 12, 13, 14, 15, 16, 17, 18, 19, 20, 21, 22, 23, 24, 25, 26, 27, 28, 29, 30, 31, 32, 33, 34, 35, 36, 37, 38, 39, 40, 41, 42, 43, 44, 45, 46, 47, 48, 49, 50, 51, 52, 53, 54, 55, 56, 57, 58, 59, 60, 61, 62, 63, 64, 1 ],
\[ 2, 1, 3, 4, 5, 6, 7, 8, 9, 10, 11, 12, 13, 14, 15, 16, 17, 18, 19, 20, 21, 22, 23, 24, 25, 26, 27, 28, 29, 30, 31, 32, 33, 34, 35, 36, 37, 38, 39, 40, 41, 42, 43, 44, 45, 46, 47, 48, 49, 50, 51, 52, 53, 54, 55, 56, 57, 58, 59, 60, 61, 62, 63, 64 ]:
 Order := 126886932185884164103433389335161480802865516174545192198801894375214704230400000000000000 > |
[ 12, 41, 8, 50, 2, 5, 47, 39, 57, 14, 31, 9, 61, 55, 35, 20, 64, 15, 18, 49, 13, 1, 32, 21, 24, 34, 30, 33, 22, 10, 56, 46, 11, 52, 54, 38, 59, 51, 27, 28, 17, 19, 53, 42, 44, 62, 25, 7, 58, 40, 23, 16, 29, 45, 3, 4, 43, 60, 6, 26, 48, 63, 36, 37 ],
[ 3, 10, 16, 22, 18, 27, 1, 36, 39, 32, 5, 44, 2, 34, 26, 25, 55, 23, 58, 33, 43, 54, 56, 6, 9, 4, 51, 59, 14, 60, 53, 48, 57, 7, 46, 24, 8, 11, 49, 12, 35, 38, 30, 20, 63, 50, 37, 17, 21, 64, 13, 40, 15, 52, 62, 41, 19, 31, 42, 61, 29, 47, 28, 45 ],
[ 4, 11, 17, 23, 24, 28, 32, 1, 40, 43, 20, 7, 49, 2, 5, 54, 56, 57, 59, 3, 36, 61, 27, 16, 62, 30, 9, 52, 31, 6, 38, 18, 63, 15, 53, 45, 50, 8, 37, 46, 13, 12, 33, 64, 22, 10, 34, 60, 44, 26, 42, 14, 21, 41, 29, 58, 25, 39, 47, 19, 51, 35, 55, 48 ]
];
edge3`UpstairsFilename := "64S29-8,16,16-g25-1378881006.m";
edge3`DownstairsTriple := [ PermutationGroup<32 |  
\[ 2, 3, 4, 5, 6, 7, 8, 9, 10, 11, 12, 13, 14, 15, 16, 17, 18, 19, 20, 21, 22, 23, 24, 25, 26, 27, 28, 29, 30, 31, 32, 1 ],
\[ 2, 1, 3, 4, 5, 6, 7, 8, 9, 10, 11, 12, 13, 14, 15, 16, 17, 18, 19, 20, 21, 22, 23, 24, 25, 26, 27, 28, 29, 30, 31, 32 ]:
 Order := 263130836933693530167218012160000000 > |
[ 11, 25, 8, 10, 2, 5, 12, 13, 6, 26, 9, 24, 17, 28, 18, 14, 16, 29, 1, 7, 20, 27, 3, 4, 19, 21, 32, 23, 30, 31, 22, 15 ],
[ 3, 8, 15, 19, 16, 23, 1, 22, 13, 5, 14, 2, 29, 18, 24, 31, 32, 20, 17, 6, 25, 4, 30, 9, 28, 11, 7, 27, 10, 12, 21, 26 ],
[ 4, 10, 6, 15, 20, 24, 18, 1, 26, 22, 7, 27, 2, 5, 17, 19, 9, 3, 21, 31, 32, 16, 25, 30, 12, 29, 8, 11, 14, 13, 23, 28 ]
];
edge3`DownstairsFilename := "32S17-8,16,16-g13-2052584454.m";
Append(~s`Edges, edge3);

/*
Return for eval
*/

return s;
