s := TwoDBInitialize();

/*
Magma printing
*/

s`Name := "64S20-8,4,4-g13-2874902521";
s`Filename := "64S20-8,4,4-g13-2874902521.m";
s`Degree := 64;
s`Orders := \[ 8, 4, 4 ];
s`Geometry := "Hyperbolic";
s`Genus := 13;
s`Level := 6;
s`PermutationTriple := [ PermutationGroup<64 |  
\[ 2, 3, 4, 5, 6, 7, 8, 9, 10, 11, 12, 13, 14, 15, 16, 17, 18, 19, 20, 21, 22, 23, 24, 25, 26, 27, 28, 29, 30, 31, 32, 33, 34, 35, 36, 37, 38, 39, 40, 41, 42, 43, 44, 45, 46, 47, 48, 49, 50, 51, 52, 53, 54, 55, 56, 57, 58, 59, 60, 61, 62, 63, 64, 1 ],
\[ 2, 1, 3, 4, 5, 6, 7, 8, 9, 10, 11, 12, 13, 14, 15, 16, 17, 18, 19, 20, 21, 22, 23, 24, 25, 26, 27, 28, 29, 30, 31, 32, 33, 34, 35, 36, 37, 38, 39, 40, 41, 42, 43, 44, 45, 46, 47, 48, 49, 50, 51, 52, 53, 54, 55, 56, 57, 58, 59, 60, 61, 62, 63, 64 ]:
 Order := 126886932185884164103433389335161480802865516174545192198801894375214704230400000000000000 > |
[ 12, 32, 8, 28, 2, 5, 37, 19, 55, 7, 26, 9, 60, 18, 47, 4, 16, 41, 13, 1, 51, 25, 27, 20, 10, 58, 11, 31, 50, 62, 39, 30, 43, 36, 54, 40, 33, 15, 64, 38, 21, 3, 63, 24, 6, 42, 29, 52, 23, 34, 56, 49, 45, 14, 57, 35, 44, 48, 46, 59, 17, 53, 22, 61 ],
[ 3, 10, 14, 20, 16, 22, 1, 6, 19, 34, 5, 27, 2, 7, 42, 38, 44, 17, 41, 49, 4, 29, 45, 46, 24, 54, 56, 47, 8, 37, 12, 28, 9, 13, 25, 23, 40, 11, 50, 59, 33, 53, 15, 48, 61, 35, 58, 18, 21, 52, 63, 62, 43, 64, 26, 31, 60, 32, 30, 51, 36, 39, 57, 55 ],
[ 4, 11, 15, 5, 8, 23, 2, 1, 31, 35, 12, 7, 9, 26, 16, 18, 45, 3, 29, 25, 19, 51, 20, 17, 6, 38, 36, 21, 28, 58, 32, 13, 30, 39, 27, 10, 14, 37, 56, 61, 48, 24, 41, 63, 42, 40, 43, 47, 50, 22, 49, 44, 52, 46, 33, 60, 64, 55, 57, 34, 54, 59, 53, 62 ]
];
s`MonodromyGroup := PermutationGroup<64 |  
\[ 12, 32, 8, 28, 2, 5, 37, 19, 55, 7, 26, 9, 60, 18, 47, 4, 16, 41, 13, 1, 51, 25, 27, 20, 10, 58, 11, 31, 50, 62, 39, 30, 43, 36, 54, 40, 33, 15, 64, 38, 21, 3, 63, 24, 6, 42, 29, 52, 23, 34, 56, 49, 45, 14, 57, 35, 44, 48, 46, 59, 17, 53, 22, 61 ],
\[ 3, 10, 14, 20, 16, 22, 1, 6, 19, 34, 5, 27, 2, 7, 42, 38, 44, 17, 41, 49, 4, 29, 45, 46, 24, 54, 56, 47, 8, 37, 12, 28, 9, 13, 25, 23, 40, 11, 50, 59, 33, 53, 15, 48, 61, 35, 58, 18, 21, 52, 63, 62, 43, 64, 26, 31, 60, 32, 30, 51, 36, 39, 57, 55 ],
\[ 4, 11, 15, 5, 8, 23, 2, 1, 31, 35, 12, 7, 9, 26, 16, 18, 45, 3, 29, 25, 19, 51, 20, 17, 6, 38, 36, 21, 28, 58, 32, 13, 30, 39, 27, 10, 14, 37, 56, 61, 48, 24, 41, 63, 42, 40, 43, 47, 50, 22, 49, 44, 52, 46, 33, 60, 64, 55, 57, 34, 54, 59, 53, 62 ] >;

/*
Edge printing
*/

s`Edges := [];
edge1 := TwoEdgeInitialize();
edge1`Blocks := {@ PowerSet(IntegerRing()) |
{ IntegerRing() | 1, 5 },
{ IntegerRing() | 2, 12 },
{ IntegerRing() | 3, 16 },
{ IntegerRing() | 4, 8 },
{ IntegerRing() | 6, 20 },
{ IntegerRing() | 7, 11 },
{ IntegerRing() | 9, 32 },
{ IntegerRing() | 10, 27 },
{ IntegerRing() | 13, 31 },
{ IntegerRing() | 14, 38 },
{ IntegerRing() | 15, 18 },
{ IntegerRing() | 17, 42 },
{ IntegerRing() | 19, 28 },
{ IntegerRing() | 21, 29 },
{ IntegerRing() | 22, 49 },
{ IntegerRing() | 23, 25 },
{ IntegerRing() | 24, 45 },
{ IntegerRing() | 26, 37 },
{ IntegerRing() | 30, 55 },
{ IntegerRing() | 33, 58 },
{ IntegerRing() | 34, 56 },
{ IntegerRing() | 35, 36 },
{ IntegerRing() | 39, 60 },
{ IntegerRing() | 40, 54 },
{ IntegerRing() | 41, 47 },
{ IntegerRing() | 43, 48 },
{ IntegerRing() | 44, 53 },
{ IntegerRing() | 46, 61 },
{ IntegerRing() | 50, 51 },
{ IntegerRing() | 52, 63 },
{ IntegerRing() | 57, 62 },
{ IntegerRing() | 59, 64 }
@};
edge1`UpstairsTriple := [ PermutationGroup<64 |  
\[ 2, 3, 4, 5, 6, 7, 8, 9, 10, 11, 12, 13, 14, 15, 16, 17, 18, 19, 20, 21, 22, 23, 24, 25, 26, 27, 28, 29, 30, 31, 32, 33, 34, 35, 36, 37, 38, 39, 40, 41, 42, 43, 44, 45, 46, 47, 48, 49, 50, 51, 52, 53, 54, 55, 56, 57, 58, 59, 60, 61, 62, 63, 64, 1 ],
\[ 2, 1, 3, 4, 5, 6, 7, 8, 9, 10, 11, 12, 13, 14, 15, 16, 17, 18, 19, 20, 21, 22, 23, 24, 25, 26, 27, 28, 29, 30, 31, 32, 33, 34, 35, 36, 37, 38, 39, 40, 41, 42, 43, 44, 45, 46, 47, 48, 49, 50, 51, 52, 53, 54, 55, 56, 57, 58, 59, 60, 61, 62, 63, 64 ]:
 Order := 126886932185884164103433389335161480802865516174545192198801894375214704230400000000000000 > |
[ 12, 32, 8, 28, 2, 5, 37, 19, 55, 7, 26, 9, 60, 18, 47, 4, 16, 41, 13, 1, 51, 25, 27, 20, 10, 58, 11, 31, 50, 62, 39, 30, 43, 36, 54, 40, 33, 15, 64, 38, 21, 3, 63, 24, 6, 42, 29, 52, 23, 34, 56, 49, 45, 14, 57, 35, 44, 48, 46, 59, 17, 53, 22, 61 ],
[ 3, 10, 14, 20, 16, 22, 1, 6, 19, 34, 5, 27, 2, 7, 42, 38, 44, 17, 41, 49, 4, 29, 45, 46, 24, 54, 56, 47, 8, 37, 12, 28, 9, 13, 25, 23, 40, 11, 50, 59, 33, 53, 15, 48, 61, 35, 58, 18, 21, 52, 63, 62, 43, 64, 26, 31, 60, 32, 30, 51, 36, 39, 57, 55 ],
[ 4, 11, 15, 5, 8, 23, 2, 1, 31, 35, 12, 7, 9, 26, 16, 18, 45, 3, 29, 25, 19, 51, 20, 17, 6, 38, 36, 21, 28, 58, 32, 13, 30, 39, 27, 10, 14, 37, 56, 61, 48, 24, 41, 63, 42, 40, 43, 47, 50, 22, 49, 44, 52, 46, 33, 60, 64, 55, 57, 34, 54, 59, 53, 62 ]
];
edge1`UpstairsFilename := "64S20-8,4,4-g13-2874902521.m";
edge1`DownstairsTriple := [ PermutationGroup<32 |  
\[ 2, 3, 4, 5, 6, 7, 8, 9, 10, 11, 12, 13, 14, 15, 16, 17, 18, 19, 20, 21, 22, 23, 24, 25, 26, 27, 28, 29, 30, 31, 32, 1 ],
\[ 2, 1, 3, 4, 5, 6, 7, 8, 9, 10, 11, 12, 13, 14, 15, 16, 17, 18, 19, 20, 21, 22, 23, 24, 25, 26, 27, 28, 29, 30, 31, 32 ]:
 Order := 263130836933693530167218012160000000 > |
[ 2, 8, 4, 16, 10, 1, 24, 19, 7, 23, 14, 13, 31, 17, 3, 11, 32, 29, 5, 21, 22, 9, 6, 25, 28, 27, 30, 20, 26, 12, 18, 15 ],
[ 3, 9, 12, 6, 14, 21, 1, 16, 26, 28, 2, 7, 15, 29, 10, 31, 19, 4, 24, 5, 18, 23, 32, 30, 8, 11, 22, 13, 20, 17, 25, 27 ],
[ 4, 7, 13, 1, 17, 22, 2, 11, 27, 20, 8, 24, 3, 26, 23, 18, 5, 16, 25, 10, 29, 6, 15, 12, 19, 14, 9, 31, 21, 32, 28, 30 ]
];
edge1`DownstairsFilename := "32S11-8,4,2-g3-3185716309.m";
Append(~s`Edges, edge1);
edge2 := TwoEdgeInitialize();
edge2`Blocks := {@ PowerSet(IntegerRing()) |
{ IntegerRing() | 1, 5 },
{ IntegerRing() | 2, 12 },
{ IntegerRing() | 3, 18 },
{ IntegerRing() | 4, 24 },
{ IntegerRing() | 6, 22 },
{ IntegerRing() | 7, 11 },
{ IntegerRing() | 8, 15 },
{ IntegerRing() | 9, 29 },
{ IntegerRing() | 10, 41 },
{ IntegerRing() | 13, 38 },
{ IntegerRing() | 14, 39 },
{ IntegerRing() | 16, 47 },
{ IntegerRing() | 17, 58 },
{ IntegerRing() | 19, 56 },
{ IntegerRing() | 20, 54 },
{ IntegerRing() | 21, 49 },
{ IntegerRing() | 23, 50 },
{ IntegerRing() | 25, 57 },
{ IntegerRing() | 26, 61 },
{ IntegerRing() | 27, 62 },
{ IntegerRing() | 28, 63 },
{ IntegerRing() | 30, 42 },
{ IntegerRing() | 31, 44 },
{ IntegerRing() | 32, 45 },
{ IntegerRing() | 33, 46 },
{ IntegerRing() | 34, 37 },
{ IntegerRing() | 35, 52 },
{ IntegerRing() | 36, 53 },
{ IntegerRing() | 40, 55 },
{ IntegerRing() | 43, 60 },
{ IntegerRing() | 48, 59 },
{ IntegerRing() | 51, 64 }
@};
edge2`UpstairsTriple := [ PermutationGroup<64 |  
\[ 2, 3, 4, 5, 6, 7, 8, 9, 10, 11, 12, 13, 14, 15, 16, 17, 18, 19, 20, 21, 22, 23, 24, 25, 26, 27, 28, 29, 30, 31, 32, 33, 34, 35, 36, 37, 38, 39, 40, 41, 42, 43, 44, 45, 46, 47, 48, 49, 50, 51, 52, 53, 54, 55, 56, 57, 58, 59, 60, 61, 62, 63, 64, 1 ],
\[ 2, 1, 3, 4, 5, 6, 7, 8, 9, 10, 11, 12, 13, 14, 15, 16, 17, 18, 19, 20, 21, 22, 23, 24, 25, 26, 27, 28, 29, 30, 31, 32, 33, 34, 35, 36, 37, 38, 39, 40, 41, 42, 43, 44, 45, 46, 47, 48, 49, 50, 51, 52, 53, 54, 55, 56, 57, 58, 59, 60, 61, 62, 63, 64 ]:
 Order := 126886932185884164103433389335161480802865516174545192198801894375214704230400000000000000 > |
[ 12, 29, 8, 49, 2, 5, 44, 37, 6, 14, 31, 9, 57, 62, 34, 20, 40, 15, 18, 43, 13, 1, 32, 21, 24, 47, 30, 33, 22, 10, 63, 59, 11, 56, 23, 51, 19, 25, 27, 36, 39, 41, 26, 28, 48, 7, 54, 35, 38, 45, 58, 50, 64, 60, 53, 3, 4, 55, 52, 61, 16, 42, 46, 17 ],
[ 3, 10, 16, 22, 18, 27, 1, 35, 37, 20, 5, 41, 2, 50, 52, 7, 56, 47, 32, 13, 55, 62, 57, 6, 51, 4, 61, 9, 34, 59, 36, 46, 17, 60, 31, 8, 43, 12, 23, 30, 54, 48, 28, 53, 33, 58, 11, 21, 40, 25, 14, 44, 15, 38, 42, 45, 64, 19, 49, 63, 24, 26, 29, 39 ],
[ 4, 11, 17, 23, 24, 28, 32, 1, 38, 40, 45, 7, 48, 2, 5, 27, 57, 58, 9, 3, 61, 63, 8, 50, 54, 37, 64, 52, 13, 6, 47, 39, 43, 53, 42, 49, 36, 59, 12, 33, 55, 22, 10, 16, 14, 60, 62, 56, 26, 15, 31, 30, 21, 18, 46, 29, 20, 25, 19, 41, 34, 51, 35, 44 ]
];
edge2`UpstairsFilename := "64S20-8,4,4-g13-3008917040.m";
edge2`DownstairsTriple := [ PermutationGroup<32 |  
\[ 2, 3, 4, 5, 6, 7, 8, 9, 10, 11, 12, 13, 14, 15, 16, 17, 18, 19, 20, 21, 22, 23, 24, 25, 26, 27, 28, 29, 30, 31, 32, 1 ],
\[ 2, 1, 3, 4, 5, 6, 7, 8, 9, 10, 11, 12, 13, 14, 15, 16, 17, 18, 19, 20, 21, 22, 23, 24, 25, 26, 27, 28, 29, 30, 31, 32 ]:
 Order := 263130836933693530167218012160000000 > |
[ 6, 1, 8, 20, 2, 5, 26, 15, 11, 24, 22, 3, 16, 32, 12, 30, 4, 25, 17, 19, 13, 23, 9, 7, 31, 10, 18, 29, 14, 21, 27, 28 ],
[ 3, 9, 13, 2, 15, 22, 1, 27, 21, 5, 31, 25, 7, 12, 30, 19, 29, 17, 6, 32, 4, 16, 18, 14, 24, 28, 26, 8, 23, 10, 20, 11 ],
[ 4, 10, 14, 18, 19, 7, 25, 1, 29, 27, 2, 5, 9, 17, 28, 3, 16, 8, 31, 21, 15, 32, 6, 30, 23, 13, 11, 20, 26, 22, 12, 24 ]
];
edge2`DownstairsFilename := "32S2-4,4,4-g5-3984326407.m";
Append(~s`Edges, edge2);
edge3 := TwoEdgeInitialize();
edge3`Blocks := {@ PowerSet(IntegerRing()) |
{ IntegerRing() | 1, 5 },
{ IntegerRing() | 2, 12 },
{ IntegerRing() | 3, 18 },
{ IntegerRing() | 4, 24 },
{ IntegerRing() | 6, 22 },
{ IntegerRing() | 7, 11 },
{ IntegerRing() | 8, 15 },
{ IntegerRing() | 9, 38 },
{ IntegerRing() | 10, 42 },
{ IntegerRing() | 13, 19 },
{ IntegerRing() | 14, 40 },
{ IntegerRing() | 16, 47 },
{ IntegerRing() | 17, 57 },
{ IntegerRing() | 20, 54 },
{ IntegerRing() | 21, 48 },
{ IntegerRing() | 23, 50 },
{ IntegerRing() | 25, 56 },
{ IntegerRing() | 26, 61 },
{ IntegerRing() | 27, 31 },
{ IntegerRing() | 28, 62 },
{ IntegerRing() | 29, 58 },
{ IntegerRing() | 30, 43 },
{ IntegerRing() | 32, 45 },
{ IntegerRing() | 33, 46 },
{ IntegerRing() | 34, 37 },
{ IntegerRing() | 35, 52 },
{ IntegerRing() | 36, 53 },
{ IntegerRing() | 39, 60 },
{ IntegerRing() | 41, 59 },
{ IntegerRing() | 44, 55 },
{ IntegerRing() | 49, 64 },
{ IntegerRing() | 51, 63 }
@};
edge3`UpstairsTriple := [ PermutationGroup<64 |  
\[ 2, 3, 4, 5, 6, 7, 8, 9, 10, 11, 12, 13, 14, 15, 16, 17, 18, 19, 20, 21, 22, 23, 24, 25, 26, 27, 28, 29, 30, 31, 32, 33, 34, 35, 36, 37, 38, 39, 40, 41, 42, 43, 44, 45, 46, 47, 48, 49, 50, 51, 52, 53, 54, 55, 56, 57, 58, 59, 60, 61, 62, 63, 64, 1 ],
\[ 2, 1, 3, 4, 5, 6, 7, 8, 9, 10, 11, 12, 13, 14, 15, 16, 17, 18, 19, 20, 21, 22, 23, 24, 25, 26, 27, 28, 29, 30, 31, 32, 33, 34, 35, 36, 37, 38, 39, 40, 41, 42, 43, 44, 45, 46, 47, 48, 49, 50, 51, 52, 53, 54, 55, 56, 57, 58, 59, 60, 61, 62, 63, 64 ]:
 Order := 126886932185884164103433389335161480802865516174545192198801894375214704230400000000000000 > |
[ 12, 38, 8, 48, 2, 5, 27, 37, 52, 14, 31, 9, 3, 64, 34, 20, 44, 15, 18, 41, 13, 1, 32, 21, 24, 51, 30, 33, 22, 10, 43, 58, 11, 60, 23, 47, 39, 35, 25, 49, 26, 40, 42, 36, 29, 7, 54, 19, 28, 45, 57, 50, 16, 59, 53, 4, 55, 6, 61, 56, 63, 46, 17, 62 ],
[ 3, 10, 16, 22, 18, 27, 1, 35, 37, 17, 5, 42, 2, 50, 52, 7, 13, 47, 12, 60, 55, 31, 56, 6, 51, 4, 61, 58, 21, 9, 26, 46, 20, 59, 64, 8, 41, 34, 32, 23, 30, 57, 38, 28, 33, 54, 11, 44, 53, 25, 14, 49, 15, 39, 62, 63, 19, 48, 43, 45, 24, 29, 40, 36 ],
[ 4, 11, 17, 23, 24, 28, 32, 1, 19, 41, 45, 7, 29, 2, 5, 49, 56, 57, 58, 3, 61, 62, 8, 50, 54, 37, 16, 52, 60, 6, 47, 40, 44, 53, 43, 48, 36, 13, 9, 12, 33, 59, 22, 10, 14, 55, 64, 26, 63, 15, 31, 30, 21, 18, 42, 20, 25, 39, 46, 38, 34, 35, 27, 51 ]
];
edge3`UpstairsFilename := "64S20-8,4,4-g13-3857631845.m";
edge3`DownstairsTriple := [ PermutationGroup<32 |  
\[ 2, 3, 4, 5, 6, 7, 8, 9, 10, 11, 12, 13, 14, 15, 16, 17, 18, 19, 20, 21, 22, 23, 24, 25, 26, 27, 28, 29, 30, 31, 32, 1 ],
\[ 2, 1, 3, 4, 5, 6, 7, 8, 9, 10, 11, 12, 13, 14, 15, 16, 17, 18, 19, 20, 21, 22, 23, 24, 25, 26, 27, 28, 29, 30, 31, 32 ]:
 Order := 263130836933693530167218012160000000 > |
[ 12, 23, 8, 26, 2, 5, 31, 18, 6, 7, 21, 9, 16, 17, 29, 4, 30, 13, 1, 32, 24, 25, 19, 10, 11, 28, 14, 3, 27, 20, 22, 15 ],
[ 3, 10, 14, 19, 16, 21, 1, 6, 18, 17, 5, 25, 2, 7, 28, 32, 13, 30, 31, 4, 27, 9, 26, 23, 15, 29, 8, 12, 24, 22, 20, 11 ],
[ 4, 11, 15, 5, 8, 22, 2, 1, 28, 29, 12, 7, 9, 21, 16, 17, 3, 27, 24, 18, 32, 19, 13, 6, 30, 20, 26, 23, 25, 10, 14, 31 ]
];
edge3`DownstairsFilename := "32S11-8,4,4-g7-921523960.m";
Append(~s`Edges, edge3);

/*
Return for eval
*/

return s;
