s := TwoDBInitialize();

/*
Magma printing
*/

s`Name := "64S29-4,16,16-g21-3615433768";
s`Filename := "64S29-4,16,16-g21-3615433768.m";
s`Degree := 64;
s`Orders := \[ 4, 16, 16 ];
s`Geometry := "Hyperbolic";
s`Genus := 21;
s`Level := 6;
s`PermutationTriple := [ PermutationGroup<64 |  
\[ 2, 3, 4, 5, 6, 7, 8, 9, 10, 11, 12, 13, 14, 15, 16, 17, 18, 19, 20, 21, 22, 23, 24, 25, 26, 27, 28, 29, 30, 31, 32, 33, 34, 35, 36, 37, 38, 39, 40, 41, 42, 43, 44, 45, 46, 47, 48, 49, 50, 51, 52, 53, 54, 55, 56, 57, 58, 59, 60, 61, 62, 63, 64, 1 ],
\[ 2, 1, 3, 4, 5, 6, 7, 8, 9, 10, 11, 12, 13, 14, 15, 16, 17, 18, 19, 20, 21, 22, 23, 24, 25, 26, 27, 28, 29, 30, 31, 32, 33, 34, 35, 36, 37, 38, 39, 40, 41, 42, 43, 44, 45, 46, 47, 48, 49, 50, 51, 52, 53, 54, 55, 56, 57, 58, 59, 60, 61, 62, 63, 64 ]:
 Order := 126886932185884164103433389335161480802865516174545192198801894375214704230400000000000000 > |
[ 2, 9, 8, 19, 11, 1, 26, 29, 6, 13, 32, 22, 24, 18, 5, 10, 3, 33, 12, 27, 7, 4, 28, 16, 21, 25, 34, 35, 17, 31, 36, 15, 39, 45, 44, 38, 40, 30, 14, 51, 42, 52, 47, 23, 20, 48, 49, 54, 50, 43, 53, 57, 37, 55, 46, 58, 41, 61, 60, 62, 63, 64, 56, 59 ],
[ 3, 10, 14, 6, 16, 24, 1, 30, 29, 18, 8, 2, 31, 37, 17, 38, 36, 41, 5, 22, 15, 32, 4, 39, 9, 11, 21, 7, 33, 40, 42, 13, 51, 19, 12, 53, 56, 57, 52, 59, 58, 60, 45, 25, 26, 20, 44, 23, 27, 28, 61, 63, 62, 34, 35, 47, 64, 48, 49, 54, 50, 43, 55, 46 ],
[ 4, 7, 15, 20, 21, 25, 27, 1, 12, 5, 19, 34, 2, 24, 22, 6, 9, 3, 23, 43, 44, 35, 47, 32, 45, 28, 46, 48, 11, 16, 8, 26, 10, 49, 50, 13, 36, 17, 29, 14, 38, 18, 61, 55, 54, 63, 62, 64, 56, 59, 30, 31, 33, 58, 60, 52, 39, 37, 57, 40, 41, 42, 51, 53 ]
];
s`MonodromyGroup := PermutationGroup<64 |  
\[ 2, 9, 8, 19, 11, 1, 26, 29, 6, 13, 32, 22, 24, 18, 5, 10, 3, 33, 12, 27, 7, 4, 28, 16, 21, 25, 34, 35, 17, 31, 36, 15, 39, 45, 44, 38, 40, 30, 14, 51, 42, 52, 47, 23, 20, 48, 49, 54, 50, 43, 53, 57, 37, 55, 46, 58, 41, 61, 60, 62, 63, 64, 56, 59 ],
\[ 3, 10, 14, 6, 16, 24, 1, 30, 29, 18, 8, 2, 31, 37, 17, 38, 36, 41, 5, 22, 15, 32, 4, 39, 9, 11, 21, 7, 33, 40, 42, 13, 51, 19, 12, 53, 56, 57, 52, 59, 58, 60, 45, 25, 26, 20, 44, 23, 27, 28, 61, 63, 62, 34, 35, 47, 64, 48, 49, 54, 50, 43, 55, 46 ],
\[ 4, 7, 15, 20, 21, 25, 27, 1, 12, 5, 19, 34, 2, 24, 22, 6, 9, 3, 23, 43, 44, 35, 47, 32, 45, 28, 46, 48, 11, 16, 8, 26, 10, 49, 50, 13, 36, 17, 29, 14, 38, 18, 61, 55, 54, 63, 62, 64, 56, 59, 30, 31, 33, 58, 60, 52, 39, 37, 57, 40, 41, 42, 51, 53 ] >;

/*
Edge printing
*/

s`Edges := [];
edge1 := TwoEdgeInitialize();
edge1`Blocks := {@ PowerSet(IntegerRing()) |
{ IntegerRing() | 1, 5 },
{ IntegerRing() | 2, 11 },
{ IntegerRing() | 3, 16 },
{ IntegerRing() | 4, 21 },
{ IntegerRing() | 6, 15 },
{ IntegerRing() | 7, 19 },
{ IntegerRing() | 8, 10 },
{ IntegerRing() | 9, 32 },
{ IntegerRing() | 12, 26 },
{ IntegerRing() | 13, 29 },
{ IntegerRing() | 14, 38 },
{ IntegerRing() | 17, 24 },
{ IntegerRing() | 18, 30 },
{ IntegerRing() | 20, 44 },
{ IntegerRing() | 22, 25 },
{ IntegerRing() | 23, 27 },
{ IntegerRing() | 28, 34 },
{ IntegerRing() | 31, 33 },
{ IntegerRing() | 35, 45 },
{ IntegerRing() | 36, 39 },
{ IntegerRing() | 37, 57 },
{ IntegerRing() | 40, 41 },
{ IntegerRing() | 42, 51 },
{ IntegerRing() | 43, 55 },
{ IntegerRing() | 46, 47 },
{ IntegerRing() | 48, 49 },
{ IntegerRing() | 50, 54 },
{ IntegerRing() | 52, 53 },
{ IntegerRing() | 56, 64 },
{ IntegerRing() | 58, 59 },
{ IntegerRing() | 60, 61 },
{ IntegerRing() | 62, 63 }
@};
edge1`UpstairsTriple := [ PermutationGroup<64 |  
\[ 2, 3, 4, 5, 6, 7, 8, 9, 10, 11, 12, 13, 14, 15, 16, 17, 18, 19, 20, 21, 22, 23, 24, 25, 26, 27, 28, 29, 30, 31, 32, 33, 34, 35, 36, 37, 38, 39, 40, 41, 42, 43, 44, 45, 46, 47, 48, 49, 50, 51, 52, 53, 54, 55, 56, 57, 58, 59, 60, 61, 62, 63, 64, 1 ],
\[ 2, 1, 3, 4, 5, 6, 7, 8, 9, 10, 11, 12, 13, 14, 15, 16, 17, 18, 19, 20, 21, 22, 23, 24, 25, 26, 27, 28, 29, 30, 31, 32, 33, 34, 35, 36, 37, 38, 39, 40, 41, 42, 43, 44, 45, 46, 47, 48, 49, 50, 51, 52, 53, 54, 55, 56, 57, 58, 59, 60, 61, 62, 63, 64 ]:
 Order := 126886932185884164103433389335161480802865516174545192198801894375214704230400000000000000 > |
[ 2, 9, 8, 19, 11, 1, 26, 29, 6, 13, 32, 22, 24, 18, 5, 10, 3, 33, 12, 27, 7, 4, 28, 16, 21, 25, 34, 35, 17, 31, 36, 15, 39, 45, 44, 38, 40, 30, 14, 51, 42, 52, 47, 23, 20, 48, 49, 54, 50, 43, 53, 57, 37, 55, 46, 58, 41, 61, 60, 62, 63, 64, 56, 59 ],
[ 3, 10, 14, 6, 16, 24, 1, 30, 29, 18, 8, 2, 31, 37, 17, 38, 36, 41, 5, 22, 15, 32, 4, 39, 9, 11, 21, 7, 33, 40, 42, 13, 51, 19, 12, 53, 56, 57, 52, 59, 58, 60, 45, 25, 26, 20, 44, 23, 27, 28, 61, 63, 62, 34, 35, 47, 64, 48, 49, 54, 50, 43, 55, 46 ],
[ 4, 7, 15, 20, 21, 25, 27, 1, 12, 5, 19, 34, 2, 24, 22, 6, 9, 3, 23, 43, 44, 35, 47, 32, 45, 28, 46, 48, 11, 16, 8, 26, 10, 49, 50, 13, 36, 17, 29, 14, 38, 18, 61, 55, 54, 63, 62, 64, 56, 59, 30, 31, 33, 58, 60, 52, 39, 37, 57, 40, 41, 42, 51, 53 ]
];
edge1`UpstairsFilename := "64S29-4,16,16-g21-3615433768.m";
edge1`DownstairsTriple := [ PermutationGroup<32 |  
\[ 2, 3, 4, 5, 6, 7, 8, 9, 10, 11, 12, 13, 14, 15, 16, 17, 18, 19, 20, 21, 22, 23, 24, 25, 26, 27, 28, 29, 30, 31, 32, 1 ],
\[ 2, 1, 3, 4, 5, 6, 7, 8, 9, 10, 11, 12, 13, 14, 15, 16, 17, 18, 19, 20, 21, 22, 23, 24, 25, 26, 27, 28, 29, 30, 31, 32 ]:
 Order := 263130836933693530167218012160000000 > |
[ 10, 24, 22, 21, 2, 5, 25, 26, 20, 9, 31, 28, 29, 8, 14, 32, 27, 7, 18, 1, 11, 12, 30, 6, 19, 15, 16, 3, 23, 13, 4, 17 ],
[ 3, 8, 13, 6, 14, 15, 1, 16, 12, 22, 2, 23, 4, 27, 17, 7, 19, 20, 9, 28, 5, 29, 11, 26, 10, 32, 18, 30, 21, 31, 24, 25 ],
[ 18, 21, 20, 30, 4, 31, 27, 5, 25, 7, 29, 10, 28, 6, 24, 14, 26, 17, 32, 19, 13, 1, 22, 11, 16, 2, 15, 9, 3, 12, 23, 8 ]
];
edge1`DownstairsFilename := "32S16-4,16,16-g11-2704945340.m";
Append(~s`Edges, edge1);
edge2 := TwoEdgeInitialize();
edge2`Blocks := {@ PowerSet(IntegerRing()) |
{ IntegerRing() | 1, 5 },
{ IntegerRing() | 2, 6 },
{ IntegerRing() | 3, 15 },
{ IntegerRing() | 4, 19 },
{ IntegerRing() | 7, 10 },
{ IntegerRing() | 8, 12 },
{ IntegerRing() | 9, 22 },
{ IntegerRing() | 11, 23 },
{ IntegerRing() | 13, 39 },
{ IntegerRing() | 14, 29 },
{ IntegerRing() | 16, 31 },
{ IntegerRing() | 17, 20 },
{ IntegerRing() | 18, 45 },
{ IntegerRing() | 21, 43 },
{ IntegerRing() | 24, 26 },
{ IntegerRing() | 25, 33 },
{ IntegerRing() | 27, 34 },
{ IntegerRing() | 28, 37 },
{ IntegerRing() | 30, 35 },
{ IntegerRing() | 32, 36 },
{ IntegerRing() | 38, 51 },
{ IntegerRing() | 40, 56 },
{ IntegerRing() | 41, 52 },
{ IntegerRing() | 42, 53 },
{ IntegerRing() | 44, 49 },
{ IntegerRing() | 46, 54 },
{ IntegerRing() | 47, 50 },
{ IntegerRing() | 48, 55 },
{ IntegerRing() | 57, 61 },
{ IntegerRing() | 58, 63 },
{ IntegerRing() | 59, 62 },
{ IntegerRing() | 60, 64 }
@};
edge2`UpstairsTriple := [ PermutationGroup<64 |  
\[ 2, 3, 4, 5, 6, 7, 8, 9, 10, 11, 12, 13, 14, 15, 16, 17, 18, 19, 20, 21, 22, 23, 24, 25, 26, 27, 28, 29, 30, 31, 32, 33, 34, 35, 36, 37, 38, 39, 40, 41, 42, 43, 44, 45, 46, 47, 48, 49, 50, 51, 52, 53, 54, 55, 56, 57, 58, 59, 60, 61, 62, 63, 64, 1 ],
\[ 2, 1, 3, 4, 5, 6, 7, 8, 9, 10, 11, 12, 13, 14, 15, 16, 17, 18, 19, 20, 21, 22, 23, 24, 25, 26, 27, 28, 29, 30, 31, 32, 33, 34, 35, 36, 37, 38, 39, 40, 41, 42, 43, 44, 45, 46, 47, 48, 49, 50, 51, 52, 53, 54, 55, 56, 57, 58, 59, 60, 61, 62, 63, 64 ]:
 Order := 126886932185884164103433389335161480802865516174545192198801894375214704230400000000000000 > |
[ 6, 1, 8, 20, 2, 5, 26, 15, 11, 24, 22, 3, 16, 36, 12, 39, 4, 25, 17, 19, 27, 23, 9, 7, 45, 10, 43, 30, 32, 37, 13, 14, 18, 21, 28, 29, 35, 40, 31, 51, 42, 52, 34, 47, 33, 48, 49, 54, 50, 44, 56, 53, 41, 55, 46, 38, 58, 61, 60, 62, 63, 64, 57, 59 ],
[ 3, 9, 13, 2, 15, 22, 1, 28, 31, 5, 35, 37, 38, 12, 39, 41, 32, 17, 6, 36, 4, 16, 30, 14, 24, 29, 7, 40, 8, 42, 52, 23, 26, 10, 53, 11, 56, 57, 51, 59, 58, 60, 19, 33, 20, 18, 34, 21, 25, 27, 61, 63, 64, 45, 43, 62, 47, 48, 49, 54, 50, 44, 55, 46 ],
[ 4, 10, 14, 18, 19, 7, 25, 1, 32, 33, 2, 5, 9, 17, 29, 3, 43, 44, 45, 21, 47, 36, 6, 34, 46, 27, 48, 11, 20, 8, 15, 26, 54, 55, 12, 24, 23, 37, 22, 13, 35, 16, 50, 61, 49, 63, 62, 64, 57, 59, 28, 30, 31, 58, 60, 39, 52, 38, 53, 40, 41, 42, 51, 56 ]
];
edge2`UpstairsFilename := "64S29-4,16,16-g21-2300804908.m";
edge2`DownstairsTriple := [ PermutationGroup<32 |  
\[ 2, 3, 4, 5, 6, 7, 8, 9, 10, 11, 12, 13, 14, 15, 16, 17, 18, 19, 20, 21, 22, 23, 24, 25, 26, 27, 28, 29, 30, 31, 32, 1 ],
\[ 2, 1, 3, 4, 5, 6, 7, 8, 9, 10, 11, 12, 13, 14, 15, 16, 17, 18, 19, 20, 21, 22, 23, 24, 25, 26, 27, 28, 29, 30, 31, 32 ]:
 Order := 263130836933693530167218012160000000 > |
[ 2, 1, 7, 15, 9, 21, 3, 10, 5, 8, 14, 26, 20, 11, 4, 22, 31, 23, 29, 13, 6, 16, 18, 25, 24, 12, 28, 27, 19, 32, 17, 30 ],
[ 3, 8, 11, 2, 13, 1, 24, 14, 27, 25, 19, 7, 23, 17, 26, 15, 9, 4, 5, 22, 12, 21, 6, 29, 31, 10, 18, 16, 30, 20, 32, 28 ],
[ 4, 6, 12, 16, 17, 22, 1, 26, 19, 2, 8, 15, 30, 3, 18, 20, 25, 13, 24, 5, 23, 28, 27, 10, 7, 21, 32, 9, 11, 31, 14, 29 ]
];
edge2`DownstairsFilename := "32S5-2,8,8-g5-761536575.m";
Append(~s`Edges, edge2);
edge3 := TwoEdgeInitialize();
edge3`Blocks := {@ PowerSet(IntegerRing()) |
{ IntegerRing() | 1, 5 },
{ IntegerRing() | 2, 11 },
{ IntegerRing() | 3, 13 },
{ IntegerRing() | 4, 19 },
{ IntegerRing() | 6, 22 },
{ IntegerRing() | 7, 20 },
{ IntegerRing() | 8, 23 },
{ IntegerRing() | 9, 32 },
{ IntegerRing() | 10, 15 },
{ IntegerRing() | 12, 27 },
{ IntegerRing() | 14, 31 },
{ IntegerRing() | 16, 36 },
{ IntegerRing() | 17, 24 },
{ IntegerRing() | 18, 28 },
{ IntegerRing() | 21, 44 },
{ IntegerRing() | 25, 29 },
{ IntegerRing() | 26, 35 },
{ IntegerRing() | 30, 38 },
{ IntegerRing() | 33, 40 },
{ IntegerRing() | 34, 47 },
{ IntegerRing() | 37, 42 },
{ IntegerRing() | 39, 52 },
{ IntegerRing() | 41, 53 },
{ IntegerRing() | 43, 48 },
{ IntegerRing() | 45, 50 },
{ IntegerRing() | 46, 54 },
{ IntegerRing() | 49, 55 },
{ IntegerRing() | 51, 58 },
{ IntegerRing() | 56, 60 },
{ IntegerRing() | 57, 62 },
{ IntegerRing() | 59, 63 },
{ IntegerRing() | 61, 64 }
@};
edge3`UpstairsTriple := [ PermutationGroup<64 |  
\[ 2, 3, 4, 5, 6, 7, 8, 9, 10, 11, 12, 13, 14, 15, 16, 17, 18, 19, 20, 21, 22, 23, 24, 25, 26, 27, 28, 29, 30, 31, 32, 33, 34, 35, 36, 37, 38, 39, 40, 41, 42, 43, 44, 45, 46, 47, 48, 49, 50, 51, 52, 53, 54, 55, 56, 57, 58, 59, 60, 61, 62, 63, 64, 1 ],
\[ 2, 1, 3, 4, 5, 6, 7, 8, 9, 10, 11, 12, 13, 14, 15, 16, 17, 18, 19, 20, 21, 22, 23, 24, 25, 26, 27, 28, 29, 30, 31, 32, 33, 34, 35, 36, 37, 38, 39, 40, 41, 42, 43, 44, 45, 46, 47, 48, 49, 50, 51, 52, 53, 54, 55, 56, 57, 58, 59, 60, 61, 62, 63, 64 ]:
 Order := 126886932185884164103433389335161480802865516174545192198801894375214704230400000000000000 > |
[ 2, 9, 8, 17, 11, 1, 19, 29, 6, 13, 32, 20, 23, 16, 3, 33, 12, 26, 24, 4, 28, 5, 25, 27, 10, 34, 7, 35, 15, 31, 36, 22, 38, 44, 47, 40, 39, 14, 51, 30, 42, 52, 46, 18, 48, 49, 21, 54, 50, 43, 53, 58, 37, 55, 45, 57, 61, 41, 60, 62, 63, 64, 56, 59 ],
[ 3, 10, 14, 6, 13, 23, 1, 30, 29, 16, 15, 2, 31, 37, 36, 41, 32, 20, 22, 5, 4, 8, 38, 9, 40, 27, 11, 7, 33, 39, 42, 25, 51, 17, 12, 53, 56, 52, 59, 58, 57, 60, 44, 19, 18, 47, 24, 21, 26, 28, 61, 63, 62, 34, 35, 46, 48, 64, 49, 54, 50, 43, 55, 45 ],
[ 4, 7, 11, 18, 19, 24, 26, 1, 12, 32, 20, 34, 2, 23, 9, 3, 21, 43, 28, 35, 46, 17, 5, 44, 6, 45, 47, 48, 22, 25, 8, 27, 10, 49, 50, 13, 36, 29, 14, 15, 40, 16, 61, 54, 63, 62, 55, 64, 56, 59, 30, 31, 33, 57, 60, 52, 37, 38, 58, 39, 41, 42, 51, 53 ]
];
edge3`UpstairsFilename := "64S29-4,16,16-g21-4211371521.m";
edge3`DownstairsTriple := [ PermutationGroup<32 |  
\[ 2, 3, 4, 5, 6, 7, 8, 9, 10, 11, 12, 13, 14, 15, 16, 17, 18, 19, 20, 21, 22, 23, 24, 25, 26, 27, 28, 29, 30, 31, 32, 1 ],
\[ 2, 1, 3, 4, 5, 6, 7, 8, 9, 10, 11, 12, 13, 14, 15, 16, 17, 18, 19, 20, 21, 22, 23, 24, 25, 26, 27, 28, 29, 30, 31, 32 ]:
 Order := 263130836933693530167218012160000000 > |
[ 2, 5, 8, 14, 6, 1, 4, 12, 3, 7, 13, 9, 19, 10, 17, 15, 20, 11, 18, 16, 22, 28, 21, 26, 24, 27, 25, 23, 30, 32, 29, 31 ],
[ 3, 9, 11, 6, 12, 8, 1, 18, 13, 2, 21, 19, 23, 5, 7, 4, 10, 22, 28, 14, 29, 31, 30, 16, 15, 20, 17, 32, 26, 24, 27, 25 ],
[ 4, 7, 2, 15, 10, 14, 17, 1, 5, 20, 8, 6, 3, 16, 24, 26, 25, 12, 9, 27, 13, 11, 19, 32, 31, 30, 29, 18, 22, 21, 28, 23 ]
];
edge3`DownstairsFilename := "32S17-4,16,16-g11-389898867.m";
Append(~s`Edges, edge3);

/*
Return for eval
*/

return s;
