s := TwoDBInitialize();

/*
Magma printing
*/

s`Name := "64S23-4,4,4-g9-271798073";
s`Filename := "64S23-4,4,4-g9-271798073.m";
s`Degree := 64;
s`Orders := \[ 4, 4, 4 ];
s`Geometry := "Hyperbolic";
s`Genus := 9;
s`Level := 6;
s`PermutationTriple := [ PermutationGroup<64 |  
\[ 2, 3, 4, 5, 6, 7, 8, 9, 10, 11, 12, 13, 14, 15, 16, 17, 18, 19, 20, 21, 22, 23, 24, 25, 26, 27, 28, 29, 30, 31, 32, 33, 34, 35, 36, 37, 38, 39, 40, 41, 42, 43, 44, 45, 46, 47, 48, 49, 50, 51, 52, 53, 54, 55, 56, 57, 58, 59, 60, 61, 62, 63, 64, 1 ],
\[ 2, 1, 3, 4, 5, 6, 7, 8, 9, 10, 11, 12, 13, 14, 15, 16, 17, 18, 19, 20, 21, 22, 23, 24, 25, 26, 27, 28, 29, 30, 31, 32, 33, 34, 35, 36, 37, 38, 39, 40, 41, 42, 43, 44, 45, 46, 47, 48, 49, 50, 51, 52, 53, 54, 55, 56, 57, 58, 59, 60, 61, 62, 63, 64 ]:
 Order := 126886932185884164103433389335161480802865516174545192198801894375214704230400000000000000 > |
[ 12, 38, 8, 52, 2, 5, 46, 36, 22, 14, 30, 9, 25, 27, 33, 20, 61, 15, 18, 45, 13, 1, 47, 21, 24, 49, 29, 32, 10, 28, 51, 11, 19, 23, 63, 40, 50, 6, 48, 3, 53, 56, 41, 43, 62, 39, 64, 7, 58, 4, 55, 37, 44, 59, 57, 54, 31, 60, 42, 26, 35, 16, 17, 34 ],
[ 3, 10, 16, 22, 18, 27, 1, 34, 36, 20, 5, 43, 2, 23, 55, 7, 40, 49, 31, 13, 61, 53, 50, 6, 63, 4, 62, 38, 64, 35, 48, 17, 60, 30, 8, 45, 12, 33, 9, 47, 57, 29, 58, 51, 39, 56, 32, 59, 11, 54, 21, 42, 26, 14, 46, 15, 25, 37, 19, 28, 44, 24, 41, 52 ],
[ 4, 11, 17, 23, 24, 28, 31, 1, 37, 42, 47, 7, 51, 2, 5, 27, 25, 59, 38, 3, 62, 39, 8, 57, 20, 33, 54, 34, 6, 49, 41, 60, 56, 29, 21, 35, 64, 13, 55, 9, 12, 48, 61, 22, 10, 16, 14, 45, 53, 58, 19, 26, 63, 46, 44, 52, 15, 18, 50, 43, 32, 36, 30, 40 ]
];
s`MonodromyGroup := PermutationGroup<64 |  
\[ 12, 38, 8, 52, 2, 5, 46, 36, 22, 14, 30, 9, 25, 27, 33, 20, 61, 15, 18, 45, 13, 1, 47, 21, 24, 49, 29, 32, 10, 28, 51, 11, 19, 23, 63, 40, 50, 6, 48, 3, 53, 56, 41, 43, 62, 39, 64, 7, 58, 4, 55, 37, 44, 59, 57, 54, 31, 60, 42, 26, 35, 16, 17, 34 ],
\[ 3, 10, 16, 22, 18, 27, 1, 34, 36, 20, 5, 43, 2, 23, 55, 7, 40, 49, 31, 13, 61, 53, 50, 6, 63, 4, 62, 38, 64, 35, 48, 17, 60, 30, 8, 45, 12, 33, 9, 47, 57, 29, 58, 51, 39, 56, 32, 59, 11, 54, 21, 42, 26, 14, 46, 15, 25, 37, 19, 28, 44, 24, 41, 52 ],
\[ 4, 11, 17, 23, 24, 28, 31, 1, 37, 42, 47, 7, 51, 2, 5, 27, 25, 59, 38, 3, 62, 39, 8, 57, 20, 33, 54, 34, 6, 49, 41, 60, 56, 29, 21, 35, 64, 13, 55, 9, 12, 48, 61, 22, 10, 16, 14, 45, 53, 58, 19, 26, 63, 46, 44, 52, 15, 18, 50, 43, 32, 36, 30, 40 ] >;

/*
Edge printing
*/

s`Edges := [];
edge1 := TwoEdgeInitialize();
edge1`Blocks := {@ PowerSet(IntegerRing()) |
{ IntegerRing() | 1, 5 },
{ IntegerRing() | 2, 12 },
{ IntegerRing() | 3, 18 },
{ IntegerRing() | 4, 24 },
{ IntegerRing() | 6, 22 },
{ IntegerRing() | 7, 11 },
{ IntegerRing() | 8, 15 },
{ IntegerRing() | 9, 38 },
{ IntegerRing() | 10, 43 },
{ IntegerRing() | 13, 37 },
{ IntegerRing() | 14, 41 },
{ IntegerRing() | 16, 49 },
{ IntegerRing() | 17, 59 },
{ IntegerRing() | 19, 40 },
{ IntegerRing() | 20, 58 },
{ IntegerRing() | 21, 52 },
{ IntegerRing() | 23, 57 },
{ IntegerRing() | 25, 50 },
{ IntegerRing() | 26, 62 },
{ IntegerRing() | 27, 53 },
{ IntegerRing() | 28, 39 },
{ IntegerRing() | 29, 44 },
{ IntegerRing() | 30, 46 },
{ IntegerRing() | 31, 47 },
{ IntegerRing() | 32, 48 },
{ IntegerRing() | 33, 36 },
{ IntegerRing() | 34, 55 },
{ IntegerRing() | 35, 56 },
{ IntegerRing() | 42, 61 },
{ IntegerRing() | 45, 60 },
{ IntegerRing() | 51, 64 },
{ IntegerRing() | 54, 63 }
@};
edge1`UpstairsTriple := [ PermutationGroup<64 |  
\[ 2, 3, 4, 5, 6, 7, 8, 9, 10, 11, 12, 13, 14, 15, 16, 17, 18, 19, 20, 21, 22, 23, 24, 25, 26, 27, 28, 29, 30, 31, 32, 33, 34, 35, 36, 37, 38, 39, 40, 41, 42, 43, 44, 45, 46, 47, 48, 49, 50, 51, 52, 53, 54, 55, 56, 57, 58, 59, 60, 61, 62, 63, 64, 1 ],
\[ 2, 1, 3, 4, 5, 6, 7, 8, 9, 10, 11, 12, 13, 14, 15, 16, 17, 18, 19, 20, 21, 22, 23, 24, 25, 26, 27, 28, 29, 30, 31, 32, 33, 34, 35, 36, 37, 38, 39, 40, 41, 42, 43, 44, 45, 46, 47, 48, 49, 50, 51, 52, 53, 54, 55, 56, 57, 58, 59, 60, 61, 62, 63, 64 ]:
 Order := 126886932185884164103433389335161480802865516174545192198801894375214704230400000000000000 > |
[ 12, 38, 8, 52, 2, 5, 46, 36, 22, 14, 30, 9, 25, 27, 33, 20, 61, 15, 18, 45, 13, 1, 47, 21, 24, 49, 29, 32, 10, 28, 51, 11, 19, 23, 63, 40, 50, 6, 48, 3, 53, 56, 41, 43, 62, 39, 64, 7, 58, 4, 55, 37, 44, 59, 57, 54, 31, 60, 42, 26, 35, 16, 17, 34 ],
[ 3, 10, 16, 22, 18, 27, 1, 34, 36, 20, 5, 43, 2, 23, 55, 7, 40, 49, 31, 13, 61, 53, 50, 6, 63, 4, 62, 38, 64, 35, 48, 17, 60, 30, 8, 45, 12, 33, 9, 47, 57, 29, 58, 51, 39, 56, 32, 59, 11, 54, 21, 42, 26, 14, 46, 15, 25, 37, 19, 28, 44, 24, 41, 52 ],
[ 4, 11, 17, 23, 24, 28, 31, 1, 37, 42, 47, 7, 51, 2, 5, 27, 25, 59, 38, 3, 62, 39, 8, 57, 20, 33, 54, 34, 6, 49, 41, 60, 56, 29, 21, 35, 64, 13, 55, 9, 12, 48, 61, 22, 10, 16, 14, 45, 53, 58, 19, 26, 63, 46, 44, 52, 15, 18, 50, 43, 32, 36, 30, 40 ]
];
edge1`UpstairsFilename := "64S23-4,4,4-g9-271798073.m";
edge1`DownstairsTriple := [ PermutationGroup<32 |  
\[ 2, 3, 4, 5, 6, 7, 8, 9, 10, 11, 12, 13, 14, 15, 16, 17, 18, 19, 20, 21, 22, 23, 24, 25, 26, 27, 28, 29, 30, 31, 32, 1 ],
\[ 2, 1, 3, 4, 5, 6, 7, 8, 9, 10, 11, 12, 13, 14, 15, 16, 17, 18, 19, 20, 21, 22, 23, 24, 25, 26, 27, 28, 29, 30, 31, 32 ]:
 Order := 263130836933693530167218012160000000 > |
[ 6, 1, 8, 20, 2, 5, 26, 15, 11, 24, 22, 3, 16, 32, 12, 30, 4, 25, 17, 19, 13, 23, 9, 7, 31, 10, 18, 29, 14, 21, 27, 28 ],
[ 3, 9, 13, 2, 15, 22, 1, 27, 21, 5, 31, 25, 7, 12, 30, 19, 29, 17, 6, 32, 4, 16, 18, 14, 24, 28, 26, 8, 23, 10, 20, 11 ],
[ 4, 10, 14, 18, 19, 7, 25, 1, 29, 27, 2, 5, 9, 17, 28, 3, 16, 8, 31, 21, 15, 32, 6, 30, 23, 13, 11, 20, 26, 22, 12, 24 ]
];
edge1`DownstairsFilename := "32S2-4,4,4-g5-3984326407.m";
Append(~s`Edges, edge1);
edge2 := TwoEdgeInitialize();
edge2`Blocks := {@ PowerSet(IntegerRing()) |
{ IntegerRing() | 1, 5 },
{ IntegerRing() | 2, 11 },
{ IntegerRing() | 3, 16 },
{ IntegerRing() | 4, 21 },
{ IntegerRing() | 6, 24 },
{ IntegerRing() | 7, 25 },
{ IntegerRing() | 8, 26 },
{ IntegerRing() | 9, 36 },
{ IntegerRing() | 10, 39 },
{ IntegerRing() | 12, 41 },
{ IntegerRing() | 13, 42 },
{ IntegerRing() | 14, 40 },
{ IntegerRing() | 15, 48 },
{ IntegerRing() | 17, 50 },
{ IntegerRing() | 18, 23 },
{ IntegerRing() | 19, 47 },
{ IntegerRing() | 20, 55 },
{ IntegerRing() | 22, 57 },
{ IntegerRing() | 27, 53 },
{ IntegerRing() | 28, 61 },
{ IntegerRing() | 29, 56 },
{ IntegerRing() | 30, 49 },
{ IntegerRing() | 31, 34 },
{ IntegerRing() | 32, 62 },
{ IntegerRing() | 33, 63 },
{ IntegerRing() | 35, 59 },
{ IntegerRing() | 37, 46 },
{ IntegerRing() | 38, 58 },
{ IntegerRing() | 43, 44 },
{ IntegerRing() | 45, 54 },
{ IntegerRing() | 51, 64 },
{ IntegerRing() | 52, 60 }
@};
edge2`UpstairsTriple := [ PermutationGroup<64 |  
\[ 2, 3, 4, 5, 6, 7, 8, 9, 10, 11, 12, 13, 14, 15, 16, 17, 18, 19, 20, 21, 22, 23, 24, 25, 26, 27, 28, 29, 30, 31, 32, 33, 34, 35, 36, 37, 38, 39, 40, 41, 42, 43, 44, 45, 46, 47, 48, 49, 50, 51, 52, 53, 54, 55, 56, 57, 58, 59, 60, 61, 62, 63, 64, 1 ],
\[ 2, 1, 3, 4, 5, 6, 7, 8, 9, 10, 11, 12, 13, 14, 15, 16, 17, 18, 19, 20, 21, 22, 23, 24, 25, 26, 27, 28, 29, 30, 31, 32, 33, 34, 35, 36, 37, 38, 39, 40, 41, 42, 43, 44, 45, 46, 47, 48, 49, 50, 51, 52, 53, 54, 55, 56, 57, 58, 59, 60, 61, 62, 63, 64 ]:
 Order := 126886932185884164103433389335161480802865516174545192198801894375214704230400000000000000 > |
[ 2, 9, 8, 19, 11, 1, 30, 33, 6, 13, 36, 22, 27, 18, 38, 26, 3, 52, 12, 51, 47, 4, 60, 5, 49, 63, 29, 32, 10, 28, 55, 7, 17, 20, 45, 24, 40, 35, 42, 23, 57, 53, 34, 31, 15, 14, 41, 58, 61, 16, 43, 46, 56, 48, 64, 39, 21, 59, 54, 37, 62, 25, 50, 44 ],
[ 3, 10, 14, 6, 16, 27, 1, 34, 33, 37, 39, 2, 44, 7, 17, 40, 51, 21, 54, 22, 24, 58, 4, 53, 5, 31, 23, 9, 55, 48, 32, 59, 52, 62, 8, 63, 12, 29, 46, 25, 11, 43, 19, 47, 13, 41, 45, 50, 15, 64, 49, 28, 18, 42, 57, 20, 38, 56, 26, 61, 36, 35, 60, 30 ],
[ 4, 7, 15, 20, 21, 28, 31, 1, 12, 38, 25, 43, 2, 39, 47, 48, 9, 3, 23, 8, 55, 37, 16, 61, 34, 5, 45, 64, 6, 14, 13, 52, 35, 42, 57, 41, 63, 49, 58, 10, 44, 11, 17, 50, 62, 33, 18, 19, 40, 36, 56, 53, 54, 32, 26, 24, 46, 30, 22, 27, 51, 60, 59, 29 ]
];
edge2`UpstairsFilename := "64S23-4,4,4-g9-1313551867.m";
edge2`DownstairsTriple := [ PermutationGroup<32 |  
\[ 2, 3, 4, 5, 6, 7, 8, 9, 10, 11, 12, 13, 14, 15, 16, 17, 18, 19, 20, 21, 22, 23, 24, 25, 26, 27, 28, 29, 30, 31, 32, 1 ],
\[ 2, 1, 3, 4, 5, 6, 7, 8, 9, 10, 11, 12, 13, 14, 15, 16, 17, 18, 19, 20, 21, 22, 23, 24, 25, 26, 27, 28, 29, 30, 31, 32 ]:
 Order := 263130836933693530167218012160000000 > |
[ 6, 1, 8, 20, 2, 5, 25, 15, 11, 23, 21, 3, 16, 30, 12, 28, 4, 29, 17, 19, 22, 9, 7, 18, 10, 27, 14, 32, 31, 26, 24, 13 ],
[ 3, 9, 13, 2, 15, 21, 1, 24, 16, 5, 18, 29, 7, 12, 28, 4, 30, 17, 6, 27, 32, 31, 26, 23, 14, 8, 22, 10, 25, 11, 20, 19 ],
[ 4, 10, 14, 18, 19, 7, 24, 1, 27, 29, 2, 5, 21, 20, 26, 3, 32, 8, 31, 16, 30, 6, 28, 22, 13, 17, 23, 9, 11, 25, 12, 15 ]
];
edge2`DownstairsFilename := "32S6-4,4,4-g5-95305702.m";
Append(~s`Edges, edge2);
edge3 := TwoEdgeInitialize();
edge3`Blocks := {@ PowerSet(IntegerRing()) |
{ IntegerRing() | 1, 5 },
{ IntegerRing() | 2, 6 },
{ IntegerRing() | 3, 14 },
{ IntegerRing() | 4, 10 },
{ IntegerRing() | 7, 21 },
{ IntegerRing() | 8, 15 },
{ IntegerRing() | 9, 22 },
{ IntegerRing() | 11, 23 },
{ IntegerRing() | 12, 36 },
{ IntegerRing() | 13, 28 },
{ IntegerRing() | 16, 37 },
{ IntegerRing() | 17, 19 },
{ IntegerRing() | 18, 32 },
{ IntegerRing() | 20, 29 },
{ IntegerRing() | 24, 26 },
{ IntegerRing() | 25, 50 },
{ IntegerRing() | 27, 40 },
{ IntegerRing() | 30, 34 },
{ IntegerRing() | 31, 48 },
{ IntegerRing() | 33, 51 },
{ IntegerRing() | 35, 42 },
{ IntegerRing() | 38, 56 },
{ IntegerRing() | 39, 53 },
{ IntegerRing() | 41, 59 },
{ IntegerRing() | 43, 46 },
{ IntegerRing() | 44, 47 },
{ IntegerRing() | 45, 54 },
{ IntegerRing() | 49, 57 },
{ IntegerRing() | 52, 58 },
{ IntegerRing() | 55, 61 },
{ IntegerRing() | 60, 62 },
{ IntegerRing() | 63, 64 }
@};
edge3`UpstairsTriple := [ PermutationGroup<64 |  
\[ 2, 3, 4, 5, 6, 7, 8, 9, 10, 11, 12, 13, 14, 15, 16, 17, 18, 19, 20, 21, 22, 23, 24, 25, 26, 27, 28, 29, 30, 31, 32, 33, 34, 35, 36, 37, 38, 39, 40, 41, 42, 43, 44, 45, 46, 47, 48, 49, 50, 51, 52, 53, 54, 55, 56, 57, 58, 59, 60, 61, 62, 63, 64, 1 ],
\[ 2, 1, 3, 4, 5, 6, 7, 8, 9, 10, 11, 12, 13, 14, 15, 16, 17, 18, 19, 20, 21, 22, 23, 24, 25, 26, 27, 28, 29, 30, 31, 32, 33, 34, 35, 36, 37, 38, 39, 40, 41, 42, 43, 44, 45, 46, 47, 48, 49, 50, 51, 52, 53, 54, 55, 56, 57, 58, 59, 60, 61, 62, 63, 64 ]:
 Order := 126886932185884164103433389335161480802865516174545192198801894375214704230400000000000000 > |
[ 2, 5, 8, 17, 6, 1, 24, 14, 11, 19, 22, 16, 30, 15, 3, 36, 10, 40, 4, 48, 26, 23, 9, 21, 51, 7, 18, 34, 31, 28, 20, 27, 25, 13, 54, 37, 12, 59, 61, 32, 38, 45, 44, 46, 35, 47, 43, 29, 52, 33, 50, 57, 55, 42, 39, 41, 58, 49, 56, 64, 53, 63, 60, 62 ],
[ 3, 9, 12, 6, 14, 22, 1, 27, 29, 2, 33, 7, 15, 36, 40, 41, 43, 19, 46, 4, 5, 20, 51, 44, 26, 47, 53, 8, 10, 23, 55, 17, 38, 11, 37, 21, 59, 34, 13, 39, 62, 16, 54, 58, 18, 45, 52, 61, 31, 24, 56, 25, 28, 32, 63, 30, 48, 50, 60, 35, 64, 42, 49, 57 ],
[ 4, 7, 13, 18, 10, 21, 25, 1, 30, 32, 2, 35, 38, 28, 5, 3, 20, 8, 29, 49, 50, 34, 6, 12, 11, 36, 54, 56, 57, 39, 9, 15, 58, 53, 46, 42, 14, 16, 31, 45, 51, 43, 26, 17, 62, 24, 19, 22, 44, 23, 52, 63, 48, 60, 27, 37, 47, 64, 33, 55, 40, 61, 41, 59 ]
];
edge3`UpstairsFilename := "64S23-4,4,4-g9-632881871.m";
edge3`DownstairsTriple := [ PermutationGroup<32 |  
\[ 2, 3, 4, 5, 6, 7, 8, 9, 10, 11, 12, 13, 14, 15, 16, 17, 18, 19, 20, 21, 22, 23, 24, 25, 26, 27, 28, 29, 30, 31, 32, 1 ],
\[ 2, 1, 3, 4, 5, 6, 7, 8, 9, 10, 11, 12, 13, 14, 15, 16, 17, 18, 19, 20, 21, 22, 23, 24, 25, 26, 27, 28, 29, 30, 31, 32 ]:
 Order := 263130836933693530167218012160000000 > |
[ 2, 1, 7, 15, 9, 21, 3, 10, 5, 8, 14, 24, 20, 11, 4, 23, 29, 26, 31, 13, 6, 28, 16, 12, 27, 18, 25, 22, 17, 32, 19, 30 ],
[ 3, 8, 11, 2, 13, 1, 23, 18, 25, 28, 6, 7, 26, 17, 32, 15, 9, 4, 5, 22, 30, 21, 31, 10, 14, 19, 16, 29, 24, 20, 12, 27 ],
[ 4, 6, 12, 16, 17, 22, 1, 24, 19, 2, 25, 29, 30, 3, 18, 7, 28, 13, 23, 5, 11, 10, 27, 31, 32, 8, 9, 20, 14, 15, 26, 21 ]
];
edge3`DownstairsFilename := "32S6-2,4,4-g1-2396187220.m";
Append(~s`Edges, edge3);

/*
Return for eval
*/

return s;
