s := TwoDBInitialize();

/*
Magma printing
*/

s`Name := "64S27-4,16,16-g21-476450746";
s`Filename := "64S27-4,16,16-g21-476450746.m";
s`Degree := 64;
s`Orders := \[ 4, 16, 16 ];
s`Geometry := "Hyperbolic";
s`Genus := 21;
s`Level := 6;
s`PermutationTriple := [ PermutationGroup<64 |  
\[ 2, 3, 4, 5, 6, 7, 8, 9, 10, 11, 12, 13, 14, 15, 16, 17, 18, 19, 20, 21, 22, 23, 24, 25, 26, 27, 28, 29, 30, 31, 32, 33, 34, 35, 36, 37, 38, 39, 40, 41, 42, 43, 44, 45, 46, 47, 48, 49, 50, 51, 52, 53, 54, 55, 56, 57, 58, 59, 60, 61, 62, 63, 64, 1 ],
\[ 2, 1, 3, 4, 5, 6, 7, 8, 9, 10, 11, 12, 13, 14, 15, 16, 17, 18, 19, 20, 21, 22, 23, 24, 25, 26, 27, 28, 29, 30, 31, 32, 33, 34, 35, 36, 37, 38, 39, 40, 41, 42, 43, 44, 45, 46, 47, 48, 49, 50, 51, 52, 53, 54, 55, 56, 57, 58, 59, 60, 61, 62, 63, 64 ]:
 Order := 126886932185884164103433389335161480802865516174545192198801894375214704230400000000000000 > |
[ 6, 1, 8, 20, 2, 5, 26, 15, 11, 24, 22, 3, 16, 36, 12, 39, 4, 25, 17, 19, 27, 23, 9, 7, 45, 10, 43, 30, 32, 37, 13, 14, 18, 21, 28, 29, 35, 40, 31, 51, 42, 52, 34, 47, 33, 48, 49, 54, 50, 44, 56, 53, 41, 55, 46, 38, 58, 61, 60, 62, 64, 63, 59, 57 ],
[ 3, 9, 13, 2, 15, 22, 1, 28, 31, 5, 35, 37, 38, 12, 39, 41, 32, 17, 6, 36, 4, 16, 30, 14, 24, 29, 7, 40, 8, 42, 52, 23, 26, 10, 53, 11, 56, 57, 51, 59, 58, 60, 19, 33, 20, 18, 34, 21, 25, 27, 61, 64, 63, 45, 43, 62, 54, 44, 55, 47, 46, 48, 50, 49 ],
[ 4, 10, 14, 18, 19, 7, 25, 1, 32, 33, 2, 5, 9, 17, 29, 3, 43, 44, 45, 21, 47, 36, 6, 34, 46, 27, 48, 11, 20, 8, 15, 26, 54, 55, 12, 24, 23, 37, 22, 13, 35, 16, 50, 63, 49, 59, 58, 61, 60, 64, 28, 30, 31, 62, 57, 39, 52, 38, 53, 40, 41, 42, 56, 51 ]
];
s`MonodromyGroup := PermutationGroup<64 |  
\[ 6, 1, 8, 20, 2, 5, 26, 15, 11, 24, 22, 3, 16, 36, 12, 39, 4, 25, 17, 19, 27, 23, 9, 7, 45, 10, 43, 30, 32, 37, 13, 14, 18, 21, 28, 29, 35, 40, 31, 51, 42, 52, 34, 47, 33, 48, 49, 54, 50, 44, 56, 53, 41, 55, 46, 38, 58, 61, 60, 62, 64, 63, 59, 57 ],
\[ 3, 9, 13, 2, 15, 22, 1, 28, 31, 5, 35, 37, 38, 12, 39, 41, 32, 17, 6, 36, 4, 16, 30, 14, 24, 29, 7, 40, 8, 42, 52, 23, 26, 10, 53, 11, 56, 57, 51, 59, 58, 60, 19, 33, 20, 18, 34, 21, 25, 27, 61, 64, 63, 45, 43, 62, 54, 44, 55, 47, 46, 48, 50, 49 ],
\[ 4, 10, 14, 18, 19, 7, 25, 1, 32, 33, 2, 5, 9, 17, 29, 3, 43, 44, 45, 21, 47, 36, 6, 34, 46, 27, 48, 11, 20, 8, 15, 26, 54, 55, 12, 24, 23, 37, 22, 13, 35, 16, 50, 63, 49, 59, 58, 61, 60, 64, 28, 30, 31, 62, 57, 39, 52, 38, 53, 40, 41, 42, 56, 51 ] >;

/*
Edge printing
*/

s`Edges := [];
edge1 := TwoEdgeInitialize();
edge1`Blocks := {@ PowerSet(IntegerRing()) |
{ IntegerRing() | 1, 5 },
{ IntegerRing() | 2, 6 },
{ IntegerRing() | 3, 15 },
{ IntegerRing() | 4, 19 },
{ IntegerRing() | 7, 10 },
{ IntegerRing() | 8, 12 },
{ IntegerRing() | 9, 22 },
{ IntegerRing() | 11, 23 },
{ IntegerRing() | 13, 39 },
{ IntegerRing() | 14, 29 },
{ IntegerRing() | 16, 31 },
{ IntegerRing() | 17, 20 },
{ IntegerRing() | 18, 45 },
{ IntegerRing() | 21, 43 },
{ IntegerRing() | 24, 26 },
{ IntegerRing() | 25, 33 },
{ IntegerRing() | 27, 34 },
{ IntegerRing() | 28, 37 },
{ IntegerRing() | 30, 35 },
{ IntegerRing() | 32, 36 },
{ IntegerRing() | 38, 51 },
{ IntegerRing() | 40, 56 },
{ IntegerRing() | 41, 52 },
{ IntegerRing() | 42, 53 },
{ IntegerRing() | 44, 49 },
{ IntegerRing() | 46, 54 },
{ IntegerRing() | 47, 50 },
{ IntegerRing() | 48, 55 },
{ IntegerRing() | 57, 61 },
{ IntegerRing() | 58, 64 },
{ IntegerRing() | 59, 62 },
{ IntegerRing() | 60, 63 }
@};
edge1`UpstairsTriple := [ PermutationGroup<64 |  
\[ 2, 3, 4, 5, 6, 7, 8, 9, 10, 11, 12, 13, 14, 15, 16, 17, 18, 19, 20, 21, 22, 23, 24, 25, 26, 27, 28, 29, 30, 31, 32, 33, 34, 35, 36, 37, 38, 39, 40, 41, 42, 43, 44, 45, 46, 47, 48, 49, 50, 51, 52, 53, 54, 55, 56, 57, 58, 59, 60, 61, 62, 63, 64, 1 ],
\[ 2, 1, 3, 4, 5, 6, 7, 8, 9, 10, 11, 12, 13, 14, 15, 16, 17, 18, 19, 20, 21, 22, 23, 24, 25, 26, 27, 28, 29, 30, 31, 32, 33, 34, 35, 36, 37, 38, 39, 40, 41, 42, 43, 44, 45, 46, 47, 48, 49, 50, 51, 52, 53, 54, 55, 56, 57, 58, 59, 60, 61, 62, 63, 64 ]:
 Order := 126886932185884164103433389335161480802865516174545192198801894375214704230400000000000000 > |
[ 6, 1, 8, 20, 2, 5, 26, 15, 11, 24, 22, 3, 16, 36, 12, 39, 4, 25, 17, 19, 27, 23, 9, 7, 45, 10, 43, 30, 32, 37, 13, 14, 18, 21, 28, 29, 35, 40, 31, 51, 42, 52, 34, 47, 33, 48, 49, 54, 50, 44, 56, 53, 41, 55, 46, 38, 58, 61, 60, 62, 64, 63, 59, 57 ],
[ 3, 9, 13, 2, 15, 22, 1, 28, 31, 5, 35, 37, 38, 12, 39, 41, 32, 17, 6, 36, 4, 16, 30, 14, 24, 29, 7, 40, 8, 42, 52, 23, 26, 10, 53, 11, 56, 57, 51, 59, 58, 60, 19, 33, 20, 18, 34, 21, 25, 27, 61, 64, 63, 45, 43, 62, 54, 44, 55, 47, 46, 48, 50, 49 ],
[ 4, 10, 14, 18, 19, 7, 25, 1, 32, 33, 2, 5, 9, 17, 29, 3, 43, 44, 45, 21, 47, 36, 6, 34, 46, 27, 48, 11, 20, 8, 15, 26, 54, 55, 12, 24, 23, 37, 22, 13, 35, 16, 50, 63, 49, 59, 58, 61, 60, 64, 28, 30, 31, 62, 57, 39, 52, 38, 53, 40, 41, 42, 56, 51 ]
];
edge1`UpstairsFilename := "64S27-4,16,16-g21-476450746.m";
edge1`DownstairsTriple := [ PermutationGroup<32 |  
\[ 2, 3, 4, 5, 6, 7, 8, 9, 10, 11, 12, 13, 14, 15, 16, 17, 18, 19, 20, 21, 22, 23, 24, 25, 26, 27, 28, 29, 30, 31, 32, 1 ],
\[ 2, 1, 3, 4, 5, 6, 7, 8, 9, 10, 11, 12, 13, 14, 15, 16, 17, 18, 19, 20, 21, 22, 23, 24, 25, 26, 27, 28, 29, 30, 31, 32 ]:
 Order := 263130836933693530167218012160000000 > |
[ 9, 5, 7, 8, 2, 10, 3, 4, 1, 6, 13, 14, 11, 12, 17, 18, 15, 16, 20, 19, 22, 21, 24, 23, 27, 28, 25, 26, 30, 29, 32, 31 ],
[ 3, 7, 12, 9, 13, 1, 19, 5, 11, 2, 14, 21, 20, 23, 8, 4, 10, 6, 22, 24, 29, 31, 30, 32, 17, 15, 18, 16, 26, 25, 28, 27 ],
[ 4, 8, 2, 15, 10, 17, 1, 16, 6, 18, 5, 11, 9, 3, 25, 27, 26, 28, 13, 7, 19, 12, 20, 14, 32, 31, 30, 29, 23, 21, 24, 22 ]
];
edge1`DownstairsFilename := "32S17-2,16,16-g7-2066410613.m";
Append(~s`Edges, edge1);
edge2 := TwoEdgeInitialize();
edge2`Blocks := {@ PowerSet(IntegerRing()) |
{ IntegerRing() | 1, 5 },
{ IntegerRing() | 2, 11 },
{ IntegerRing() | 3, 16 },
{ IntegerRing() | 4, 21 },
{ IntegerRing() | 6, 15 },
{ IntegerRing() | 7, 19 },
{ IntegerRing() | 8, 10 },
{ IntegerRing() | 9, 32 },
{ IntegerRing() | 12, 26 },
{ IntegerRing() | 13, 29 },
{ IntegerRing() | 14, 38 },
{ IntegerRing() | 17, 24 },
{ IntegerRing() | 18, 30 },
{ IntegerRing() | 20, 44 },
{ IntegerRing() | 22, 25 },
{ IntegerRing() | 23, 27 },
{ IntegerRing() | 28, 34 },
{ IntegerRing() | 31, 33 },
{ IntegerRing() | 35, 45 },
{ IntegerRing() | 36, 39 },
{ IntegerRing() | 37, 57 },
{ IntegerRing() | 40, 41 },
{ IntegerRing() | 42, 51 },
{ IntegerRing() | 43, 55 },
{ IntegerRing() | 46, 47 },
{ IntegerRing() | 48, 49 },
{ IntegerRing() | 50, 54 },
{ IntegerRing() | 52, 53 },
{ IntegerRing() | 56, 63 },
{ IntegerRing() | 58, 59 },
{ IntegerRing() | 60, 61 },
{ IntegerRing() | 62, 64 }
@};
edge2`UpstairsTriple := [ PermutationGroup<64 |  
\[ 2, 3, 4, 5, 6, 7, 8, 9, 10, 11, 12, 13, 14, 15, 16, 17, 18, 19, 20, 21, 22, 23, 24, 25, 26, 27, 28, 29, 30, 31, 32, 33, 34, 35, 36, 37, 38, 39, 40, 41, 42, 43, 44, 45, 46, 47, 48, 49, 50, 51, 52, 53, 54, 55, 56, 57, 58, 59, 60, 61, 62, 63, 64, 1 ],
\[ 2, 1, 3, 4, 5, 6, 7, 8, 9, 10, 11, 12, 13, 14, 15, 16, 17, 18, 19, 20, 21, 22, 23, 24, 25, 26, 27, 28, 29, 30, 31, 32, 33, 34, 35, 36, 37, 38, 39, 40, 41, 42, 43, 44, 45, 46, 47, 48, 49, 50, 51, 52, 53, 54, 55, 56, 57, 58, 59, 60, 61, 62, 63, 64 ]:
 Order := 126886932185884164103433389335161480802865516174545192198801894375214704230400000000000000 > |
[ 2, 9, 8, 19, 11, 1, 26, 29, 6, 13, 32, 22, 24, 18, 5, 10, 3, 33, 12, 27, 7, 4, 28, 16, 21, 25, 34, 35, 17, 31, 36, 15, 39, 45, 44, 38, 40, 30, 14, 51, 42, 52, 47, 23, 20, 48, 49, 54, 50, 43, 53, 57, 37, 55, 46, 58, 41, 61, 60, 62, 64, 63, 59, 56 ],
[ 3, 10, 14, 6, 16, 24, 1, 30, 29, 18, 8, 2, 31, 37, 17, 38, 36, 41, 5, 22, 15, 32, 4, 39, 9, 11, 21, 7, 33, 40, 42, 13, 51, 19, 12, 53, 56, 57, 52, 59, 58, 60, 45, 25, 26, 20, 44, 23, 27, 28, 61, 64, 62, 34, 35, 54, 63, 43, 55, 47, 46, 48, 50, 49 ],
[ 4, 7, 15, 20, 21, 25, 27, 1, 12, 5, 19, 34, 2, 24, 22, 6, 9, 3, 23, 43, 44, 35, 47, 32, 45, 28, 46, 48, 11, 16, 8, 26, 10, 49, 50, 13, 36, 17, 29, 14, 38, 18, 63, 55, 54, 59, 58, 61, 60, 64, 30, 31, 33, 62, 56, 52, 39, 37, 57, 40, 41, 42, 53, 51 ]
];
edge2`UpstairsFilename := "64S27-4,16,16-g21-4146271545.m";
edge2`DownstairsTriple := [ PermutationGroup<32 |  
\[ 2, 3, 4, 5, 6, 7, 8, 9, 10, 11, 12, 13, 14, 15, 16, 17, 18, 19, 20, 21, 22, 23, 24, 25, 26, 27, 28, 29, 30, 31, 32, 1 ],
\[ 2, 1, 3, 4, 5, 6, 7, 8, 9, 10, 11, 12, 13, 14, 15, 16, 17, 18, 19, 20, 21, 22, 23, 24, 25, 26, 27, 28, 29, 30, 31, 32 ]:
 Order := 263130836933693530167218012160000000 > |
[ 2, 9, 8, 7, 10, 1, 11, 12, 6, 26, 19, 15, 16, 23, 3, 25, 20, 22, 4, 24, 5, 27, 28, 29, 30, 21, 32, 31, 17, 13, 14, 18 ],
[ 3, 8, 13, 6, 14, 15, 1, 16, 12, 23, 2, 25, 22, 24, 30, 27, 19, 21, 9, 4, 31, 5, 29, 7, 32, 28, 10, 17, 11, 18, 20, 26 ],
[ 4, 7, 6, 17, 18, 19, 20, 1, 11, 22, 24, 2, 15, 21, 9, 3, 23, 25, 29, 28, 32, 30, 5, 31, 8, 27, 13, 10, 14, 12, 26, 16 ]
];
edge2`DownstairsFilename := "32S3-4,8,8-g9-1204351020.m";
Append(~s`Edges, edge2);
edge3 := TwoEdgeInitialize();
edge3`Blocks := {@ PowerSet(IntegerRing()) |
{ IntegerRing() | 1, 5 },
{ IntegerRing() | 2, 12 },
{ IntegerRing() | 3, 16 },
{ IntegerRing() | 4, 22 },
{ IntegerRing() | 6, 20 },
{ IntegerRing() | 7, 11 },
{ IntegerRing() | 8, 14 },
{ IntegerRing() | 9, 32 },
{ IntegerRing() | 10, 17 },
{ IntegerRing() | 13, 27 },
{ IntegerRing() | 15, 31 },
{ IntegerRing() | 18, 33 },
{ IntegerRing() | 19, 24 },
{ IntegerRing() | 21, 28 },
{ IntegerRing() | 23, 43 },
{ IntegerRing() | 25, 29 },
{ IntegerRing() | 26, 35 },
{ IntegerRing() | 30, 37 },
{ IntegerRing() | 34, 40 },
{ IntegerRing() | 36, 47 },
{ IntegerRing() | 38, 42 },
{ IntegerRing() | 39, 52 },
{ IntegerRing() | 41, 53 },
{ IntegerRing() | 44, 48 },
{ IntegerRing() | 45, 50 },
{ IntegerRing() | 46, 62 },
{ IntegerRing() | 49, 55 },
{ IntegerRing() | 51, 54 },
{ IntegerRing() | 56, 59 },
{ IntegerRing() | 57, 61 },
{ IntegerRing() | 58, 64 },
{ IntegerRing() | 60, 63 }
@};
edge3`UpstairsTriple := [ PermutationGroup<64 |  
\[ 2, 3, 4, 5, 6, 7, 8, 9, 10, 11, 12, 13, 14, 15, 16, 17, 18, 19, 20, 21, 22, 23, 24, 25, 26, 27, 28, 29, 30, 31, 32, 33, 34, 35, 36, 37, 38, 39, 40, 41, 42, 43, 44, 45, 46, 47, 48, 49, 50, 51, 52, 53, 54, 55, 56, 57, 58, 59, 60, 61, 62, 63, 64, 1 ],
\[ 2, 1, 3, 4, 5, 6, 7, 8, 9, 10, 11, 12, 13, 14, 15, 16, 17, 18, 19, 20, 21, 22, 23, 24, 25, 26, 27, 28, 29, 30, 31, 32, 33, 34, 35, 36, 37, 38, 39, 40, 41, 42, 43, 44, 45, 46, 47, 48, 49, 50, 51, 52, 53, 54, 55, 56, 57, 58, 59, 60, 61, 62, 63, 64 ]:
 Order := 126886932185884164103433389335161480802865516174545192198801894375214704230400000000000000 > |
[ 12, 32, 8, 24, 2, 5, 22, 25, 20, 3, 4, 9, 7, 29, 18, 14, 16, 40, 13, 1, 26, 19, 28, 27, 10, 47, 11, 35, 17, 31, 33, 6, 34, 30, 36, 23, 15, 39, 51, 37, 42, 52, 21, 46, 48, 49, 43, 62, 50, 44, 53, 54, 38, 41, 45, 57, 60, 59, 61, 64, 63, 55, 58, 56 ],
[ 3, 10, 15, 20, 16, 8, 1, 30, 25, 33, 5, 17, 2, 37, 38, 31, 18, 41, 9, 14, 11, 6, 4, 32, 40, 13, 12, 7, 34, 39, 42, 29, 53, 54, 27, 19, 52, 56, 58, 51, 57, 59, 22, 43, 21, 36, 24, 23, 26, 28, 60, 64, 61, 63, 35, 62, 44, 55, 46, 45, 48, 47, 50, 49 ],
[ 4, 11, 2, 21, 22, 24, 26, 1, 27, 9, 35, 7, 36, 5, 14, 12, 32, 3, 43, 19, 44, 28, 46, 23, 6, 45, 47, 48, 20, 29, 8, 13, 16, 10, 50, 55, 25, 33, 15, 17, 34, 18, 62, 63, 58, 57, 49, 60, 59, 64, 30, 31, 40, 37, 56, 52, 38, 54, 39, 41, 42, 61, 53, 51 ]
];
edge3`UpstairsFilename := "64S27-4,16,16-g21-2074451146.m";
edge3`DownstairsTriple := [ PermutationGroup<32 |  
\[ 2, 3, 4, 5, 6, 7, 8, 9, 10, 11, 12, 13, 14, 15, 16, 17, 18, 19, 20, 21, 22, 23, 24, 25, 26, 27, 28, 29, 30, 31, 32, 1 ],
\[ 2, 1, 3, 4, 5, 6, 7, 8, 9, 10, 11, 12, 13, 14, 15, 16, 17, 18, 19, 20, 21, 22, 23, 24, 25, 26, 27, 28, 29, 30, 31, 32 ]:
 Order := 263130836933693530167218012160000000 > |
[ 2, 5, 8, 14, 6, 1, 4, 12, 3, 7, 13, 9, 19, 10, 17, 15, 20, 11, 18, 16, 22, 28, 21, 26, 24, 27, 25, 23, 30, 32, 29, 31 ],
[ 3, 9, 11, 6, 12, 8, 1, 18, 13, 2, 21, 19, 23, 5, 7, 4, 10, 22, 28, 14, 29, 31, 30, 16, 15, 20, 17, 32, 26, 24, 27, 25 ],
[ 4, 7, 2, 15, 10, 14, 17, 1, 5, 20, 8, 6, 3, 16, 24, 26, 25, 12, 9, 27, 13, 11, 19, 32, 31, 30, 29, 18, 22, 21, 28, 23 ]
];
edge3`DownstairsFilename := "32S17-4,16,16-g11-389898867.m";
Append(~s`Edges, edge3);

/*
Return for eval
*/

return s;
