s := TwoDBInitialize();

/*
Magma printing
*/

s`Name := "64S24-8,4,8-g17-2799223419";
s`Filename := "64S24-8,4,8-g17-2799223419.m";
s`Degree := 64;
s`Orders := \[ 8, 4, 8 ];
s`Geometry := "Hyperbolic";
s`Genus := 17;
s`Level := 6;
s`PermutationTriple := [ PermutationGroup<64 |  
\[ 2, 3, 4, 5, 6, 7, 8, 9, 10, 11, 12, 13, 14, 15, 16, 17, 18, 19, 20, 21, 22, 23, 24, 25, 26, 27, 28, 29, 30, 31, 32, 33, 34, 35, 36, 37, 38, 39, 40, 41, 42, 43, 44, 45, 46, 47, 48, 49, 50, 51, 52, 53, 54, 55, 56, 57, 58, 59, 60, 61, 62, 63, 64, 1 ],
\[ 2, 1, 3, 4, 5, 6, 7, 8, 9, 10, 11, 12, 13, 14, 15, 16, 17, 18, 19, 20, 21, 22, 23, 24, 25, 26, 27, 28, 29, 30, 31, 32, 33, 34, 35, 36, 37, 38, 39, 40, 41, 42, 43, 44, 45, 46, 47, 48, 49, 50, 51, 52, 53, 54, 55, 56, 57, 58, 59, 60, 61, 62, 63, 64 ]:
 Order := 126886932185884164103433389335161480802865516174545192198801894375214704230400000000000000 > |
[ 2, 9, 8, 19, 11, 1, 31, 34, 24, 13, 29, 22, 27, 18, 51, 26, 3, 43, 44, 49, 47, 4, 14, 5, 63, 38, 30, 64, 6, 41, 28, 57, 7, 55, 37, 54, 32, 17, 33, 36, 45, 10, 60, 52, 62, 35, 12, 53, 46, 56, 58, 21, 40, 15, 16, 61, 59, 48, 20, 50, 23, 42, 39, 25 ],
[ 3, 10, 14, 6, 16, 27, 1, 35, 38, 18, 41, 2, 20, 7, 17, 50, 32, 12, 51, 22, 24, 48, 4, 62, 5, 59, 23, 29, 34, 57, 36, 33, 15, 61, 31, 8, 52, 43, 9, 42, 56, 46, 39, 11, 37, 47, 40, 13, 64, 25, 30, 54, 55, 45, 49, 44, 19, 26, 63, 21, 28, 60, 58, 53 ],
[ 4, 7, 15, 20, 21, 28, 32, 1, 12, 40, 25, 46, 2, 27, 52, 53, 9, 3, 23, 26, 37, 18, 34, 39, 49, 5, 48, 35, 44, 6, 14, 45, 43, 36, 42, 47, 8, 58, 59, 64, 51, 24, 10, 57, 11, 55, 60, 63, 13, 62, 33, 56, 22, 31, 29, 16, 17, 19, 30, 38, 41, 54, 50, 61 ]
];
s`MonodromyGroup := PermutationGroup<64 |  
\[ 2, 9, 8, 19, 11, 1, 31, 34, 24, 13, 29, 22, 27, 18, 51, 26, 3, 43, 44, 49, 47, 4, 14, 5, 63, 38, 30, 64, 6, 41, 28, 57, 7, 55, 37, 54, 32, 17, 33, 36, 45, 10, 60, 52, 62, 35, 12, 53, 46, 56, 58, 21, 40, 15, 16, 61, 59, 48, 20, 50, 23, 42, 39, 25 ],
\[ 3, 10, 14, 6, 16, 27, 1, 35, 38, 18, 41, 2, 20, 7, 17, 50, 32, 12, 51, 22, 24, 48, 4, 62, 5, 59, 23, 29, 34, 57, 36, 33, 15, 61, 31, 8, 52, 43, 9, 42, 56, 46, 39, 11, 37, 47, 40, 13, 64, 25, 30, 54, 55, 45, 49, 44, 19, 26, 63, 21, 28, 60, 58, 53 ],
\[ 4, 7, 15, 20, 21, 28, 32, 1, 12, 40, 25, 46, 2, 27, 52, 53, 9, 3, 23, 26, 37, 18, 34, 39, 49, 5, 48, 35, 44, 6, 14, 45, 43, 36, 42, 47, 8, 58, 59, 64, 51, 24, 10, 57, 11, 55, 60, 63, 13, 62, 33, 56, 22, 31, 29, 16, 17, 19, 30, 38, 41, 54, 50, 61 ] >;

/*
Edge printing
*/

s`Edges := [];
edge1 := TwoEdgeInitialize();
edge1`Blocks := {@ PowerSet(IntegerRing()) |
{ IntegerRing() | 1, 5 },
{ IntegerRing() | 2, 11 },
{ IntegerRing() | 3, 16 },
{ IntegerRing() | 4, 21 },
{ IntegerRing() | 6, 24 },
{ IntegerRing() | 7, 25 },
{ IntegerRing() | 8, 26 },
{ IntegerRing() | 9, 29 },
{ IntegerRing() | 10, 41 },
{ IntegerRing() | 12, 44 },
{ IntegerRing() | 13, 45 },
{ IntegerRing() | 14, 50 },
{ IntegerRing() | 15, 53 },
{ IntegerRing() | 17, 55 },
{ IntegerRing() | 18, 56 },
{ IntegerRing() | 19, 47 },
{ IntegerRing() | 20, 37 },
{ IntegerRing() | 22, 52 },
{ IntegerRing() | 23, 60 },
{ IntegerRing() | 27, 62 },
{ IntegerRing() | 28, 39 },
{ IntegerRing() | 30, 42 },
{ IntegerRing() | 31, 63 },
{ IntegerRing() | 32, 49 },
{ IntegerRing() | 33, 64 },
{ IntegerRing() | 34, 38 },
{ IntegerRing() | 35, 59 },
{ IntegerRing() | 36, 58 },
{ IntegerRing() | 40, 51 },
{ IntegerRing() | 43, 61 },
{ IntegerRing() | 46, 57 },
{ IntegerRing() | 48, 54 }
@};
edge1`UpstairsTriple := [ PermutationGroup<64 |  
\[ 2, 3, 4, 5, 6, 7, 8, 9, 10, 11, 12, 13, 14, 15, 16, 17, 18, 19, 20, 21, 22, 23, 24, 25, 26, 27, 28, 29, 30, 31, 32, 33, 34, 35, 36, 37, 38, 39, 40, 41, 42, 43, 44, 45, 46, 47, 48, 49, 50, 51, 52, 53, 54, 55, 56, 57, 58, 59, 60, 61, 62, 63, 64, 1 ],
\[ 2, 1, 3, 4, 5, 6, 7, 8, 9, 10, 11, 12, 13, 14, 15, 16, 17, 18, 19, 20, 21, 22, 23, 24, 25, 26, 27, 28, 29, 30, 31, 32, 33, 34, 35, 36, 37, 38, 39, 40, 41, 42, 43, 44, 45, 46, 47, 48, 49, 50, 51, 52, 53, 54, 55, 56, 57, 58, 59, 60, 61, 62, 63, 64 ]:
 Order := 126886932185884164103433389335161480802865516174545192198801894375214704230400000000000000 > |
[ 2, 9, 8, 19, 11, 1, 31, 34, 24, 13, 29, 22, 27, 18, 51, 26, 3, 43, 44, 49, 47, 4, 14, 5, 63, 38, 30, 64, 6, 41, 28, 57, 7, 55, 37, 54, 32, 17, 33, 36, 45, 10, 60, 52, 62, 35, 12, 53, 46, 56, 58, 21, 40, 15, 16, 61, 59, 48, 20, 50, 23, 42, 39, 25 ],
[ 3, 10, 14, 6, 16, 27, 1, 35, 38, 18, 41, 2, 20, 7, 17, 50, 32, 12, 51, 22, 24, 48, 4, 62, 5, 59, 23, 29, 34, 57, 36, 33, 15, 61, 31, 8, 52, 43, 9, 42, 56, 46, 39, 11, 37, 47, 40, 13, 64, 25, 30, 54, 55, 45, 49, 44, 19, 26, 63, 21, 28, 60, 58, 53 ],
[ 4, 7, 15, 20, 21, 28, 32, 1, 12, 40, 25, 46, 2, 27, 52, 53, 9, 3, 23, 26, 37, 18, 34, 39, 49, 5, 48, 35, 44, 6, 14, 45, 43, 36, 42, 47, 8, 58, 59, 64, 51, 24, 10, 57, 11, 55, 60, 63, 13, 62, 33, 56, 22, 31, 29, 16, 17, 19, 30, 38, 41, 54, 50, 61 ]
];
edge1`UpstairsFilename := "64S24-8,4,8-g17-2799223419.m";
edge1`DownstairsTriple := [ PermutationGroup<32 |  
\[ 2, 3, 4, 5, 6, 7, 8, 9, 10, 11, 12, 13, 14, 15, 16, 17, 18, 19, 20, 21, 22, 23, 24, 25, 26, 27, 28, 29, 30, 31, 32, 1 ],
\[ 2, 1, 3, 4, 5, 6, 7, 8, 9, 10, 11, 12, 13, 14, 15, 16, 17, 18, 19, 20, 21, 22, 23, 24, 25, 26, 27, 28, 29, 30, 31, 32 ]:
 Order := 263130836933693530167218012160000000 > |
[ 6, 1, 8, 20, 2, 5, 26, 15, 11, 24, 22, 3, 16, 32, 12, 30, 4, 25, 17, 19, 13, 23, 9, 7, 31, 10, 18, 29, 14, 21, 27, 28 ],
[ 3, 9, 13, 2, 15, 22, 1, 27, 21, 5, 31, 25, 7, 12, 30, 19, 29, 17, 6, 32, 4, 16, 18, 14, 24, 28, 26, 8, 23, 10, 20, 11 ],
[ 4, 10, 14, 18, 19, 7, 25, 1, 29, 27, 2, 5, 9, 17, 28, 3, 16, 8, 31, 21, 15, 32, 6, 30, 23, 13, 11, 20, 26, 22, 12, 24 ]
];
edge1`DownstairsFilename := "32S2-4,4,4-g5-3984326407.m";
Append(~s`Edges, edge1);
edge2 := TwoEdgeInitialize();
edge2`Blocks := {@ PowerSet(IntegerRing()) |
{ IntegerRing() | 1, 5 },
{ IntegerRing() | 2, 12 },
{ IntegerRing() | 3, 18 },
{ IntegerRing() | 4, 24 },
{ IntegerRing() | 6, 22 },
{ IntegerRing() | 7, 11 },
{ IntegerRing() | 8, 15 },
{ IntegerRing() | 9, 39 },
{ IntegerRing() | 10, 44 },
{ IntegerRing() | 13, 38 },
{ IntegerRing() | 14, 41 },
{ IntegerRing() | 16, 48 },
{ IntegerRing() | 17, 59 },
{ IntegerRing() | 19, 40 },
{ IntegerRing() | 20, 42 },
{ IntegerRing() | 21, 61 },
{ IntegerRing() | 23, 52 },
{ IntegerRing() | 25, 49 },
{ IntegerRing() | 26, 57 },
{ IntegerRing() | 27, 51 },
{ IntegerRing() | 28, 62 },
{ IntegerRing() | 29, 63 },
{ IntegerRing() | 30, 64 },
{ IntegerRing() | 31, 45 },
{ IntegerRing() | 32, 46 },
{ IntegerRing() | 33, 47 },
{ IntegerRing() | 34, 53 },
{ IntegerRing() | 35, 54 },
{ IntegerRing() | 36, 55 },
{ IntegerRing() | 37, 56 },
{ IntegerRing() | 43, 60 },
{ IntegerRing() | 50, 58 }
@};
edge2`UpstairsTriple := [ PermutationGroup<64 |  
\[ 2, 3, 4, 5, 6, 7, 8, 9, 10, 11, 12, 13, 14, 15, 16, 17, 18, 19, 20, 21, 22, 23, 24, 25, 26, 27, 28, 29, 30, 31, 32, 33, 34, 35, 36, 37, 38, 39, 40, 41, 42, 43, 44, 45, 46, 47, 48, 49, 50, 51, 52, 53, 54, 55, 56, 57, 58, 59, 60, 61, 62, 63, 64, 1 ],
\[ 2, 1, 3, 4, 5, 6, 7, 8, 9, 10, 11, 12, 13, 14, 15, 16, 17, 18, 19, 20, 21, 22, 23, 24, 25, 26, 27, 28, 29, 30, 31, 32, 33, 34, 35, 36, 37, 38, 39, 40, 41, 42, 43, 44, 45, 46, 47, 48, 49, 50, 51, 52, 53, 54, 55, 56, 57, 58, 59, 60, 61, 62, 63, 64 ]:
 Order := 126886932185884164103433389335161480802865516174545192198801894375214704230400000000000000 > |
[ 12, 39, 8, 61, 2, 5, 45, 53, 57, 14, 31, 9, 25, 27, 34, 20, 50, 15, 18, 63, 44, 1, 59, 21, 24, 16, 30, 40, 22, 38, 28, 43, 11, 47, 37, 52, 32, 49, 26, 3, 51, 29, 55, 41, 62, 60, 7, 42, 4, 54, 64, 17, 33, 56, 23, 46, 48, 35, 58, 36, 10, 19, 6, 13 ],
[ 3, 10, 16, 22, 18, 27, 1, 35, 28, 42, 5, 44, 2, 52, 54, 7, 40, 48, 46, 38, 58, 51, 49, 6, 37, 4, 57, 63, 53, 60, 55, 47, 59, 9, 45, 8, 14, 12, 62, 32, 23, 13, 61, 20, 36, 33, 17, 11, 56, 64, 26, 25, 39, 31, 15, 41, 24, 30, 19, 21, 50, 29, 34, 43 ],
[ 4, 11, 17, 23, 24, 28, 32, 1, 38, 43, 46, 7, 50, 2, 5, 51, 14, 59, 39, 3, 57, 62, 31, 52, 42, 53, 37, 54, 10, 6, 48, 25, 29, 55, 21, 30, 8, 58, 13, 9, 12, 18, 40, 60, 16, 49, 63, 27, 20, 47, 56, 45, 36, 61, 64, 15, 34, 33, 41, 19, 26, 35, 44, 22 ]
];
edge2`UpstairsFilename := "64S24-8,4,8-g17-2820217471.m";
edge2`DownstairsTriple := [ PermutationGroup<32 |  
\[ 2, 3, 4, 5, 6, 7, 8, 9, 10, 11, 12, 13, 14, 15, 16, 17, 18, 19, 20, 21, 22, 23, 24, 25, 26, 27, 28, 29, 30, 31, 32, 1 ],
\[ 2, 1, 3, 4, 5, 6, 7, 8, 9, 10, 11, 12, 13, 14, 15, 16, 17, 18, 19, 20, 21, 22, 23, 24, 25, 26, 27, 28, 29, 30, 31, 32 ]:
 Order := 263130836933693530167218012160000000 > |
[ 11, 23, 8, 24, 2, 5, 14, 22, 6, 13, 9, 21, 4, 27, 31, 7, 10, 1, 15, 17, 20, 16, 18, 12, 32, 3, 26, 30, 19, 25, 28, 29 ],
[ 3, 10, 5, 18, 7, 4, 1, 28, 27, 11, 12, 2, 30, 29, 26, 15, 32, 20, 13, 6, 19, 9, 22, 31, 16, 25, 23, 14, 8, 21, 17, 24 ],
[ 4, 3, 15, 19, 20, 22, 25, 1, 10, 31, 7, 32, 2, 5, 21, 23, 18, 27, 14, 30, 11, 29, 12, 6, 13, 9, 28, 24, 17, 8, 16, 26 ]
];
edge2`DownstairsFilename := "32S8-8,4,8-g9-440941202.m";
Append(~s`Edges, edge2);
edge3 := TwoEdgeInitialize();
edge3`Blocks := {@ PowerSet(IntegerRing()) |
{ IntegerRing() | 1, 5 },
{ IntegerRing() | 2, 11 },
{ IntegerRing() | 3, 7 },
{ IntegerRing() | 4, 20 },
{ IntegerRing() | 6, 18 },
{ IntegerRing() | 8, 14 },
{ IntegerRing() | 9, 33 },
{ IntegerRing() | 10, 12 },
{ IntegerRing() | 13, 21 },
{ IntegerRing() | 15, 25 },
{ IntegerRing() | 16, 26 },
{ IntegerRing() | 17, 24 },
{ IntegerRing() | 19, 39 },
{ IntegerRing() | 22, 27 },
{ IntegerRing() | 23, 47 },
{ IntegerRing() | 28, 29 },
{ IntegerRing() | 30, 41 },
{ IntegerRing() | 31, 58 },
{ IntegerRing() | 32, 34 },
{ IntegerRing() | 35, 37 },
{ IntegerRing() | 36, 38 },
{ IntegerRing() | 40, 50 },
{ IntegerRing() | 42, 44 },
{ IntegerRing() | 43, 55 },
{ IntegerRing() | 45, 54 },
{ IntegerRing() | 46, 49 },
{ IntegerRing() | 48, 60 },
{ IntegerRing() | 51, 53 },
{ IntegerRing() | 52, 62 },
{ IntegerRing() | 56, 59 },
{ IntegerRing() | 57, 64 },
{ IntegerRing() | 61, 63 }
@};
edge3`UpstairsTriple := [ PermutationGroup<64 |  
\[ 2, 3, 4, 5, 6, 7, 8, 9, 10, 11, 12, 13, 14, 15, 16, 17, 18, 19, 20, 21, 22, 23, 24, 25, 26, 27, 28, 29, 30, 31, 32, 33, 34, 35, 36, 37, 38, 39, 40, 41, 42, 43, 44, 45, 46, 47, 48, 49, 50, 51, 52, 53, 54, 55, 56, 57, 58, 59, 60, 61, 62, 63, 64, 1 ],
\[ 2, 1, 3, 4, 5, 6, 7, 8, 9, 10, 11, 12, 13, 14, 15, 16, 17, 18, 19, 20, 21, 22, 23, 24, 25, 26, 27, 28, 29, 30, 31, 32, 33, 34, 35, 36, 37, 38, 39, 40, 41, 42, 43, 44, 45, 46, 47, 48, 49, 50, 51, 52, 53, 54, 55, 56, 57, 58, 59, 60, 61, 62, 63, 64 ]:
 Order := 126886932185884164103433389335161480802865516174545192198801894375214704230400000000000000 > |
[ 11, 33, 8, 24, 2, 5, 14, 22, 58, 13, 9, 21, 4, 27, 44, 7, 54, 1, 50, 17, 20, 53, 18, 45, 42, 3, 51, 30, 41, 25, 64, 26, 31, 16, 28, 12, 29, 10, 40, 37, 15, 46, 56, 49, 43, 19, 6, 32, 39, 35, 63, 47, 61, 55, 59, 38, 62, 57, 36, 34, 48, 23, 60, 52 ],
[ 3, 10, 5, 18, 7, 4, 1, 28, 32, 11, 12, 2, 39, 29, 26, 15, 42, 20, 13, 6, 19, 47, 22, 44, 16, 25, 23, 14, 8, 43, 56, 33, 34, 9, 38, 35, 36, 37, 21, 53, 55, 24, 41, 17, 62, 60, 27, 46, 48, 51, 40, 45, 50, 52, 30, 58, 61, 59, 31, 49, 64, 54, 57, 63 ],
[ 4, 3, 15, 19, 20, 22, 25, 1, 10, 35, 7, 37, 2, 5, 43, 33, 18, 27, 48, 39, 11, 29, 45, 6, 55, 9, 28, 36, 38, 8, 32, 49, 12, 46, 53, 58, 51, 31, 60, 13, 14, 26, 52, 16, 42, 17, 54, 57, 24, 21, 47, 61, 23, 44, 62, 30, 56, 34, 41, 64, 40, 63, 50, 59 ]
];
edge3`UpstairsFilename := "64S24-8,4,8-g17-3257193406.m";
edge3`DownstairsTriple := [ PermutationGroup<32 |  
\[ 2, 3, 4, 5, 6, 7, 8, 9, 10, 11, 12, 13, 14, 15, 16, 17, 18, 19, 20, 21, 22, 23, 24, 25, 26, 27, 28, 29, 30, 31, 32, 1 ],
\[ 2, 1, 3, 4, 5, 6, 7, 8, 9, 10, 11, 12, 13, 14, 15, 16, 17, 18, 19, 20, 21, 22, 23, 24, 25, 26, 27, 28, 29, 30, 31, 32 ]:
 Order := 263130836933693530167218012160000000 > |
[ 2, 8, 7, 15, 10, 1, 20, 18, 11, 21, 4, 30, 19, 3, 26, 29, 27, 5, 24, 31, 6, 23, 12, 14, 22, 28, 9, 17, 25, 32, 13, 16 ],
[ 3, 9, 1, 6, 13, 4, 22, 24, 2, 26, 16, 14, 5, 12, 30, 11, 18, 17, 32, 21, 20, 7, 28, 8, 27, 10, 25, 23, 31, 15, 29, 19 ],
[ 4, 3, 12, 16, 17, 20, 1, 9, 25, 13, 2, 28, 29, 8, 6, 19, 23, 24, 5, 22, 26, 27, 7, 32, 31, 30, 18, 10, 11, 14, 21, 15 ]
];
edge3`DownstairsFilename := "32S7-8,2,8-g5-2224065150.m";
Append(~s`Edges, edge3);

/*
Return for eval
*/

return s;
