s := TwoDBInitialize();

/*
Magma printing
*/

s`Name := "64S29-16,16,4-g21-592112810";
s`Filename := "64S29-16,16,4-g21-592112810.m";
s`Degree := 64;
s`Orders := \[ 16, 16, 4 ];
s`Geometry := "Hyperbolic";
s`Genus := 21;
s`Level := 6;
s`PermutationTriple := [ PermutationGroup<64 |  
\[ 2, 3, 4, 5, 6, 7, 8, 9, 10, 11, 12, 13, 14, 15, 16, 17, 18, 19, 20, 21, 22, 23, 24, 25, 26, 27, 28, 29, 30, 31, 32, 33, 34, 35, 36, 37, 38, 39, 40, 41, 42, 43, 44, 45, 46, 47, 48, 49, 50, 51, 52, 53, 54, 55, 56, 57, 58, 59, 60, 61, 62, 63, 64, 1 ],
\[ 2, 1, 3, 4, 5, 6, 7, 8, 9, 10, 11, 12, 13, 14, 15, 16, 17, 18, 19, 20, 21, 22, 23, 24, 25, 26, 27, 28, 29, 30, 31, 32, 33, 34, 35, 36, 37, 38, 39, 40, 41, 42, 43, 44, 45, 46, 47, 48, 49, 50, 51, 52, 53, 54, 55, 56, 57, 58, 59, 60, 61, 62, 63, 64 ]:
 Order := 126886932185884164103433389335161480802865516174545192198801894375214704230400000000000000 > |
[ 2, 9, 8, 19, 11, 1, 27, 30, 32, 13, 33, 37, 40, 18, 5, 10, 3, 36, 12, 28, 7, 4, 29, 16, 21, 6, 34, 38, 39, 35, 20, 53, 54, 57, 52, 23, 55, 51, 58, 56, 44, 31, 14, 25, 15, 42, 17, 22, 24, 26, 59, 62, 46, 63, 47, 60, 49, 64, 50, 41, 48, 61, 43, 45 ],
[ 3, 10, 14, 6, 16, 24, 1, 31, 30, 18, 8, 2, 20, 41, 17, 42, 46, 48, 5, 22, 15, 45, 4, 43, 26, 47, 11, 21, 7, 36, 44, 40, 13, 9, 28, 25, 33, 19, 12, 23, 59, 61, 62, 64, 49, 60, 63, 50, 53, 57, 27, 29, 52, 35, 32, 38, 54, 34, 37, 39, 58, 51, 56, 55 ],
[ 4, 7, 15, 20, 21, 25, 28, 1, 12, 5, 19, 38, 2, 24, 22, 6, 26, 3, 23, 8, 36, 18, 30, 45, 31, 48, 29, 13, 40, 11, 16, 34, 27, 51, 9, 10, 39, 35, 52, 33, 46, 17, 47, 14, 44, 49, 64, 42, 50, 41, 56, 54, 55, 37, 59, 32, 58, 60, 62, 63, 43, 53, 57, 61 ]
];
s`MonodromyGroup := PermutationGroup<64 |  
\[ 2, 9, 8, 19, 11, 1, 27, 30, 32, 13, 33, 37, 40, 18, 5, 10, 3, 36, 12, 28, 7, 4, 29, 16, 21, 6, 34, 38, 39, 35, 20, 53, 54, 57, 52, 23, 55, 51, 58, 56, 44, 31, 14, 25, 15, 42, 17, 22, 24, 26, 59, 62, 46, 63, 47, 60, 49, 64, 50, 41, 48, 61, 43, 45 ],
\[ 3, 10, 14, 6, 16, 24, 1, 31, 30, 18, 8, 2, 20, 41, 17, 42, 46, 48, 5, 22, 15, 45, 4, 43, 26, 47, 11, 21, 7, 36, 44, 40, 13, 9, 28, 25, 33, 19, 12, 23, 59, 61, 62, 64, 49, 60, 63, 50, 53, 57, 27, 29, 52, 35, 32, 38, 54, 34, 37, 39, 58, 51, 56, 55 ],
\[ 4, 7, 15, 20, 21, 25, 28, 1, 12, 5, 19, 38, 2, 24, 22, 6, 26, 3, 23, 8, 36, 18, 30, 45, 31, 48, 29, 13, 40, 11, 16, 34, 27, 51, 9, 10, 39, 35, 52, 33, 46, 17, 47, 14, 44, 49, 64, 42, 50, 41, 56, 54, 55, 37, 59, 32, 58, 60, 62, 63, 43, 53, 57, 61 ] >;

/*
Edge printing
*/

s`Edges := [];
edge1 := TwoEdgeInitialize();
edge1`Blocks := {@ PowerSet(IntegerRing()) |
{ IntegerRing() | 1, 5 },
{ IntegerRing() | 2, 11 },
{ IntegerRing() | 3, 16 },
{ IntegerRing() | 4, 21 },
{ IntegerRing() | 6, 15 },
{ IntegerRing() | 7, 19 },
{ IntegerRing() | 8, 10 },
{ IntegerRing() | 9, 33 },
{ IntegerRing() | 12, 27 },
{ IntegerRing() | 13, 30 },
{ IntegerRing() | 14, 42 },
{ IntegerRing() | 17, 24 },
{ IntegerRing() | 18, 31 },
{ IntegerRing() | 20, 36 },
{ IntegerRing() | 22, 25 },
{ IntegerRing() | 23, 28 },
{ IntegerRing() | 26, 45 },
{ IntegerRing() | 29, 38 },
{ IntegerRing() | 32, 54 },
{ IntegerRing() | 34, 37 },
{ IntegerRing() | 35, 40 },
{ IntegerRing() | 39, 51 },
{ IntegerRing() | 41, 61 },
{ IntegerRing() | 43, 46 },
{ IntegerRing() | 44, 48 },
{ IntegerRing() | 47, 49 },
{ IntegerRing() | 50, 64 },
{ IntegerRing() | 52, 56 },
{ IntegerRing() | 53, 63 },
{ IntegerRing() | 55, 57 },
{ IntegerRing() | 58, 59 },
{ IntegerRing() | 60, 62 }
@};
edge1`UpstairsTriple := [ PermutationGroup<64 |  
\[ 2, 3, 4, 5, 6, 7, 8, 9, 10, 11, 12, 13, 14, 15, 16, 17, 18, 19, 20, 21, 22, 23, 24, 25, 26, 27, 28, 29, 30, 31, 32, 33, 34, 35, 36, 37, 38, 39, 40, 41, 42, 43, 44, 45, 46, 47, 48, 49, 50, 51, 52, 53, 54, 55, 56, 57, 58, 59, 60, 61, 62, 63, 64, 1 ],
\[ 2, 1, 3, 4, 5, 6, 7, 8, 9, 10, 11, 12, 13, 14, 15, 16, 17, 18, 19, 20, 21, 22, 23, 24, 25, 26, 27, 28, 29, 30, 31, 32, 33, 34, 35, 36, 37, 38, 39, 40, 41, 42, 43, 44, 45, 46, 47, 48, 49, 50, 51, 52, 53, 54, 55, 56, 57, 58, 59, 60, 61, 62, 63, 64 ]:
 Order := 126886932185884164103433389335161480802865516174545192198801894375214704230400000000000000 > |
[ 2, 9, 8, 19, 11, 1, 27, 30, 32, 13, 33, 37, 40, 18, 5, 10, 3, 36, 12, 28, 7, 4, 29, 16, 21, 6, 34, 38, 39, 35, 20, 53, 54, 57, 52, 23, 55, 51, 58, 56, 44, 31, 14, 25, 15, 42, 17, 22, 24, 26, 59, 62, 46, 63, 47, 60, 49, 64, 50, 41, 48, 61, 43, 45 ],
[ 3, 10, 14, 6, 16, 24, 1, 31, 30, 18, 8, 2, 20, 41, 17, 42, 46, 48, 5, 22, 15, 45, 4, 43, 26, 47, 11, 21, 7, 36, 44, 40, 13, 9, 28, 25, 33, 19, 12, 23, 59, 61, 62, 64, 49, 60, 63, 50, 53, 57, 27, 29, 52, 35, 32, 38, 54, 34, 37, 39, 58, 51, 56, 55 ],
[ 4, 7, 15, 20, 21, 25, 28, 1, 12, 5, 19, 38, 2, 24, 22, 6, 26, 3, 23, 8, 36, 18, 30, 45, 31, 48, 29, 13, 40, 11, 16, 34, 27, 51, 9, 10, 39, 35, 52, 33, 46, 17, 47, 14, 44, 49, 64, 42, 50, 41, 56, 54, 55, 37, 59, 32, 58, 60, 62, 63, 43, 53, 57, 61 ]
];
edge1`UpstairsFilename := "64S29-16,16,4-g21-592112810.m";
edge1`DownstairsTriple := [ PermutationGroup<32 |  
\[ 2, 3, 4, 5, 6, 7, 8, 9, 10, 11, 12, 13, 14, 15, 16, 17, 18, 19, 20, 21, 22, 23, 24, 25, 26, 27, 28, 29, 30, 31, 32, 1 ],
\[ 2, 1, 3, 4, 5, 6, 7, 8, 9, 10, 11, 12, 13, 14, 15, 16, 17, 18, 19, 20, 21, 22, 23, 24, 25, 26, 27, 28, 29, 30, 31, 32 ]:
 Order := 263130836933693530167218012160000000 > |
[ 2, 9, 8, 7, 10, 1, 11, 12, 18, 24, 15, 23, 22, 3, 16, 19, 21, 4, 14, 5, 25, 26, 6, 30, 28, 32, 13, 29, 31, 17, 27, 20 ],
[ 13, 22, 25, 20, 3, 27, 5, 28, 26, 8, 10, 29, 11, 21, 24, 30, 6, 32, 17, 14, 1, 15, 31, 12, 2, 16, 7, 9, 18, 23, 4, 19 ],
[ 17, 21, 20, 29, 4, 30, 31, 5, 25, 7, 27, 10, 6, 32, 13, 22, 16, 28, 26, 18, 19, 1, 24, 11, 14, 2, 23, 3, 8, 15, 12, 9 ]
];
edge1`DownstairsFilename := "32S16-16,16,4-g11-2873761891.m";
Append(~s`Edges, edge1);
edge2 := TwoEdgeInitialize();
edge2`Blocks := {@ PowerSet(IntegerRing()) |
{ IntegerRing() | 1, 5 },
{ IntegerRing() | 2, 12 },
{ IntegerRing() | 3, 16 },
{ IntegerRing() | 4, 8 },
{ IntegerRing() | 6, 20 },
{ IntegerRing() | 7, 11 },
{ IntegerRing() | 9, 33 },
{ IntegerRing() | 10, 27 },
{ IntegerRing() | 13, 32 },
{ IntegerRing() | 14, 43 },
{ IntegerRing() | 15, 18 },
{ IntegerRing() | 17, 45 },
{ IntegerRing() | 19, 29 },
{ IntegerRing() | 21, 30 },
{ IntegerRing() | 22, 42 },
{ IntegerRing() | 23, 25 },
{ IntegerRing() | 24, 47 },
{ IntegerRing() | 26, 37 },
{ IntegerRing() | 28, 38 },
{ IntegerRing() | 31, 51 },
{ IntegerRing() | 34, 54 },
{ IntegerRing() | 35, 36 },
{ IntegerRing() | 39, 52 },
{ IntegerRing() | 40, 56 },
{ IntegerRing() | 41, 49 },
{ IntegerRing() | 44, 61 },
{ IntegerRing() | 46, 50 },
{ IntegerRing() | 48, 63 },
{ IntegerRing() | 53, 59 },
{ IntegerRing() | 55, 62 },
{ IntegerRing() | 57, 60 },
{ IntegerRing() | 58, 64 }
@};
edge2`UpstairsTriple := [ PermutationGroup<64 |  
\[ 2, 3, 4, 5, 6, 7, 8, 9, 10, 11, 12, 13, 14, 15, 16, 17, 18, 19, 20, 21, 22, 23, 24, 25, 26, 27, 28, 29, 30, 31, 32, 33, 34, 35, 36, 37, 38, 39, 40, 41, 42, 43, 44, 45, 46, 47, 48, 49, 50, 51, 52, 53, 54, 55, 56, 57, 58, 59, 60, 61, 62, 63, 64, 1 ],
\[ 2, 1, 3, 4, 5, 6, 7, 8, 9, 10, 11, 12, 13, 14, 15, 16, 17, 18, 19, 20, 21, 22, 23, 24, 25, 26, 27, 28, 29, 30, 31, 32, 33, 34, 35, 36, 37, 38, 39, 40, 41, 42, 43, 44, 45, 46, 47, 48, 49, 50, 51, 52, 53, 54, 55, 56, 57, 58, 59, 60, 61, 62, 63, 64 ]:
 Order := 126886932185884164103433389335161480802865516174545192198801894375214704230400000000000000 > |
[ 12, 33, 8, 29, 2, 5, 37, 19, 51, 7, 26, 9, 52, 18, 36, 4, 16, 35, 13, 1, 28, 25, 27, 20, 10, 54, 11, 56, 32, 38, 59, 39, 31, 60, 21, 30, 34, 40, 62, 64, 22, 23, 15, 43, 3, 24, 6, 45, 42, 47, 53, 55, 50, 57, 63, 58, 41, 44, 46, 49, 14, 48, 17, 61 ],
[ 3, 10, 14, 20, 16, 22, 1, 6, 19, 15, 5, 27, 2, 41, 45, 43, 46, 17, 35, 42, 4, 44, 47, 48, 24, 21, 18, 7, 36, 8, 37, 12, 29, 9, 25, 23, 30, 11, 38, 13, 59, 61, 49, 62, 50, 60, 63, 64, 53, 57, 26, 28, 52, 33, 31, 32, 56, 34, 39, 40, 55, 51, 58, 54 ],
[ 4, 11, 15, 5, 8, 23, 2, 1, 32, 35, 12, 7, 9, 42, 16, 18, 47, 3, 30, 25, 19, 14, 20, 17, 6, 38, 36, 26, 21, 29, 54, 33, 13, 31, 27, 10, 28, 37, 56, 39, 50, 43, 22, 63, 24, 41, 45, 44, 46, 49, 34, 40, 62, 51, 53, 52, 64, 57, 55, 58, 48, 59, 61, 60 ]
];
edge2`UpstairsFilename := "64S29-16,16,4-g21-2640809647.m";
edge2`DownstairsTriple := [ PermutationGroup<32 |  
\[ 2, 3, 4, 5, 6, 7, 8, 9, 10, 11, 12, 13, 14, 15, 16, 17, 18, 19, 20, 21, 22, 23, 24, 25, 26, 27, 28, 29, 30, 31, 32, 1 ],
\[ 2, 1, 3, 4, 5, 6, 7, 8, 9, 10, 11, 12, 13, 14, 15, 16, 17, 18, 19, 20, 21, 22, 23, 24, 25, 26, 27, 28, 29, 30, 31, 32 ]:
 Order := 263130836933693530167218012160000000 > |
[ 2, 8, 4, 16, 10, 1, 24, 19, 7, 23, 14, 13, 27, 17, 3, 11, 31, 25, 5, 21, 22, 9, 6, 26, 29, 28, 18, 20, 32, 12, 15, 30 ],
[ 3, 9, 12, 6, 14, 21, 1, 16, 13, 28, 2, 20, 15, 25, 10, 27, 19, 4, 24, 5, 30, 23, 31, 18, 7, 8, 22, 29, 11, 17, 32, 26 ],
[ 4, 7, 13, 1, 17, 22, 2, 11, 27, 20, 8, 21, 3, 29, 23, 18, 5, 16, 26, 10, 12, 6, 15, 25, 24, 19, 9, 32, 14, 31, 30, 28 ]
];
edge2`DownstairsFilename := "32S5-8,8,2-g5-2127029916.m";
Append(~s`Edges, edge2);
edge3 := TwoEdgeInitialize();
edge3`Blocks := {@ PowerSet(IntegerRing()) |
{ IntegerRing() | 1, 5 },
{ IntegerRing() | 2, 11 },
{ IntegerRing() | 3, 17 },
{ IntegerRing() | 4, 22 },
{ IntegerRing() | 6, 20 },
{ IntegerRing() | 7, 10 },
{ IntegerRing() | 8, 14 },
{ IntegerRing() | 9, 29 },
{ IntegerRing() | 12, 33 },
{ IntegerRing() | 13, 19 },
{ IntegerRing() | 15, 25 },
{ IntegerRing() | 16, 30 },
{ IntegerRing() | 18, 44 },
{ IntegerRing() | 21, 39 },
{ IntegerRing() | 23, 26 },
{ IntegerRing() | 24, 42 },
{ IntegerRing() | 27, 35 },
{ IntegerRing() | 28, 31 },
{ IntegerRing() | 32, 38 },
{ IntegerRing() | 34, 52 },
{ IntegerRing() | 36, 55 },
{ IntegerRing() | 37, 40 },
{ IntegerRing() | 41, 47 },
{ IntegerRing() | 43, 50 },
{ IntegerRing() | 45, 48 },
{ IntegerRing() | 46, 61 },
{ IntegerRing() | 49, 62 },
{ IntegerRing() | 51, 57 },
{ IntegerRing() | 53, 58 },
{ IntegerRing() | 54, 60 },
{ IntegerRing() | 56, 63 },
{ IntegerRing() | 59, 64 }
@};
edge3`UpstairsTriple := [ PermutationGroup<64 |  
\[ 2, 3, 4, 5, 6, 7, 8, 9, 10, 11, 12, 13, 14, 15, 16, 17, 18, 19, 20, 21, 22, 23, 24, 25, 26, 27, 28, 29, 30, 31, 32, 33, 34, 35, 36, 37, 38, 39, 40, 41, 42, 43, 44, 45, 46, 47, 48, 49, 50, 51, 52, 53, 54, 55, 56, 57, 58, 59, 60, 61, 62, 63, 64, 1 ],
\[ 2, 1, 3, 4, 5, 6, 7, 8, 9, 10, 11, 12, 13, 14, 15, 16, 17, 18, 19, 20, 21, 22, 23, 24, 25, 26, 27, 28, 29, 30, 31, 32, 33, 34, 35, 36, 37, 38, 39, 40, 41, 42, 43, 44, 45, 46, 47, 48, 49, 50, 51, 52, 53, 54, 55, 56, 57, 58, 59, 60, 61, 62, 63, 64 ]:
 Order := 126886932185884164103433389335161480802865516174545192198801894375214704230400000000000000 > |
[ 11, 29, 8, 13, 2, 5, 35, 10, 38, 27, 9, 55, 33, 7, 6, 39, 14, 17, 12, 1, 28, 19, 22, 26, 20, 4, 52, 40, 32, 21, 37, 58, 36, 63, 34, 60, 51, 53, 31, 57, 18, 23, 25, 3, 30, 48, 44, 16, 42, 15, 64, 56, 61, 41, 54, 62, 59, 46, 43, 47, 45, 24, 49, 50 ],
[ 3, 4, 15, 20, 17, 24, 1, 30, 10, 5, 22, 2, 39, 16, 41, 44, 25, 46, 21, 42, 26, 6, 45, 43, 47, 48, 28, 14, 7, 18, 8, 33, 11, 9, 31, 37, 19, 12, 23, 13, 59, 50, 63, 61, 62, 60, 64, 49, 53, 56, 27, 29, 52, 32, 40, 57, 35, 34, 36, 38, 54, 58, 51, 55 ],
[ 4, 10, 16, 21, 22, 3, 28, 1, 33, 31, 7, 37, 2, 5, 42, 26, 30, 15, 11, 17, 8, 39, 20, 45, 24, 6, 9, 19, 12, 23, 13, 52, 40, 57, 29, 32, 35, 34, 14, 27, 61, 48, 41, 25, 44, 62, 46, 18, 43, 47, 36, 51, 60, 64, 38, 53, 55, 54, 56, 59, 49, 50, 58, 63 ]
];
edge3`UpstairsFilename := "64S29-16,16,4-g21-2017473699.m";
edge3`DownstairsTriple := [ PermutationGroup<32 |  
\[ 2, 3, 4, 5, 6, 7, 8, 9, 10, 11, 12, 13, 14, 15, 16, 17, 18, 19, 20, 21, 22, 23, 24, 25, 26, 27, 28, 29, 30, 31, 32, 1 ],
\[ 2, 1, 3, 4, 5, 6, 7, 8, 9, 10, 11, 12, 13, 14, 15, 16, 17, 18, 19, 20, 21, 22, 23, 24, 25, 26, 27, 28, 29, 30, 31, 32 ]:
 Order := 263130836933693530167218012160000000 > |
[ 11, 20, 8, 10, 2, 5, 12, 7, 28, 18, 9, 21, 16, 4, 14, 1, 3, 22, 32, 19, 30, 31, 17, 6, 24, 13, 15, 29, 25, 27, 23, 26 ],
[ 3, 8, 13, 16, 14, 17, 1, 6, 7, 5, 4, 2, 23, 24, 26, 15, 25, 11, 12, 10, 9, 20, 32, 27, 31, 30, 29, 18, 21, 19, 28, 22 ],
[ 4, 10, 6, 5, 8, 14, 2, 1, 18, 11, 7, 9, 15, 16, 24, 3, 13, 20, 22, 12, 19, 28, 25, 17, 27, 23, 26, 21, 31, 29, 32, 30 ]
];
edge3`DownstairsFilename := "32S17-16,16,4-g11-35768194.m";
Append(~s`Edges, edge3);

/*
Return for eval
*/

return s;
