s := TwoDBInitialize();

/*
Magma printing
*/

s`Name := "64S24-8,8,4-g17-2361046340";
s`Filename := "64S24-8,8,4-g17-2361046340.m";
s`Degree := 64;
s`Orders := \[ 8, 8, 4 ];
s`Geometry := "Hyperbolic";
s`Genus := 17;
s`Level := 6;
s`PermutationTriple := [ PermutationGroup<64 |  
\[ 2, 3, 4, 5, 6, 7, 8, 9, 10, 11, 12, 13, 14, 15, 16, 17, 18, 19, 20, 21, 22, 23, 24, 25, 26, 27, 28, 29, 30, 31, 32, 33, 34, 35, 36, 37, 38, 39, 40, 41, 42, 43, 44, 45, 46, 47, 48, 49, 50, 51, 52, 53, 54, 55, 56, 57, 58, 59, 60, 61, 62, 63, 64, 1 ],
\[ 2, 1, 3, 4, 5, 6, 7, 8, 9, 10, 11, 12, 13, 14, 15, 16, 17, 18, 19, 20, 21, 22, 23, 24, 25, 26, 27, 28, 29, 30, 31, 32, 33, 34, 35, 36, 37, 38, 39, 40, 41, 42, 43, 44, 45, 46, 47, 48, 49, 50, 51, 52, 53, 54, 55, 56, 57, 58, 59, 60, 61, 62, 63, 64 ]:
 Order := 126886932185884164103433389335161480802865516174545192198801894375214704230400000000000000 > |
[ 2, 9, 8, 19, 11, 1, 31, 35, 24, 13, 29, 22, 27, 18, 52, 26, 3, 57, 45, 32, 48, 4, 14, 5, 51, 38, 30, 55, 6, 42, 28, 47, 7, 40, 56, 20, 54, 17, 33, 44, 37, 46, 10, 23, 60, 50, 63, 12, 53, 43, 39, 64, 41, 15, 25, 16, 61, 36, 62, 21, 34, 58, 59, 49 ],
[ 3, 10, 14, 6, 16, 27, 1, 36, 38, 40, 42, 2, 20, 25, 17, 34, 32, 12, 41, 22, 24, 54, 4, 50, 5, 63, 61, 29, 35, 58, 64, 33, 53, 7, 44, 31, 8, 57, 9, 45, 43, 18, 47, 39, 11, 59, 48, 52, 13, 23, 37, 30, 56, 46, 15, 62, 28, 19, 60, 49, 21, 55, 51, 26 ],
[ 4, 7, 15, 20, 21, 28, 32, 1, 12, 41, 25, 47, 2, 50, 22, 53, 9, 3, 23, 8, 59, 18, 35, 39, 62, 5, 49, 36, 45, 6, 34, 13, 44, 27, 37, 30, 19, 64, 63, 16, 33, 52, 24, 10, 58, 11, 17, 61, 31, 54, 14, 55, 60, 51, 57, 29, 42, 56, 26, 40, 38, 46, 43, 48 ]
];
s`MonodromyGroup := PermutationGroup<64 |  
\[ 2, 9, 8, 19, 11, 1, 31, 35, 24, 13, 29, 22, 27, 18, 52, 26, 3, 57, 45, 32, 48, 4, 14, 5, 51, 38, 30, 55, 6, 42, 28, 47, 7, 40, 56, 20, 54, 17, 33, 44, 37, 46, 10, 23, 60, 50, 63, 12, 53, 43, 39, 64, 41, 15, 25, 16, 61, 36, 62, 21, 34, 58, 59, 49 ],
\[ 3, 10, 14, 6, 16, 27, 1, 36, 38, 40, 42, 2, 20, 25, 17, 34, 32, 12, 41, 22, 24, 54, 4, 50, 5, 63, 61, 29, 35, 58, 64, 33, 53, 7, 44, 31, 8, 57, 9, 45, 43, 18, 47, 39, 11, 59, 48, 52, 13, 23, 37, 30, 56, 46, 15, 62, 28, 19, 60, 49, 21, 55, 51, 26 ],
\[ 4, 7, 15, 20, 21, 28, 32, 1, 12, 41, 25, 47, 2, 50, 22, 53, 9, 3, 23, 8, 59, 18, 35, 39, 62, 5, 49, 36, 45, 6, 34, 13, 44, 27, 37, 30, 19, 64, 63, 16, 33, 52, 24, 10, 58, 11, 17, 61, 31, 54, 14, 55, 60, 51, 57, 29, 42, 56, 26, 40, 38, 46, 43, 48 ] >;

/*
Edge printing
*/

s`Edges := [];
edge1 := TwoEdgeInitialize();
edge1`Blocks := {@ PowerSet(IntegerRing()) |
{ IntegerRing() | 1, 5 },
{ IntegerRing() | 2, 11 },
{ IntegerRing() | 3, 16 },
{ IntegerRing() | 4, 21 },
{ IntegerRing() | 6, 24 },
{ IntegerRing() | 7, 25 },
{ IntegerRing() | 8, 26 },
{ IntegerRing() | 9, 29 },
{ IntegerRing() | 10, 42 },
{ IntegerRing() | 12, 45 },
{ IntegerRing() | 13, 46 },
{ IntegerRing() | 14, 34 },
{ IntegerRing() | 15, 53 },
{ IntegerRing() | 17, 56 },
{ IntegerRing() | 18, 40 },
{ IntegerRing() | 19, 48 },
{ IntegerRing() | 20, 59 },
{ IntegerRing() | 22, 60 },
{ IntegerRing() | 23, 61 },
{ IntegerRing() | 27, 50 },
{ IntegerRing() | 28, 39 },
{ IntegerRing() | 30, 43 },
{ IntegerRing() | 31, 51 },
{ IntegerRing() | 32, 62 },
{ IntegerRing() | 33, 55 },
{ IntegerRing() | 35, 38 },
{ IntegerRing() | 36, 63 },
{ IntegerRing() | 37, 64 },
{ IntegerRing() | 41, 52 },
{ IntegerRing() | 44, 57 },
{ IntegerRing() | 47, 58 },
{ IntegerRing() | 49, 54 }
@};
edge1`UpstairsTriple := [ PermutationGroup<64 |  
\[ 2, 3, 4, 5, 6, 7, 8, 9, 10, 11, 12, 13, 14, 15, 16, 17, 18, 19, 20, 21, 22, 23, 24, 25, 26, 27, 28, 29, 30, 31, 32, 33, 34, 35, 36, 37, 38, 39, 40, 41, 42, 43, 44, 45, 46, 47, 48, 49, 50, 51, 52, 53, 54, 55, 56, 57, 58, 59, 60, 61, 62, 63, 64, 1 ],
\[ 2, 1, 3, 4, 5, 6, 7, 8, 9, 10, 11, 12, 13, 14, 15, 16, 17, 18, 19, 20, 21, 22, 23, 24, 25, 26, 27, 28, 29, 30, 31, 32, 33, 34, 35, 36, 37, 38, 39, 40, 41, 42, 43, 44, 45, 46, 47, 48, 49, 50, 51, 52, 53, 54, 55, 56, 57, 58, 59, 60, 61, 62, 63, 64 ]:
 Order := 126886932185884164103433389335161480802865516174545192198801894375214704230400000000000000 > |
[ 2, 9, 8, 19, 11, 1, 31, 35, 24, 13, 29, 22, 27, 18, 52, 26, 3, 57, 45, 32, 48, 4, 14, 5, 51, 38, 30, 55, 6, 42, 28, 47, 7, 40, 56, 20, 54, 17, 33, 44, 37, 46, 10, 23, 60, 50, 63, 12, 53, 43, 39, 64, 41, 15, 25, 16, 61, 36, 62, 21, 34, 58, 59, 49 ],
[ 3, 10, 14, 6, 16, 27, 1, 36, 38, 40, 42, 2, 20, 25, 17, 34, 32, 12, 41, 22, 24, 54, 4, 50, 5, 63, 61, 29, 35, 58, 64, 33, 53, 7, 44, 31, 8, 57, 9, 45, 43, 18, 47, 39, 11, 59, 48, 52, 13, 23, 37, 30, 56, 46, 15, 62, 28, 19, 60, 49, 21, 55, 51, 26 ],
[ 4, 7, 15, 20, 21, 28, 32, 1, 12, 41, 25, 47, 2, 50, 22, 53, 9, 3, 23, 8, 59, 18, 35, 39, 62, 5, 49, 36, 45, 6, 34, 13, 44, 27, 37, 30, 19, 64, 63, 16, 33, 52, 24, 10, 58, 11, 17, 61, 31, 54, 14, 55, 60, 51, 57, 29, 42, 56, 26, 40, 38, 46, 43, 48 ]
];
edge1`UpstairsFilename := "64S24-8,8,4-g17-2361046340.m";
edge1`DownstairsTriple := [ PermutationGroup<32 |  
\[ 2, 3, 4, 5, 6, 7, 8, 9, 10, 11, 12, 13, 14, 15, 16, 17, 18, 19, 20, 21, 22, 23, 24, 25, 26, 27, 28, 29, 30, 31, 32, 1 ],
\[ 2, 1, 3, 4, 5, 6, 7, 8, 9, 10, 11, 12, 13, 14, 15, 16, 17, 18, 19, 20, 21, 22, 23, 24, 25, 26, 27, 28, 29, 30, 31, 32 ]:
 Order := 263130836933693530167218012160000000 > |
[ 6, 1, 8, 20, 2, 5, 26, 15, 11, 24, 22, 3, 16, 32, 12, 30, 4, 25, 17, 19, 13, 23, 9, 7, 31, 10, 18, 29, 14, 21, 27, 28 ],
[ 3, 9, 13, 2, 15, 22, 1, 27, 21, 5, 31, 25, 7, 12, 30, 19, 29, 17, 6, 32, 4, 16, 18, 14, 24, 28, 26, 8, 23, 10, 20, 11 ],
[ 4, 10, 14, 18, 19, 7, 25, 1, 29, 27, 2, 5, 9, 17, 28, 3, 16, 8, 31, 21, 15, 32, 6, 30, 23, 13, 11, 20, 26, 22, 12, 24 ]
];
edge1`DownstairsFilename := "32S2-4,4,4-g5-3984326407.m";
Append(~s`Edges, edge1);
edge2 := TwoEdgeInitialize();
edge2`Blocks := {@ PowerSet(IntegerRing()) |
{ IntegerRing() | 1, 5 },
{ IntegerRing() | 2, 12 },
{ IntegerRing() | 3, 18 },
{ IntegerRing() | 4, 24 },
{ IntegerRing() | 6, 22 },
{ IntegerRing() | 7, 11 },
{ IntegerRing() | 8, 15 },
{ IntegerRing() | 9, 39 },
{ IntegerRing() | 10, 43 },
{ IntegerRing() | 13, 38 },
{ IntegerRing() | 14, 41 },
{ IntegerRing() | 16, 56 },
{ IntegerRing() | 17, 59 },
{ IntegerRing() | 19, 40 },
{ IntegerRing() | 20, 50 },
{ IntegerRing() | 21, 61 },
{ IntegerRing() | 23, 52 },
{ IntegerRing() | 25, 49 },
{ IntegerRing() | 26, 57 },
{ IntegerRing() | 27, 51 },
{ IntegerRing() | 28, 62 },
{ IntegerRing() | 29, 63 },
{ IntegerRing() | 30, 64 },
{ IntegerRing() | 31, 45 },
{ IntegerRing() | 32, 46 },
{ IntegerRing() | 33, 47 },
{ IntegerRing() | 34, 48 },
{ IntegerRing() | 35, 53 },
{ IntegerRing() | 36, 54 },
{ IntegerRing() | 37, 55 },
{ IntegerRing() | 42, 60 },
{ IntegerRing() | 44, 58 }
@};
edge2`UpstairsTriple := [ PermutationGroup<64 |  
\[ 2, 3, 4, 5, 6, 7, 8, 9, 10, 11, 12, 13, 14, 15, 16, 17, 18, 19, 20, 21, 22, 23, 24, 25, 26, 27, 28, 29, 30, 31, 32, 33, 34, 35, 36, 37, 38, 39, 40, 41, 42, 43, 44, 45, 46, 47, 48, 49, 50, 51, 52, 53, 54, 55, 56, 57, 58, 59, 60, 61, 62, 63, 64, 1 ],
\[ 2, 1, 3, 4, 5, 6, 7, 8, 9, 10, 11, 12, 13, 14, 15, 16, 17, 18, 19, 20, 21, 22, 23, 24, 25, 26, 27, 28, 29, 30, 31, 32, 33, 34, 35, 36, 37, 38, 39, 40, 41, 42, 43, 44, 45, 46, 47, 48, 49, 50, 51, 52, 53, 54, 55, 56, 57, 58, 59, 60, 61, 62, 63, 64 ]:
 Order := 126886932185884164103433389335161480802865516174545192198801894375214704230400000000000000 > |
[ 12, 39, 8, 61, 2, 5, 45, 53, 54, 14, 31, 9, 25, 27, 35, 20, 44, 15, 18, 42, 40, 1, 32, 21, 24, 16, 30, 43, 22, 47, 28, 63, 11, 59, 38, 23, 48, 49, 36, 3, 51, 55, 41, 57, 62, 29, 7, 17, 4, 60, 64, 46, 13, 52, 34, 50, 56, 26, 58, 37, 19, 10, 6, 33 ],
[ 3, 10, 16, 22, 18, 27, 1, 36, 21, 17, 5, 43, 2, 52, 54, 14, 40, 56, 46, 38, 42, 51, 49, 6, 34, 4, 37, 63, 53, 9, 26, 47, 20, 7, 44, 45, 8, 12, 61, 32, 23, 62, 59, 64, 57, 33, 50, 11, 48, 13, 55, 25, 58, 31, 15, 41, 24, 30, 19, 28, 60, 29, 35, 39 ],
[ 4, 11, 17, 23, 24, 28, 32, 1, 38, 42, 46, 7, 29, 2, 5, 31, 49, 59, 39, 3, 57, 62, 8, 52, 50, 53, 16, 54, 19, 6, 48, 41, 44, 51, 55, 64, 61, 63, 13, 9, 12, 33, 60, 10, 34, 14, 58, 27, 20, 18, 56, 15, 37, 30, 21, 45, 35, 43, 25, 47, 26, 36, 40, 22 ]
];
edge2`UpstairsFilename := "64S24-8,8,4-g17-2415981294.m";
edge2`DownstairsTriple := [ PermutationGroup<32 |  
\[ 2, 3, 4, 5, 6, 7, 8, 9, 10, 11, 12, 13, 14, 15, 16, 17, 18, 19, 20, 21, 22, 23, 24, 25, 26, 27, 28, 29, 30, 31, 32, 1 ],
\[ 2, 1, 3, 4, 5, 6, 7, 8, 9, 10, 11, 12, 13, 14, 15, 16, 17, 18, 19, 20, 21, 22, 23, 24, 25, 26, 27, 28, 29, 30, 31, 32 ]:
 Order := 263130836933693530167218012160000000 > |
[ 12, 24, 8, 29, 2, 5, 22, 19, 6, 7, 26, 9, 3, 18, 31, 4, 16, 32, 17, 1, 14, 25, 10, 20, 27, 23, 11, 15, 13, 28, 21, 30 ],
[ 3, 10, 14, 20, 16, 22, 1, 6, 29, 18, 5, 27, 2, 11, 13, 28, 12, 17, 31, 26, 4, 21, 9, 19, 24, 30, 15, 7, 32, 8, 23, 25 ],
[ 4, 11, 15, 5, 8, 23, 2, 1, 17, 31, 12, 7, 9, 22, 16, 18, 24, 3, 30, 25, 19, 28, 20, 13, 6, 14, 32, 26, 21, 29, 27, 10 ]
];
edge2`DownstairsFilename := "32S8-8,8,4-g9-3534559420.m";
Append(~s`Edges, edge2);
edge3 := TwoEdgeInitialize();
edge3`Blocks := {@ PowerSet(IntegerRing()) |
{ IntegerRing() | 1, 5 },
{ IntegerRing() | 2, 12 },
{ IntegerRing() | 3, 16 },
{ IntegerRing() | 4, 8 },
{ IntegerRing() | 6, 20 },
{ IntegerRing() | 7, 11 },
{ IntegerRing() | 9, 33 },
{ IntegerRing() | 10, 27 },
{ IntegerRing() | 13, 17 },
{ IntegerRing() | 14, 43 },
{ IntegerRing() | 15, 18 },
{ IntegerRing() | 19, 29 },
{ IntegerRing() | 21, 30 },
{ IntegerRing() | 22, 26 },
{ IntegerRing() | 23, 25 },
{ IntegerRing() | 24, 50 },
{ IntegerRing() | 28, 39 },
{ IntegerRing() | 31, 58 },
{ IntegerRing() | 32, 40 },
{ IntegerRing() | 34, 37 },
{ IntegerRing() | 35, 55 },
{ IntegerRing() | 36, 38 },
{ IntegerRing() | 41, 62 },
{ IntegerRing() | 42, 44 },
{ IntegerRing() | 45, 47 },
{ IntegerRing() | 46, 48 },
{ IntegerRing() | 49, 53 },
{ IntegerRing() | 51, 54 },
{ IntegerRing() | 52, 63 },
{ IntegerRing() | 56, 61 },
{ IntegerRing() | 57, 64 },
{ IntegerRing() | 59, 60 }
@};
edge3`UpstairsTriple := [ PermutationGroup<64 |  
\[ 2, 3, 4, 5, 6, 7, 8, 9, 10, 11, 12, 13, 14, 15, 16, 17, 18, 19, 20, 21, 22, 23, 24, 25, 26, 27, 28, 29, 30, 31, 32, 33, 34, 35, 36, 37, 38, 39, 40, 41, 42, 43, 44, 45, 46, 47, 48, 49, 50, 51, 52, 53, 54, 55, 56, 57, 58, 59, 60, 61, 62, 63, 64, 1 ],
\[ 2, 1, 3, 4, 5, 6, 7, 8, 9, 10, 11, 12, 13, 14, 15, 16, 17, 18, 19, 20, 21, 22, 23, 24, 25, 26, 27, 28, 29, 30, 31, 32, 33, 34, 35, 36, 37, 38, 39, 40, 41, 42, 43, 44, 45, 46, 47, 48, 49, 50, 51, 52, 53, 54, 55, 56, 57, 58, 59, 60, 61, 62, 63, 64 ]:
 Order := 126886932185884164103433389335161480802865516174545192198801894375214704230400000000000000 > |
[ 12, 33, 8, 29, 2, 5, 22, 19, 58, 7, 26, 9, 3, 18, 47, 4, 16, 45, 53, 1, 14, 25, 48, 20, 46, 23, 11, 55, 49, 43, 64, 13, 31, 10, 38, 21, 27, 30, 35, 17, 44, 37, 15, 34, 54, 41, 51, 62, 61, 6, 39, 50, 56, 28, 36, 59, 63, 57, 32, 40, 60, 42, 24, 52 ],
[ 3, 10, 14, 20, 16, 22, 1, 6, 32, 35, 5, 27, 2, 41, 13, 43, 12, 17, 36, 26, 4, 51, 50, 19, 24, 54, 55, 7, 38, 8, 44, 45, 40, 9, 53, 34, 33, 37, 11, 47, 57, 21, 62, 30, 25, 15, 23, 18, 63, 29, 59, 46, 52, 60, 49, 28, 56, 42, 31, 58, 39, 64, 48, 61 ],
[ 4, 11, 15, 5, 8, 23, 2, 1, 17, 36, 12, 7, 9, 42, 16, 18, 33, 3, 30, 25, 19, 28, 20, 49, 6, 39, 38, 26, 21, 29, 37, 51, 13, 31, 61, 27, 58, 10, 22, 54, 52, 43, 44, 14, 48, 45, 46, 47, 50, 53, 40, 62, 24, 32, 56, 35, 60, 34, 57, 64, 55, 63, 41, 59 ]
];
edge3`UpstairsFilename := "64S24-8,8,4-g17-1667184255.m";
edge3`DownstairsTriple := [ PermutationGroup<32 |  
\[ 2, 3, 4, 5, 6, 7, 8, 9, 10, 11, 12, 13, 14, 15, 16, 17, 18, 19, 20, 21, 22, 23, 24, 25, 26, 27, 28, 29, 30, 31, 32, 1 ],
\[ 2, 1, 3, 4, 5, 6, 7, 8, 9, 10, 11, 12, 13, 14, 15, 16, 17, 18, 19, 20, 21, 22, 23, 24, 25, 26, 27, 28, 29, 30, 31, 32 ]:
 Order := 263130836933693530167218012160000000 > |
[ 2, 8, 4, 15, 10, 1, 20, 18, 7, 22, 3, 13, 31, 16, 29, 24, 12, 5, 30, 21, 28, 6, 26, 11, 9, 27, 17, 19, 14, 25, 32, 23 ],
[ 3, 9, 12, 6, 14, 20, 1, 24, 26, 28, 2, 19, 11, 23, 27, 18, 4, 30, 5, 32, 22, 15, 7, 31, 8, 29, 25, 13, 10, 17, 21, 16 ],
[ 4, 7, 13, 1, 16, 21, 2, 11, 27, 19, 8, 30, 3, 26, 17, 5, 15, 25, 10, 23, 6, 29, 20, 32, 18, 14, 9, 31, 22, 12, 28, 24 ]
];
edge3`DownstairsFilename := "32S7-8,8,2-g5-1487757405.m";
Append(~s`Edges, edge3);

/*
Return for eval
*/

return s;
