s := TwoDBInitialize();

/*
Magma printing
*/

s`Name := "64S20-4,8,4-g13-1988598808";
s`Filename := "64S20-4,8,4-g13-1988598808.m";
s`Degree := 64;
s`Orders := \[ 4, 8, 4 ];
s`Geometry := "Hyperbolic";
s`Genus := 13;
s`Level := 6;
s`PermutationTriple := [ PermutationGroup<64 |  
\[ 2, 3, 4, 5, 6, 7, 8, 9, 10, 11, 12, 13, 14, 15, 16, 17, 18, 19, 20, 21, 22, 23, 24, 25, 26, 27, 28, 29, 30, 31, 32, 33, 34, 35, 36, 37, 38, 39, 40, 41, 42, 43, 44, 45, 46, 47, 48, 49, 50, 51, 52, 53, 54, 55, 56, 57, 58, 59, 60, 61, 62, 63, 64, 1 ],
\[ 2, 1, 3, 4, 5, 6, 7, 8, 9, 10, 11, 12, 13, 14, 15, 16, 17, 18, 19, 20, 21, 22, 23, 24, 25, 26, 27, 28, 29, 30, 31, 32, 33, 34, 35, 36, 37, 38, 39, 40, 41, 42, 43, 44, 45, 46, 47, 48, 49, 50, 51, 52, 53, 54, 55, 56, 57, 58, 59, 60, 61, 62, 63, 64 ]:
 Order := 126886932185884164103433389335161480802865516174545192198801894375214704230400000000000000 > |
[ 6, 1, 8, 20, 2, 5, 26, 15, 11, 24, 22, 3, 16, 43, 12, 39, 4, 36, 17, 19, 27, 23, 9, 7, 34, 10, 45, 18, 41, 13, 46, 51, 21, 32, 48, 37, 28, 40, 30, 55, 14, 57, 29, 42, 33, 35, 50, 31, 52, 54, 25, 53, 58, 59, 60, 44, 56, 49, 47, 38, 62, 63, 64, 61 ],
[ 3, 9, 13, 2, 15, 22, 1, 28, 30, 5, 34, 36, 38, 12, 39, 44, 31, 17, 6, 35, 4, 16, 51, 14, 24, 29, 7, 40, 8, 57, 23, 26, 10, 56, 11, 60, 20, 61, 55, 48, 47, 41, 54, 62, 19, 52, 18, 58, 33, 21, 42, 25, 27, 37, 63, 43, 64, 32, 45, 46, 53, 59, 49, 50 ],
[ 4, 10, 14, 18, 19, 7, 25, 1, 31, 32, 2, 5, 9, 42, 29, 3, 45, 8, 37, 21, 49, 35, 6, 33, 23, 27, 50, 54, 56, 15, 40, 11, 59, 52, 60, 47, 12, 36, 22, 13, 26, 16, 24, 34, 53, 17, 62, 20, 48, 41, 58, 63, 46, 64, 28, 30, 51, 61, 43, 39, 57, 38, 44, 55 ]
];
s`MonodromyGroup := PermutationGroup<64 |  
\[ 6, 1, 8, 20, 2, 5, 26, 15, 11, 24, 22, 3, 16, 43, 12, 39, 4, 36, 17, 19, 27, 23, 9, 7, 34, 10, 45, 18, 41, 13, 46, 51, 21, 32, 48, 37, 28, 40, 30, 55, 14, 57, 29, 42, 33, 35, 50, 31, 52, 54, 25, 53, 58, 59, 60, 44, 56, 49, 47, 38, 62, 63, 64, 61 ],
\[ 3, 9, 13, 2, 15, 22, 1, 28, 30, 5, 34, 36, 38, 12, 39, 44, 31, 17, 6, 35, 4, 16, 51, 14, 24, 29, 7, 40, 8, 57, 23, 26, 10, 56, 11, 60, 20, 61, 55, 48, 47, 41, 54, 62, 19, 52, 18, 58, 33, 21, 42, 25, 27, 37, 63, 43, 64, 32, 45, 46, 53, 59, 49, 50 ],
\[ 4, 10, 14, 18, 19, 7, 25, 1, 31, 32, 2, 5, 9, 42, 29, 3, 45, 8, 37, 21, 49, 35, 6, 33, 23, 27, 50, 54, 56, 15, 40, 11, 59, 52, 60, 47, 12, 36, 22, 13, 26, 16, 24, 34, 53, 17, 62, 20, 48, 41, 58, 63, 46, 64, 28, 30, 51, 61, 43, 39, 57, 38, 44, 55 ] >;

/*
Edge printing
*/

s`Edges := [];
edge1 := TwoEdgeInitialize();
edge1`Blocks := {@ PowerSet(IntegerRing()) |
{ IntegerRing() | 1, 5 },
{ IntegerRing() | 2, 6 },
{ IntegerRing() | 3, 15 },
{ IntegerRing() | 4, 19 },
{ IntegerRing() | 7, 10 },
{ IntegerRing() | 8, 12 },
{ IntegerRing() | 9, 22 },
{ IntegerRing() | 11, 23 },
{ IntegerRing() | 13, 39 },
{ IntegerRing() | 14, 29 },
{ IntegerRing() | 16, 30 },
{ IntegerRing() | 17, 20 },
{ IntegerRing() | 18, 37 },
{ IntegerRing() | 21, 45 },
{ IntegerRing() | 24, 26 },
{ IntegerRing() | 25, 32 },
{ IntegerRing() | 27, 33 },
{ IntegerRing() | 28, 36 },
{ IntegerRing() | 31, 35 },
{ IntegerRing() | 34, 51 },
{ IntegerRing() | 38, 55 },
{ IntegerRing() | 40, 60 },
{ IntegerRing() | 41, 43 },
{ IntegerRing() | 42, 56 },
{ IntegerRing() | 44, 57 },
{ IntegerRing() | 46, 48 },
{ IntegerRing() | 47, 54 },
{ IntegerRing() | 49, 53 },
{ IntegerRing() | 50, 59 },
{ IntegerRing() | 52, 58 },
{ IntegerRing() | 61, 63 },
{ IntegerRing() | 62, 64 }
@};
edge1`UpstairsTriple := [ PermutationGroup<64 |  
\[ 2, 3, 4, 5, 6, 7, 8, 9, 10, 11, 12, 13, 14, 15, 16, 17, 18, 19, 20, 21, 22, 23, 24, 25, 26, 27, 28, 29, 30, 31, 32, 33, 34, 35, 36, 37, 38, 39, 40, 41, 42, 43, 44, 45, 46, 47, 48, 49, 50, 51, 52, 53, 54, 55, 56, 57, 58, 59, 60, 61, 62, 63, 64, 1 ],
\[ 2, 1, 3, 4, 5, 6, 7, 8, 9, 10, 11, 12, 13, 14, 15, 16, 17, 18, 19, 20, 21, 22, 23, 24, 25, 26, 27, 28, 29, 30, 31, 32, 33, 34, 35, 36, 37, 38, 39, 40, 41, 42, 43, 44, 45, 46, 47, 48, 49, 50, 51, 52, 53, 54, 55, 56, 57, 58, 59, 60, 61, 62, 63, 64 ]:
 Order := 126886932185884164103433389335161480802865516174545192198801894375214704230400000000000000 > |
[ 6, 1, 8, 20, 2, 5, 26, 15, 11, 24, 22, 3, 16, 43, 12, 39, 4, 36, 17, 19, 27, 23, 9, 7, 34, 10, 45, 18, 41, 13, 46, 51, 21, 32, 48, 37, 28, 40, 30, 55, 14, 57, 29, 42, 33, 35, 50, 31, 52, 54, 25, 53, 58, 59, 60, 44, 56, 49, 47, 38, 62, 63, 64, 61 ],
[ 3, 9, 13, 2, 15, 22, 1, 28, 30, 5, 34, 36, 38, 12, 39, 44, 31, 17, 6, 35, 4, 16, 51, 14, 24, 29, 7, 40, 8, 57, 23, 26, 10, 56, 11, 60, 20, 61, 55, 48, 47, 41, 54, 62, 19, 52, 18, 58, 33, 21, 42, 25, 27, 37, 63, 43, 64, 32, 45, 46, 53, 59, 49, 50 ],
[ 4, 10, 14, 18, 19, 7, 25, 1, 31, 32, 2, 5, 9, 42, 29, 3, 45, 8, 37, 21, 49, 35, 6, 33, 23, 27, 50, 54, 56, 15, 40, 11, 59, 52, 60, 47, 12, 36, 22, 13, 26, 16, 24, 34, 53, 17, 62, 20, 48, 41, 58, 63, 46, 64, 28, 30, 51, 61, 43, 39, 57, 38, 44, 55 ]
];
edge1`UpstairsFilename := "64S20-4,8,4-g13-1988598808.m";
edge1`DownstairsTriple := [ PermutationGroup<32 |  
\[ 2, 3, 4, 5, 6, 7, 8, 9, 10, 11, 12, 13, 14, 15, 16, 17, 18, 19, 20, 21, 22, 23, 24, 25, 26, 27, 28, 29, 30, 31, 32, 1 ],
\[ 2, 1, 3, 4, 5, 6, 7, 8, 9, 10, 11, 12, 13, 14, 15, 16, 17, 18, 19, 20, 21, 22, 23, 24, 25, 26, 27, 28, 29, 30, 31, 32 ]:
 Order := 263130836933693530167218012160000000 > |
[ 2, 1, 7, 15, 9, 21, 3, 10, 5, 8, 14, 30, 20, 11, 4, 24, 31, 23, 29, 13, 6, 28, 18, 16, 32, 27, 26, 22, 19, 12, 17, 25 ],
[ 3, 8, 11, 2, 13, 1, 24, 14, 26, 28, 19, 7, 23, 17, 25, 15, 9, 4, 5, 22, 12, 21, 6, 29, 10, 18, 16, 31, 32, 27, 30, 20 ],
[ 4, 6, 12, 16, 17, 22, 1, 25, 19, 2, 8, 31, 32, 3, 18, 7, 28, 13, 24, 5, 23, 10, 26, 27, 29, 30, 9, 20, 11, 21, 14, 15 ]
];
edge1`DownstairsFilename := "32S11-2,8,4-g3-893935853.m";
Append(~s`Edges, edge1);
edge2 := TwoEdgeInitialize();
edge2`Blocks := {@ PowerSet(IntegerRing()) |
{ IntegerRing() | 1, 5 },
{ IntegerRing() | 2, 12 },
{ IntegerRing() | 3, 18 },
{ IntegerRing() | 4, 24 },
{ IntegerRing() | 6, 22 },
{ IntegerRing() | 7, 11 },
{ IntegerRing() | 8, 15 },
{ IntegerRing() | 9, 39 },
{ IntegerRing() | 10, 45 },
{ IntegerRing() | 13, 38 },
{ IntegerRing() | 14, 42 },
{ IntegerRing() | 16, 33 },
{ IntegerRing() | 17, 60 },
{ IntegerRing() | 19, 41 },
{ IntegerRing() | 20, 43 },
{ IntegerRing() | 21, 53 },
{ IntegerRing() | 23, 58 },
{ IntegerRing() | 25, 51 },
{ IntegerRing() | 26, 62 },
{ IntegerRing() | 27, 54 },
{ IntegerRing() | 28, 40 },
{ IntegerRing() | 29, 46 },
{ IntegerRing() | 30, 48 },
{ IntegerRing() | 31, 49 },
{ IntegerRing() | 32, 50 },
{ IntegerRing() | 34, 37 },
{ IntegerRing() | 35, 56 },
{ IntegerRing() | 36, 57 },
{ IntegerRing() | 44, 59 },
{ IntegerRing() | 47, 63 },
{ IntegerRing() | 52, 64 },
{ IntegerRing() | 55, 61 }
@};
edge2`UpstairsTriple := [ PermutationGroup<64 |  
\[ 2, 3, 4, 5, 6, 7, 8, 9, 10, 11, 12, 13, 14, 15, 16, 17, 18, 19, 20, 21, 22, 23, 24, 25, 26, 27, 28, 29, 30, 31, 32, 33, 34, 35, 36, 37, 38, 39, 40, 41, 42, 43, 44, 45, 46, 47, 48, 49, 50, 51, 52, 53, 54, 55, 56, 57, 58, 59, 60, 61, 62, 63, 64, 1 ],
\[ 2, 1, 3, 4, 5, 6, 7, 8, 9, 10, 11, 12, 13, 14, 15, 16, 17, 18, 19, 20, 21, 22, 23, 24, 25, 26, 27, 28, 29, 30, 31, 32, 33, 34, 35, 36, 37, 38, 39, 40, 41, 42, 43, 44, 45, 46, 47, 48, 49, 50, 51, 52, 53, 54, 55, 56, 57, 58, 59, 60, 61, 62, 63, 64 ]:
 Order := 126886932185884164103433389335161480802865516174545192198801894375214704230400000000000000 > |
[ 12, 39, 8, 53, 2, 5, 48, 37, 22, 14, 30, 9, 25, 27, 34, 20, 44, 15, 18, 63, 13, 1, 49, 21, 24, 33, 29, 32, 10, 28, 52, 11, 43, 19, 23, 55, 41, 51, 6, 50, 3, 54, 47, 36, 42, 45, 26, 40, 64, 7, 4, 56, 38, 46, 17, 58, 61, 31, 57, 59, 60, 16, 62, 35 ],
[ 3, 10, 16, 22, 18, 27, 1, 35, 37, 43, 5, 45, 2, 23, 56, 11, 41, 33, 31, 13, 44, 54, 51, 6, 55, 4, 26, 39, 64, 57, 50, 60, 7, 47, 30, 8, 63, 12, 34, 9, 49, 58, 38, 29, 20, 52, 40, 36, 32, 17, 61, 21, 59, 62, 14, 48, 15, 25, 46, 19, 42, 24, 28, 53 ],
[ 4, 11, 17, 23, 24, 28, 31, 1, 38, 44, 49, 7, 52, 2, 5, 54, 25, 60, 39, 3, 62, 40, 8, 58, 20, 34, 55, 35, 6, 16, 42, 63, 27, 57, 29, 21, 36, 64, 13, 56, 9, 12, 18, 50, 59, 22, 10, 33, 14, 47, 43, 19, 26, 61, 48, 46, 53, 15, 32, 51, 30, 37, 45, 41 ]
];
edge2`UpstairsFilename := "64S20-4,8,4-g13-1150609823.m";
edge2`DownstairsTriple := [ PermutationGroup<32 |  
\[ 2, 3, 4, 5, 6, 7, 8, 9, 10, 11, 12, 13, 14, 15, 16, 17, 18, 19, 20, 21, 22, 23, 24, 25, 26, 27, 28, 29, 30, 31, 32, 1 ],
\[ 2, 1, 3, 4, 5, 6, 7, 8, 9, 10, 11, 12, 13, 14, 15, 16, 17, 18, 19, 20, 21, 22, 23, 24, 25, 26, 27, 28, 29, 30, 31, 32 ]:
 Order := 263130836933693530167218012160000000 > |
[ 6, 1, 8, 20, 2, 5, 26, 15, 11, 24, 22, 3, 16, 32, 12, 30, 4, 25, 17, 19, 13, 23, 9, 7, 31, 10, 18, 29, 14, 21, 27, 28 ],
[ 3, 9, 13, 2, 15, 22, 1, 27, 21, 5, 31, 25, 7, 12, 30, 19, 29, 17, 6, 32, 4, 16, 18, 14, 24, 28, 26, 8, 23, 10, 20, 11 ],
[ 4, 10, 14, 18, 19, 7, 25, 1, 29, 27, 2, 5, 9, 17, 28, 3, 16, 8, 31, 21, 15, 32, 6, 30, 23, 13, 11, 20, 26, 22, 12, 24 ]
];
edge2`DownstairsFilename := "32S2-4,4,4-g5-3984326407.m";
Append(~s`Edges, edge2);
edge3 := TwoEdgeInitialize();
edge3`Blocks := {@ PowerSet(IntegerRing()) |
{ IntegerRing() | 1, 5 },
{ IntegerRing() | 2, 11 },
{ IntegerRing() | 3, 16 },
{ IntegerRing() | 4, 21 },
{ IntegerRing() | 6, 24 },
{ IntegerRing() | 7, 25 },
{ IntegerRing() | 8, 26 },
{ IntegerRing() | 9, 37 },
{ IntegerRing() | 10, 39 },
{ IntegerRing() | 12, 41 },
{ IntegerRing() | 13, 42 },
{ IntegerRing() | 14, 48 },
{ IntegerRing() | 15, 53 },
{ IntegerRing() | 17, 55 },
{ IntegerRing() | 18, 23 },
{ IntegerRing() | 19, 52 },
{ IntegerRing() | 20, 57 },
{ IntegerRing() | 22, 59 },
{ IntegerRing() | 27, 61 },
{ IntegerRing() | 28, 47 },
{ IntegerRing() | 29, 58 },
{ IntegerRing() | 30, 62 },
{ IntegerRing() | 31, 35 },
{ IntegerRing() | 32, 50 },
{ IntegerRing() | 33, 40 },
{ IntegerRing() | 34, 63 },
{ IntegerRing() | 36, 60 },
{ IntegerRing() | 38, 54 },
{ IntegerRing() | 43, 45 },
{ IntegerRing() | 44, 49 },
{ IntegerRing() | 46, 51 },
{ IntegerRing() | 56, 64 }
@};
edge3`UpstairsTriple := [ PermutationGroup<64 |  
\[ 2, 3, 4, 5, 6, 7, 8, 9, 10, 11, 12, 13, 14, 15, 16, 17, 18, 19, 20, 21, 22, 23, 24, 25, 26, 27, 28, 29, 30, 31, 32, 33, 34, 35, 36, 37, 38, 39, 40, 41, 42, 43, 44, 45, 46, 47, 48, 49, 50, 51, 52, 53, 54, 55, 56, 57, 58, 59, 60, 61, 62, 63, 64, 1 ],
\[ 2, 1, 3, 4, 5, 6, 7, 8, 9, 10, 11, 12, 13, 14, 15, 16, 17, 18, 19, 20, 21, 22, 23, 24, 25, 26, 27, 28, 29, 30, 31, 32, 33, 34, 35, 36, 37, 38, 39, 40, 41, 42, 43, 44, 45, 46, 47, 48, 49, 50, 51, 52, 53, 54, 55, 56, 57, 58, 59, 60, 61, 62, 63, 64 ]:
 Order := 126886932185884164103433389335161480802865516174545192198801894375214704230400000000000000 > |
[ 2, 9, 8, 19, 11, 1, 30, 34, 6, 13, 37, 22, 27, 18, 51, 26, 3, 40, 12, 56, 52, 4, 33, 5, 62, 63, 29, 32, 10, 28, 57, 7, 44, 17, 20, 54, 24, 53, 42, 49, 59, 61, 35, 48, 31, 60, 50, 23, 14, 25, 36, 41, 46, 15, 16, 43, 64, 39, 21, 38, 58, 47, 55, 45 ],
[ 3, 10, 14, 6, 16, 27, 1, 35, 34, 18, 39, 2, 45, 47, 17, 48, 56, 21, 38, 22, 24, 46, 4, 61, 5, 31, 49, 9, 57, 36, 32, 15, 7, 40, 50, 8, 63, 29, 23, 25, 11, 43, 19, 12, 52, 13, 37, 28, 41, 53, 42, 54, 55, 58, 64, 62, 59, 20, 51, 26, 44, 60, 33, 30 ],
[ 4, 7, 15, 20, 21, 28, 31, 1, 12, 38, 25, 43, 2, 27, 52, 53, 9, 3, 23, 8, 57, 44, 16, 47, 35, 5, 46, 64, 6, 33, 13, 48, 39, 36, 42, 59, 41, 62, 54, 10, 45, 11, 17, 63, 55, 50, 56, 61, 34, 14, 32, 18, 19, 30, 37, 58, 26, 24, 49, 22, 51, 40, 60, 29 ]
];
edge3`UpstairsFilename := "64S20-4,8,4-g13-495109582.m";
edge3`DownstairsTriple := [ PermutationGroup<32 |  
\[ 2, 3, 4, 5, 6, 7, 8, 9, 10, 11, 12, 13, 14, 15, 16, 17, 18, 19, 20, 21, 22, 23, 24, 25, 26, 27, 28, 29, 30, 31, 32, 1 ],
\[ 2, 1, 3, 4, 5, 6, 7, 8, 9, 10, 11, 12, 13, 14, 15, 16, 17, 18, 19, 20, 21, 22, 23, 24, 25, 26, 27, 28, 29, 30, 31, 32 ]:
 Order := 263130836933693530167218012160000000 > |
[ 6, 1, 8, 20, 2, 5, 25, 15, 11, 23, 21, 3, 16, 29, 12, 26, 4, 30, 17, 19, 22, 9, 7, 18, 10, 28, 31, 13, 27, 32, 14, 24 ],
[ 3, 9, 13, 2, 15, 21, 1, 24, 28, 5, 18, 30, 10, 12, 26, 4, 29, 17, 6, 31, 16, 32, 14, 23, 27, 7, 8, 19, 22, 25, 11, 20 ],
[ 4, 10, 14, 18, 19, 7, 24, 1, 29, 30, 2, 5, 9, 20, 27, 3, 28, 8, 32, 16, 31, 6, 13, 22, 26, 21, 17, 15, 23, 11, 25, 12 ]
];
edge3`DownstairsFilename := "32S11-4,8,4-g7-3887071734.m";
Append(~s`Edges, edge3);

/*
Return for eval
*/

return s;
