s := TwoDBInitialize();

/*
Magma printing
*/

s`Name := "64S29-16,8,16-g25-1921839233";
s`Filename := "64S29-16,8,16-g25-1921839233.m";
s`Degree := 64;
s`Orders := \[ 16, 8, 16 ];
s`Geometry := "Hyperbolic";
s`Genus := 25;
s`Level := 6;
s`PermutationTriple := [ PermutationGroup<64 |  
\[ 2, 3, 4, 5, 6, 7, 8, 9, 10, 11, 12, 13, 14, 15, 16, 17, 18, 19, 20, 21, 22, 23, 24, 25, 26, 27, 28, 29, 30, 31, 32, 33, 34, 35, 36, 37, 38, 39, 40, 41, 42, 43, 44, 45, 46, 47, 48, 49, 50, 51, 52, 53, 54, 55, 56, 57, 58, 59, 60, 61, 62, 63, 64, 1 ],
\[ 2, 1, 3, 4, 5, 6, 7, 8, 9, 10, 11, 12, 13, 14, 15, 16, 17, 18, 19, 20, 21, 22, 23, 24, 25, 26, 27, 28, 29, 30, 31, 32, 33, 34, 35, 36, 37, 38, 39, 40, 41, 42, 43, 44, 45, 46, 47, 48, 49, 50, 51, 52, 53, 54, 55, 56, 57, 58, 59, 60, 61, 62, 63, 64 ]:
 Order := 126886932185884164103433389335161480802865516174545192198801894375214704230400000000000000 > |
[ 2, 9, 8, 19, 11, 1, 27, 30, 33, 13, 34, 38, 41, 18, 5, 10, 3, 37, 12, 28, 7, 4, 29, 16, 21, 6, 35, 39, 40, 36, 32, 42, 14, 47, 17, 43, 60, 24, 57, 26, 61, 62, 45, 31, 54, 15, 44, 49, 55, 23, 20, 50, 22, 58, 63, 25, 46, 59, 56, 64, 48, 51, 53, 52 ],
[ 3, 10, 14, 6, 16, 24, 1, 31, 30, 18, 8, 2, 32, 43, 17, 44, 47, 48, 5, 22, 15, 46, 4, 33, 26, 35, 11, 21, 7, 37, 45, 49, 41, 13, 9, 42, 54, 34, 19, 12, 60, 58, 64, 61, 51, 38, 36, 52, 20, 25, 56, 53, 40, 50, 23, 57, 27, 28, 29, 55, 62, 63, 39, 59 ],
[ 4, 7, 15, 20, 21, 25, 28, 1, 12, 5, 19, 39, 2, 24, 22, 6, 26, 3, 23, 45, 50, 52, 54, 46, 51, 53, 29, 49, 55, 11, 16, 8, 35, 27, 57, 9, 10, 40, 58, 59, 34, 13, 47, 17, 14, 56, 38, 44, 18, 48, 61, 43, 62, 31, 32, 64, 63, 37, 42, 30, 33, 36, 60, 41 ]
];
s`MonodromyGroup := PermutationGroup<64 |  
\[ 2, 9, 8, 19, 11, 1, 27, 30, 33, 13, 34, 38, 41, 18, 5, 10, 3, 37, 12, 28, 7, 4, 29, 16, 21, 6, 35, 39, 40, 36, 32, 42, 14, 47, 17, 43, 60, 24, 57, 26, 61, 62, 45, 31, 54, 15, 44, 49, 55, 23, 20, 50, 22, 58, 63, 25, 46, 59, 56, 64, 48, 51, 53, 52 ],
\[ 3, 10, 14, 6, 16, 24, 1, 31, 30, 18, 8, 2, 32, 43, 17, 44, 47, 48, 5, 22, 15, 46, 4, 33, 26, 35, 11, 21, 7, 37, 45, 49, 41, 13, 9, 42, 54, 34, 19, 12, 60, 58, 64, 61, 51, 38, 36, 52, 20, 25, 56, 53, 40, 50, 23, 57, 27, 28, 29, 55, 62, 63, 39, 59 ],
\[ 4, 7, 15, 20, 21, 25, 28, 1, 12, 5, 19, 39, 2, 24, 22, 6, 26, 3, 23, 45, 50, 52, 54, 46, 51, 53, 29, 49, 55, 11, 16, 8, 35, 27, 57, 9, 10, 40, 58, 59, 34, 13, 47, 17, 14, 56, 38, 44, 18, 48, 61, 43, 62, 31, 32, 64, 63, 37, 42, 30, 33, 36, 60, 41 ] >;

/*
Edge printing
*/

s`Edges := [];
edge1 := TwoEdgeInitialize();
edge1`Blocks := {@ PowerSet(IntegerRing()) |
{ IntegerRing() | 1, 5 },
{ IntegerRing() | 2, 11 },
{ IntegerRing() | 3, 16 },
{ IntegerRing() | 4, 21 },
{ IntegerRing() | 6, 15 },
{ IntegerRing() | 7, 19 },
{ IntegerRing() | 8, 10 },
{ IntegerRing() | 9, 34 },
{ IntegerRing() | 12, 27 },
{ IntegerRing() | 13, 30 },
{ IntegerRing() | 14, 44 },
{ IntegerRing() | 17, 24 },
{ IntegerRing() | 18, 31 },
{ IntegerRing() | 20, 50 },
{ IntegerRing() | 22, 25 },
{ IntegerRing() | 23, 28 },
{ IntegerRing() | 26, 46 },
{ IntegerRing() | 29, 39 },
{ IntegerRing() | 32, 37 },
{ IntegerRing() | 33, 47 },
{ IntegerRing() | 35, 38 },
{ IntegerRing() | 36, 41 },
{ IntegerRing() | 40, 57 },
{ IntegerRing() | 42, 60 },
{ IntegerRing() | 43, 61 },
{ IntegerRing() | 45, 48 },
{ IntegerRing() | 49, 54 },
{ IntegerRing() | 51, 52 },
{ IntegerRing() | 53, 56 },
{ IntegerRing() | 55, 58 },
{ IntegerRing() | 59, 63 },
{ IntegerRing() | 62, 64 }
@};
edge1`UpstairsTriple := [ PermutationGroup<64 |  
\[ 2, 3, 4, 5, 6, 7, 8, 9, 10, 11, 12, 13, 14, 15, 16, 17, 18, 19, 20, 21, 22, 23, 24, 25, 26, 27, 28, 29, 30, 31, 32, 33, 34, 35, 36, 37, 38, 39, 40, 41, 42, 43, 44, 45, 46, 47, 48, 49, 50, 51, 52, 53, 54, 55, 56, 57, 58, 59, 60, 61, 62, 63, 64, 1 ],
\[ 2, 1, 3, 4, 5, 6, 7, 8, 9, 10, 11, 12, 13, 14, 15, 16, 17, 18, 19, 20, 21, 22, 23, 24, 25, 26, 27, 28, 29, 30, 31, 32, 33, 34, 35, 36, 37, 38, 39, 40, 41, 42, 43, 44, 45, 46, 47, 48, 49, 50, 51, 52, 53, 54, 55, 56, 57, 58, 59, 60, 61, 62, 63, 64 ]:
 Order := 126886932185884164103433389335161480802865516174545192198801894375214704230400000000000000 > |
[ 2, 9, 8, 19, 11, 1, 27, 30, 33, 13, 34, 38, 41, 18, 5, 10, 3, 37, 12, 28, 7, 4, 29, 16, 21, 6, 35, 39, 40, 36, 32, 42, 14, 47, 17, 43, 60, 24, 57, 26, 61, 62, 45, 31, 54, 15, 44, 49, 55, 23, 20, 50, 22, 58, 63, 25, 46, 59, 56, 64, 48, 51, 53, 52 ],
[ 3, 10, 14, 6, 16, 24, 1, 31, 30, 18, 8, 2, 32, 43, 17, 44, 47, 48, 5, 22, 15, 46, 4, 33, 26, 35, 11, 21, 7, 37, 45, 49, 41, 13, 9, 42, 54, 34, 19, 12, 60, 58, 64, 61, 51, 38, 36, 52, 20, 25, 56, 53, 40, 50, 23, 57, 27, 28, 29, 55, 62, 63, 39, 59 ],
[ 4, 7, 15, 20, 21, 25, 28, 1, 12, 5, 19, 39, 2, 24, 22, 6, 26, 3, 23, 45, 50, 52, 54, 46, 51, 53, 29, 49, 55, 11, 16, 8, 35, 27, 57, 9, 10, 40, 58, 59, 34, 13, 47, 17, 14, 56, 38, 44, 18, 48, 61, 43, 62, 31, 32, 64, 63, 37, 42, 30, 33, 36, 60, 41 ]
];
edge1`UpstairsFilename := "64S29-16,8,16-g25-1921839233.m";
edge1`DownstairsTriple := [ PermutationGroup<32 |  
\[ 2, 3, 4, 5, 6, 7, 8, 9, 10, 11, 12, 13, 14, 15, 16, 17, 18, 19, 20, 21, 22, 23, 24, 25, 26, 27, 28, 29, 30, 31, 32, 1 ],
\[ 2, 1, 3, 4, 5, 6, 7, 8, 9, 10, 11, 12, 13, 14, 15, 16, 17, 18, 19, 20, 21, 22, 23, 24, 25, 26, 27, 28, 29, 30, 31, 32 ]:
 Order := 263130836933693530167218012160000000 > |
[ 2, 9, 8, 7, 10, 1, 11, 12, 21, 22, 23, 24, 4, 19, 3, 18, 5, 25, 26, 6, 13, 30, 15, 20, 31, 32, 16, 14, 17, 27, 28, 29 ],
[ 14, 19, 27, 17, 3, 28, 5, 16, 26, 8, 10, 18, 29, 13, 30, 6, 15, 1, 4, 31, 32, 12, 22, 25, 2, 7, 20, 21, 23, 24, 9, 11 ],
[ 16, 18, 17, 14, 4, 27, 19, 5, 25, 7, 26, 10, 28, 6, 29, 3, 13, 8, 1, 30, 31, 11, 32, 22, 12, 2, 15, 20, 21, 23, 24, 9 ]
];
edge1`DownstairsFilename := "32S16-16,8,16-g13-3255521973.m";
Append(~s`Edges, edge1);
edge2 := TwoEdgeInitialize();
edge2`Blocks := {@ PowerSet(IntegerRing()) |
{ IntegerRing() | 1, 5 },
{ IntegerRing() | 2, 11 },
{ IntegerRing() | 3, 16 },
{ IntegerRing() | 4, 21 },
{ IntegerRing() | 6, 24 },
{ IntegerRing() | 7, 25 },
{ IntegerRing() | 8, 26 },
{ IntegerRing() | 9, 40 },
{ IntegerRing() | 10, 44 },
{ IntegerRing() | 12, 46 },
{ IntegerRing() | 13, 22 },
{ IntegerRing() | 14, 34 },
{ IntegerRing() | 15, 51 },
{ IntegerRing() | 17, 54 },
{ IntegerRing() | 18, 49 },
{ IntegerRing() | 19, 58 },
{ IntegerRing() | 20, 50 },
{ IntegerRing() | 23, 39 },
{ IntegerRing() | 27, 61 },
{ IntegerRing() | 28, 35 },
{ IntegerRing() | 29, 45 },
{ IntegerRing() | 30, 62 },
{ IntegerRing() | 31, 52 },
{ IntegerRing() | 32, 55 },
{ IntegerRing() | 33, 42 },
{ IntegerRing() | 36, 63 },
{ IntegerRing() | 37, 59 },
{ IntegerRing() | 38, 53 },
{ IntegerRing() | 41, 60 },
{ IntegerRing() | 43, 64 },
{ IntegerRing() | 47, 57 },
{ IntegerRing() | 48, 56 }
@};
edge2`UpstairsTriple := [ PermutationGroup<64 |  
\[ 2, 3, 4, 5, 6, 7, 8, 9, 10, 11, 12, 13, 14, 15, 16, 17, 18, 19, 20, 21, 22, 23, 24, 25, 26, 27, 28, 29, 30, 31, 32, 33, 34, 35, 36, 37, 38, 39, 40, 41, 42, 43, 44, 45, 46, 47, 48, 49, 50, 51, 52, 53, 54, 55, 56, 57, 58, 59, 60, 61, 62, 63, 64, 1 ],
\[ 2, 1, 3, 4, 5, 6, 7, 8, 9, 10, 11, 12, 13, 14, 15, 16, 17, 18, 19, 20, 21, 22, 23, 24, 25, 26, 27, 28, 29, 30, 31, 32, 33, 34, 35, 36, 37, 38, 39, 40, 41, 42, 43, 44, 45, 46, 47, 48, 49, 50, 51, 52, 53, 54, 55, 56, 57, 58, 59, 60, 61, 62, 63, 64 ]:
 Order := 126886932185884164103433389335161480802865516174545192198801894375214704230400000000000000 > |
[ 2, 9, 8, 19, 11, 1, 31, 35, 39, 13, 40, 47, 21, 18, 43, 26, 3, 45, 12, 32, 58, 4, 34, 5, 52, 28, 30, 33, 6, 10, 41, 48, 7, 49, 42, 38, 50, 51, 14, 23, 17, 25, 37, 22, 24, 57, 27, 63, 29, 55, 64, 60, 15, 16, 56, 36, 61, 46, 20, 54, 62, 44, 53, 59 ],
[ 3, 10, 14, 6, 16, 27, 1, 36, 35, 18, 44, 2, 38, 25, 17, 34, 55, 46, 43, 22, 24, 53, 4, 61, 5, 63, 39, 29, 41, 56, 37, 33, 15, 7, 45, 52, 8, 57, 21, 28, 9, 51, 30, 49, 60, 11, 50, 19, 12, 13, 54, 59, 47, 32, 42, 58, 20, 64, 26, 40, 23, 48, 31, 62 ],
[ 4, 7, 15, 20, 21, 28, 32, 1, 12, 43, 25, 48, 2, 27, 22, 51, 29, 3, 23, 52, 50, 11, 60, 35, 55, 5, 53, 59, 44, 6, 34, 57, 40, 61, 37, 30, 19, 8, 41, 46, 63, 9, 33, 64, 10, 56, 49, 54, 16, 31, 13, 14, 26, 45, 47, 17, 18, 39, 58, 36, 38, 24, 62, 42 ]
];
edge2`UpstairsFilename := "64S29-16,8,16-g25-3139356450.m";
edge2`DownstairsTriple := [ PermutationGroup<32 |  
\[ 2, 3, 4, 5, 6, 7, 8, 9, 10, 11, 12, 13, 14, 15, 16, 17, 18, 19, 20, 21, 22, 23, 24, 25, 26, 27, 28, 29, 30, 31, 32, 1 ],
\[ 2, 1, 3, 4, 5, 6, 7, 8, 9, 10, 11, 12, 13, 14, 15, 16, 17, 18, 19, 20, 21, 22, 23, 24, 25, 26, 27, 28, 29, 30, 31, 32 ]:
 Order := 263130836933693530167218012160000000 > |
[ 11, 22, 8, 23, 2, 5, 14, 29, 6, 13, 9, 30, 20, 21, 32, 7, 12, 1, 24, 17, 25, 18, 10, 31, 3, 28, 19, 15, 16, 4, 26, 27 ],
[ 3, 10, 5, 18, 7, 4, 1, 26, 29, 11, 12, 2, 19, 27, 25, 15, 31, 20, 30, 6, 9, 21, 32, 16, 24, 14, 8, 13, 22, 28, 23, 17 ],
[ 4, 3, 15, 19, 20, 21, 24, 1, 10, 31, 7, 32, 2, 5, 30, 9, 18, 29, 14, 28, 26, 12, 6, 13, 22, 17, 23, 8, 27, 11, 25, 16 ]
];
edge2`DownstairsFilename := "32S5-8,4,8-g9-3079523836.m";
Append(~s`Edges, edge2);
edge3 := TwoEdgeInitialize();
edge3`Blocks := {@ PowerSet(IntegerRing()) |
{ IntegerRing() | 1, 5 },
{ IntegerRing() | 2, 12 },
{ IntegerRing() | 3, 18 },
{ IntegerRing() | 4, 24 },
{ IntegerRing() | 6, 22 },
{ IntegerRing() | 7, 11 },
{ IntegerRing() | 8, 15 },
{ IntegerRing() | 9, 23 },
{ IntegerRing() | 10, 43 },
{ IntegerRing() | 13, 39 },
{ IntegerRing() | 14, 28 },
{ IntegerRing() | 16, 56 },
{ IntegerRing() | 17, 58 },
{ IntegerRing() | 19, 57 },
{ IntegerRing() | 20, 41 },
{ IntegerRing() | 21, 51 },
{ IntegerRing() | 25, 35 },
{ IntegerRing() | 26, 61 },
{ IntegerRing() | 27, 55 },
{ IntegerRing() | 29, 38 },
{ IntegerRing() | 30, 44 },
{ IntegerRing() | 31, 46 },
{ IntegerRing() | 32, 47 },
{ IntegerRing() | 33, 48 },
{ IntegerRing() | 34, 49 },
{ IntegerRing() | 36, 53 },
{ IntegerRing() | 37, 54 },
{ IntegerRing() | 40, 60 },
{ IntegerRing() | 42, 64 },
{ IntegerRing() | 45, 59 },
{ IntegerRing() | 50, 62 },
{ IntegerRing() | 52, 63 }
@};
edge3`UpstairsTriple := [ PermutationGroup<64 |  
\[ 2, 3, 4, 5, 6, 7, 8, 9, 10, 11, 12, 13, 14, 15, 16, 17, 18, 19, 20, 21, 22, 23, 24, 25, 26, 27, 28, 29, 30, 31, 32, 33, 34, 35, 36, 37, 38, 39, 40, 41, 42, 43, 44, 45, 46, 47, 48, 49, 50, 51, 52, 53, 54, 55, 56, 57, 58, 59, 60, 61, 62, 63, 64, 1 ],
\[ 2, 1, 3, 4, 5, 6, 7, 8, 9, 10, 11, 12, 13, 14, 15, 16, 17, 18, 19, 20, 21, 22, 23, 24, 25, 26, 27, 28, 29, 30, 31, 32, 33, 34, 35, 36, 37, 38, 39, 40, 41, 42, 43, 44, 45, 46, 47, 48, 49, 50, 51, 52, 53, 54, 55, 56, 57, 58, 59, 60, 61, 62, 63, 64 ]:
 Order := 126886932185884164103433389335161480802865516174545192198801894375214704230400000000000000 > |
[ 12, 23, 8, 51, 2, 5, 46, 25, 47, 14, 31, 9, 62, 48, 35, 20, 64, 15, 18, 59, 13, 1, 32, 21, 24, 34, 30, 33, 22, 10, 60, 56, 11, 53, 4, 38, 63, 6, 50, 57, 45, 54, 28, 43, 17, 40, 16, 7, 36, 55, 39, 26, 29, 52, 44, 41, 3, 42, 58, 19, 49, 27, 61, 37 ],
[ 3, 10, 16, 22, 18, 27, 1, 36, 25, 41, 5, 43, 2, 29, 53, 21, 57, 56, 26, 31, 42, 55, 35, 6, 59, 4, 32, 38, 40, 34, 54, 48, 58, 7, 45, 13, 8, 60, 12, 9, 46, 30, 20, 49, 50, 37, 33, 17, 11, 63, 64, 14, 39, 15, 47, 51, 61, 19, 62, 23, 24, 52, 28, 44 ],
[ 4, 11, 17, 23, 24, 28, 32, 1, 39, 42, 47, 7, 16, 2, 5, 55, 35, 58, 38, 3, 61, 14, 13, 9, 37, 62, 59, 12, 15, 6, 49, 60, 63, 19, 54, 44, 51, 8, 56, 41, 18, 33, 64, 22, 10, 34, 40, 52, 57, 53, 26, 31, 30, 21, 45, 27, 29, 25, 43, 20, 50, 36, 46, 48 ]
];
edge3`UpstairsFilename := "64S29-16,8,16-g25-682785260.m";
edge3`DownstairsTriple := [ PermutationGroup<32 |  
\[ 2, 3, 4, 5, 6, 7, 8, 9, 10, 11, 12, 13, 14, 15, 16, 17, 18, 19, 20, 21, 22, 23, 24, 25, 26, 27, 28, 29, 30, 31, 32, 1 ],
\[ 2, 1, 3, 4, 5, 6, 7, 8, 9, 10, 11, 12, 13, 14, 15, 16, 17, 18, 19, 20, 21, 22, 23, 24, 25, 26, 27, 28, 29, 30, 31, 32 ]:
 Order := 263130836933693530167218012160000000 > |
[ 11, 29, 8, 10, 2, 5, 12, 13, 26, 25, 9, 30, 4, 21, 18, 14, 16, 32, 1, 7, 20, 27, 3, 19, 31, 15, 28, 24, 22, 23, 17, 6 ],
[ 3, 8, 15, 19, 16, 23, 1, 28, 13, 5, 14, 2, 32, 18, 10, 27, 26, 12, 17, 6, 24, 4, 22, 30, 11, 20, 7, 25, 21, 9, 29, 31 ],
[ 4, 10, 6, 9, 20, 13, 26, 1, 25, 22, 7, 27, 2, 5, 17, 19, 32, 3, 21, 29, 11, 31, 24, 8, 15, 30, 23, 16, 12, 18, 28, 14 ]
];
edge3`DownstairsFilename := "32S17-16,8,16-g13-298338810.m";
Append(~s`Edges, edge3);

/*
Return for eval
*/

return s;
