s := TwoDBInitialize();

/*
Magma printing
*/

s`Name := "64S22-8,8,8-g21-932082134";
s`Filename := "64S22-8,8,8-g21-932082134.m";
s`Degree := 64;
s`Orders := \[ 8, 8, 8 ];
s`Geometry := "Hyperbolic";
s`Genus := 21;
s`Level := 6;
s`PermutationTriple := [ PermutationGroup<64 |  
\[ 2, 3, 4, 5, 6, 7, 8, 9, 10, 11, 12, 13, 14, 15, 16, 17, 18, 19, 20, 21, 22, 23, 24, 25, 26, 27, 28, 29, 30, 31, 32, 33, 34, 35, 36, 37, 38, 39, 40, 41, 42, 43, 44, 45, 46, 47, 48, 49, 50, 51, 52, 53, 54, 55, 56, 57, 58, 59, 60, 61, 62, 63, 64, 1 ],
\[ 2, 1, 3, 4, 5, 6, 7, 8, 9, 10, 11, 12, 13, 14, 15, 16, 17, 18, 19, 20, 21, 22, 23, 24, 25, 26, 27, 28, 29, 30, 31, 32, 33, 34, 35, 36, 37, 38, 39, 40, 41, 42, 43, 44, 45, 46, 47, 48, 49, 50, 51, 52, 53, 54, 55, 56, 57, 58, 59, 60, 61, 62, 63, 64 ]:
 Order := 126886932185884164103433389335161480802865516174545192198801894375214704230400000000000000 > |
[ 12, 32, 8, 17, 2, 5, 10, 34, 42, 13, 27, 9, 47, 30, 18, 44, 14, 55, 1, 6, 3, 21, 15, 7, 28, 19, 36, 11, 57, 60, 48, 33, 63, 35, 59, 40, 38, 16, 37, 64, 23, 61, 45, 31, 50, 4, 43, 54, 25, 24, 22, 26, 46, 39, 58, 20, 41, 29, 51, 62, 52, 53, 56, 49 ],
[ 3, 10, 15, 19, 17, 24, 1, 2, 34, 37, 5, 27, 9, 12, 43, 21, 44, 14, 28, 46, 6, 41, 4, 54, 20, 22, 57, 58, 7, 48, 8, 30, 47, 55, 33, 32, 51, 36, 11, 23, 13, 40, 61, 64, 31, 38, 16, 25, 18, 26, 56, 49, 52, 35, 50, 45, 53, 60, 29, 42, 59, 39, 62, 63 ],
[ 4, 11, 16, 20, 21, 25, 6, 1, 14, 29, 19, 7, 2, 5, 40, 46, 23, 3, 50, 51, 26, 37, 22, 55, 52, 53, 39, 48, 28, 18, 17, 8, 36, 31, 9, 12, 62, 10, 24, 38, 27, 13, 33, 47, 15, 57, 41, 45, 44, 56, 61, 43, 63, 30, 49, 64, 59, 34, 54, 32, 60, 58, 35, 42 ]
];
s`MonodromyGroup := PermutationGroup<64 |  
\[ 12, 32, 8, 17, 2, 5, 10, 34, 42, 13, 27, 9, 47, 30, 18, 44, 14, 55, 1, 6, 3, 21, 15, 7, 28, 19, 36, 11, 57, 60, 48, 33, 63, 35, 59, 40, 38, 16, 37, 64, 23, 61, 45, 31, 50, 4, 43, 54, 25, 24, 22, 26, 46, 39, 58, 20, 41, 29, 51, 62, 52, 53, 56, 49 ],
\[ 3, 10, 15, 19, 17, 24, 1, 2, 34, 37, 5, 27, 9, 12, 43, 21, 44, 14, 28, 46, 6, 41, 4, 54, 20, 22, 57, 58, 7, 48, 8, 30, 47, 55, 33, 32, 51, 36, 11, 23, 13, 40, 61, 64, 31, 38, 16, 25, 18, 26, 56, 49, 52, 35, 50, 45, 53, 60, 29, 42, 59, 39, 62, 63 ],
\[ 4, 11, 16, 20, 21, 25, 6, 1, 14, 29, 19, 7, 2, 5, 40, 46, 23, 3, 50, 51, 26, 37, 22, 55, 52, 53, 39, 48, 28, 18, 17, 8, 36, 31, 9, 12, 62, 10, 24, 38, 27, 13, 33, 47, 15, 57, 41, 45, 44, 56, 61, 43, 63, 30, 49, 64, 59, 34, 54, 32, 60, 58, 35, 42 ] >;

/*
Edge printing
*/

s`Edges := [];
edge1 := TwoEdgeInitialize();
edge1`Blocks := {@ PowerSet(IntegerRing()) |
{ IntegerRing() | 1, 5 },
{ IntegerRing() | 2, 12 },
{ IntegerRing() | 3, 17 },
{ IntegerRing() | 4, 21 },
{ IntegerRing() | 6, 19 },
{ IntegerRing() | 7, 11 },
{ IntegerRing() | 8, 14 },
{ IntegerRing() | 9, 32 },
{ IntegerRing() | 10, 27 },
{ IntegerRing() | 13, 36 },
{ IntegerRing() | 15, 44 },
{ IntegerRing() | 16, 23 },
{ IntegerRing() | 18, 31 },
{ IntegerRing() | 20, 26 },
{ IntegerRing() | 22, 46 },
{ IntegerRing() | 24, 28 },
{ IntegerRing() | 25, 50 },
{ IntegerRing() | 29, 39 },
{ IntegerRing() | 30, 34 },
{ IntegerRing() | 33, 42 },
{ IntegerRing() | 35, 60 },
{ IntegerRing() | 37, 57 },
{ IntegerRing() | 38, 41 },
{ IntegerRing() | 40, 47 },
{ IntegerRing() | 43, 64 },
{ IntegerRing() | 45, 49 },
{ IntegerRing() | 48, 55 },
{ IntegerRing() | 51, 53 },
{ IntegerRing() | 52, 56 },
{ IntegerRing() | 54, 58 },
{ IntegerRing() | 59, 62 },
{ IntegerRing() | 61, 63 }
@};
edge1`UpstairsTriple := [ PermutationGroup<64 |  
\[ 2, 3, 4, 5, 6, 7, 8, 9, 10, 11, 12, 13, 14, 15, 16, 17, 18, 19, 20, 21, 22, 23, 24, 25, 26, 27, 28, 29, 30, 31, 32, 33, 34, 35, 36, 37, 38, 39, 40, 41, 42, 43, 44, 45, 46, 47, 48, 49, 50, 51, 52, 53, 54, 55, 56, 57, 58, 59, 60, 61, 62, 63, 64, 1 ],
\[ 2, 1, 3, 4, 5, 6, 7, 8, 9, 10, 11, 12, 13, 14, 15, 16, 17, 18, 19, 20, 21, 22, 23, 24, 25, 26, 27, 28, 29, 30, 31, 32, 33, 34, 35, 36, 37, 38, 39, 40, 41, 42, 43, 44, 45, 46, 47, 48, 49, 50, 51, 52, 53, 54, 55, 56, 57, 58, 59, 60, 61, 62, 63, 64 ]:
 Order := 126886932185884164103433389335161480802865516174545192198801894375214704230400000000000000 > |
[ 12, 32, 8, 17, 2, 5, 10, 34, 42, 13, 27, 9, 47, 30, 18, 44, 14, 55, 1, 6, 3, 21, 15, 7, 28, 19, 36, 11, 57, 60, 48, 33, 63, 35, 59, 40, 38, 16, 37, 64, 23, 61, 45, 31, 50, 4, 43, 54, 25, 24, 22, 26, 46, 39, 58, 20, 41, 29, 51, 62, 52, 53, 56, 49 ],
[ 3, 10, 15, 19, 17, 24, 1, 2, 34, 37, 5, 27, 9, 12, 43, 21, 44, 14, 28, 46, 6, 41, 4, 54, 20, 22, 57, 58, 7, 48, 8, 30, 47, 55, 33, 32, 51, 36, 11, 23, 13, 40, 61, 64, 31, 38, 16, 25, 18, 26, 56, 49, 52, 35, 50, 45, 53, 60, 29, 42, 59, 39, 62, 63 ],
[ 4, 11, 16, 20, 21, 25, 6, 1, 14, 29, 19, 7, 2, 5, 40, 46, 23, 3, 50, 51, 26, 37, 22, 55, 52, 53, 39, 48, 28, 18, 17, 8, 36, 31, 9, 12, 62, 10, 24, 38, 27, 13, 33, 47, 15, 57, 41, 45, 44, 56, 61, 43, 63, 30, 49, 64, 59, 34, 54, 32, 60, 58, 35, 42 ]
];
edge1`UpstairsFilename := "64S22-8,8,8-g21-932082134.m";
edge1`DownstairsTriple := [ PermutationGroup<32 |  
\[ 2, 3, 4, 5, 6, 7, 8, 9, 10, 11, 12, 13, 14, 15, 16, 17, 18, 19, 20, 21, 22, 23, 24, 25, 26, 27, 28, 29, 30, 31, 32, 1 ],
\[ 2, 1, 3, 4, 5, 6, 7, 8, 9, 10, 11, 12, 13, 14, 15, 16, 17, 18, 19, 20, 21, 22, 23, 24, 25, 26, 27, 28, 29, 30, 31, 32 ]:
 Order := 263130836933693530167218012160000000 > |
[ 2, 9, 8, 3, 11, 1, 10, 26, 20, 12, 17, 30, 16, 13, 22, 32, 6, 15, 4, 5, 28, 19, 7, 23, 27, 18, 29, 24, 14, 21, 25, 31 ],
[ 3, 10, 13, 6, 15, 23, 1, 2, 26, 27, 28, 9, 21, 4, 25, 8, 19, 20, 29, 30, 5, 11, 31, 17, 7, 32, 22, 16, 12, 14, 18, 24 ],
[ 4, 7, 14, 17, 18, 24, 6, 1, 8, 25, 21, 2, 30, 19, 31, 3, 22, 9, 27, 12, 20, 5, 32, 11, 23, 16, 15, 13, 10, 29, 26, 28 ]
];
edge1`DownstairsFilename := "32S15-8,8,8-g11-3822551829.m";
Append(~s`Edges, edge1);
edge2 := TwoEdgeInitialize();
edge2`Blocks := {@ PowerSet(IntegerRing()) |
{ IntegerRing() | 1, 5 },
{ IntegerRing() | 2, 11 },
{ IntegerRing() | 3, 16 },
{ IntegerRing() | 4, 21 },
{ IntegerRing() | 6, 24 },
{ IntegerRing() | 7, 25 },
{ IntegerRing() | 8, 26 },
{ IntegerRing() | 9, 29 },
{ IntegerRing() | 10, 43 },
{ IntegerRing() | 12, 45 },
{ IntegerRing() | 13, 46 },
{ IntegerRing() | 14, 34 },
{ IntegerRing() | 15, 54 },
{ IntegerRing() | 17, 40 },
{ IntegerRing() | 18, 41 },
{ IntegerRing() | 19, 58 },
{ IntegerRing() | 20, 38 },
{ IntegerRing() | 22, 47 },
{ IntegerRing() | 23, 60 },
{ IntegerRing() | 27, 49 },
{ IntegerRing() | 28, 39 },
{ IntegerRing() | 30, 61 },
{ IntegerRing() | 31, 52 },
{ IntegerRing() | 32, 51 },
{ IntegerRing() | 33, 55 },
{ IntegerRing() | 35, 56 },
{ IntegerRing() | 36, 59 },
{ IntegerRing() | 37, 62 },
{ IntegerRing() | 42, 53 },
{ IntegerRing() | 44, 57 },
{ IntegerRing() | 48, 64 },
{ IntegerRing() | 50, 63 }
@};
edge2`UpstairsTriple := [ PermutationGroup<64 |  
\[ 2, 3, 4, 5, 6, 7, 8, 9, 10, 11, 12, 13, 14, 15, 16, 17, 18, 19, 20, 21, 22, 23, 24, 25, 26, 27, 28, 29, 30, 31, 32, 33, 34, 35, 36, 37, 38, 39, 40, 41, 42, 43, 44, 45, 46, 47, 48, 49, 50, 51, 52, 53, 54, 55, 56, 57, 58, 59, 60, 61, 62, 63, 64, 1 ],
\[ 2, 1, 3, 4, 5, 6, 7, 8, 9, 10, 11, 12, 13, 14, 15, 16, 17, 18, 19, 20, 21, 22, 23, 24, 25, 26, 27, 28, 29, 30, 31, 32, 33, 34, 35, 36, 37, 38, 39, 40, 41, 42, 43, 44, 45, 46, 47, 48, 49, 50, 51, 52, 53, 54, 55, 56, 57, 58, 59, 60, 61, 62, 63, 64 ]:
 Order := 126886932185884164103433389335161480802865516174545192198801894375214704230400000000000000 > |
[ 2, 9, 8, 19, 11, 1, 31, 35, 24, 13, 29, 47, 49, 18, 53, 26, 3, 57, 12, 32, 58, 4, 14, 5, 52, 56, 30, 33, 6, 10, 39, 48, 7, 41, 40, 38, 63, 51, 55, 16, 44, 62, 46, 23, 22, 27, 21, 36, 61, 15, 64, 28, 37, 42, 25, 17, 60, 45, 20, 34, 43, 50, 54, 59 ],
[ 3, 10, 14, 6, 16, 27, 1, 36, 35, 41, 43, 2, 38, 25, 17, 34, 32, 12, 53, 22, 24, 50, 4, 49, 5, 59, 60, 29, 56, 48, 62, 33, 54, 7, 57, 31, 8, 47, 9, 51, 45, 30, 18, 39, 11, 20, 63, 19, 23, 13, 55, 37, 61, 40, 15, 44, 28, 42, 52, 21, 64, 26, 46, 58 ],
[ 4, 7, 15, 20, 21, 28, 32, 1, 12, 42, 25, 48, 2, 49, 22, 54, 29, 3, 23, 26, 38, 41, 56, 39, 51, 5, 63, 59, 45, 6, 34, 46, 57, 27, 37, 30, 19, 8, 36, 9, 16, 33, 53, 10, 64, 11, 18, 17, 50, 31, 13, 14, 55, 47, 44, 62, 43, 60, 61, 35, 24, 58, 52, 40 ]
];
edge2`UpstairsFilename := "64S22-8,8,8-g21-2840778106.m";
edge2`DownstairsTriple := [ PermutationGroup<32 |  
\[ 2, 3, 4, 5, 6, 7, 8, 9, 10, 11, 12, 13, 14, 15, 16, 17, 18, 19, 20, 21, 22, 23, 24, 25, 26, 27, 28, 29, 30, 31, 32, 1 ],
\[ 2, 1, 3, 4, 5, 6, 7, 8, 9, 10, 11, 12, 13, 14, 15, 16, 17, 18, 19, 20, 21, 22, 23, 24, 25, 26, 27, 28, 29, 30, 31, 32 ]:
 Order := 263130836933693530167218012160000000 > |
[ 6, 1, 8, 20, 2, 5, 26, 15, 11, 24, 22, 3, 16, 32, 12, 30, 4, 25, 17, 19, 13, 23, 9, 7, 31, 10, 18, 29, 14, 21, 27, 28 ],
[ 3, 9, 13, 2, 15, 22, 1, 27, 21, 5, 31, 25, 7, 12, 30, 19, 29, 17, 6, 32, 4, 16, 18, 14, 24, 28, 26, 8, 23, 10, 20, 11 ],
[ 4, 10, 14, 18, 19, 7, 25, 1, 29, 27, 2, 5, 9, 17, 28, 3, 16, 8, 31, 21, 15, 32, 6, 30, 23, 13, 11, 20, 26, 22, 12, 24 ]
];
edge2`DownstairsFilename := "32S2-4,4,4-g5-3984326407.m";
Append(~s`Edges, edge2);
edge3 := TwoEdgeInitialize();
edge3`Blocks := {@ PowerSet(IntegerRing()) |
{ IntegerRing() | 1, 5 },
{ IntegerRing() | 2, 12 },
{ IntegerRing() | 3, 18 },
{ IntegerRing() | 4, 24 },
{ IntegerRing() | 6, 22 },
{ IntegerRing() | 7, 11 },
{ IntegerRing() | 8, 15 },
{ IntegerRing() | 9, 23 },
{ IntegerRing() | 10, 41 },
{ IntegerRing() | 13, 39 },
{ IntegerRing() | 14, 28 },
{ IntegerRing() | 16, 55 },
{ IntegerRing() | 17, 58 },
{ IntegerRing() | 19, 57 },
{ IntegerRing() | 20, 51 },
{ IntegerRing() | 21, 50 },
{ IntegerRing() | 25, 35 },
{ IntegerRing() | 26, 56 },
{ IntegerRing() | 27, 61 },
{ IntegerRing() | 29, 38 },
{ IntegerRing() | 30, 42 },
{ IntegerRing() | 31, 44 },
{ IntegerRing() | 32, 45 },
{ IntegerRing() | 33, 46 },
{ IntegerRing() | 34, 47 },
{ IntegerRing() | 36, 53 },
{ IntegerRing() | 37, 54 },
{ IntegerRing() | 40, 62 },
{ IntegerRing() | 43, 63 },
{ IntegerRing() | 48, 59 },
{ IntegerRing() | 49, 64 },
{ IntegerRing() | 52, 60 }
@};
edge3`UpstairsTriple := [ PermutationGroup<64 |  
\[ 2, 3, 4, 5, 6, 7, 8, 9, 10, 11, 12, 13, 14, 15, 16, 17, 18, 19, 20, 21, 22, 23, 24, 25, 26, 27, 28, 29, 30, 31, 32, 33, 34, 35, 36, 37, 38, 39, 40, 41, 42, 43, 44, 45, 46, 47, 48, 49, 50, 51, 52, 53, 54, 55, 56, 57, 58, 59, 60, 61, 62, 63, 64, 1 ],
\[ 2, 1, 3, 4, 5, 6, 7, 8, 9, 10, 11, 12, 13, 14, 15, 16, 17, 18, 19, 20, 21, 22, 23, 24, 25, 26, 27, 28, 29, 30, 31, 32, 33, 34, 35, 36, 37, 38, 39, 40, 41, 42, 43, 44, 45, 46, 47, 48, 49, 50, 51, 52, 53, 54, 55, 56, 57, 58, 59, 60, 61, 62, 63, 64 ]:
 Order := 126886932185884164103433389335161480802865516174545192198801894375214704230400000000000000 > |
[ 12, 23, 8, 50, 2, 5, 44, 25, 45, 14, 31, 9, 59, 46, 35, 20, 47, 15, 18, 52, 13, 1, 32, 21, 24, 16, 30, 33, 22, 10, 62, 64, 11, 54, 4, 38, 43, 6, 48, 27, 28, 41, 56, 40, 49, 7, 37, 19, 53, 39, 60, 58, 29, 63, 51, 55, 3, 34, 57, 17, 42, 61, 26, 36 ],
[ 3, 10, 16, 22, 18, 27, 1, 36, 25, 37, 5, 41, 2, 29, 53, 30, 57, 55, 45, 39, 34, 61, 35, 6, 52, 4, 17, 38, 59, 49, 20, 46, 26, 7, 60, 44, 8, 48, 12, 9, 54, 64, 62, 51, 33, 56, 11, 43, 21, 47, 13, 14, 31, 15, 42, 24, 32, 19, 63, 28, 58, 23, 40, 50 ],
[ 4, 11, 17, 23, 24, 28, 32, 1, 39, 16, 45, 7, 49, 2, 5, 33, 35, 58, 38, 3, 56, 14, 13, 9, 37, 59, 63, 12, 15, 6, 47, 62, 60, 61, 54, 42, 50, 8, 64, 36, 55, 22, 10, 34, 40, 52, 27, 20, 19, 26, 18, 31, 30, 21, 46, 48, 29, 25, 51, 44, 43, 53, 41, 57 ]
];
edge3`UpstairsFilename := "64S22-8,8,8-g21-756926901.m";
edge3`DownstairsTriple := [ PermutationGroup<32 |  
\[ 2, 3, 4, 5, 6, 7, 8, 9, 10, 11, 12, 13, 14, 15, 16, 17, 18, 19, 20, 21, 22, 23, 24, 25, 26, 27, 28, 29, 30, 31, 32, 1 ],
\[ 2, 1, 3, 4, 5, 6, 7, 8, 9, 10, 11, 12, 13, 14, 15, 16, 17, 18, 19, 20, 21, 22, 23, 24, 25, 26, 27, 28, 29, 30, 31, 32 ]:
 Order := 263130836933693530167218012160000000 > |
[ 2, 9, 8, 16, 11, 1, 25, 19, 21, 13, 24, 31, 26, 18, 27, 12, 3, 32, 4, 14, 5, 10, 22, 6, 29, 7, 28, 30, 23, 20, 17, 15 ],
[ 3, 10, 14, 6, 16, 23, 1, 11, 19, 28, 25, 2, 24, 22, 17, 27, 21, 12, 32, 4, 26, 5, 15, 31, 18, 20, 7, 8, 9, 29, 30, 13 ],
[ 4, 7, 15, 9, 17, 13, 21, 1, 12, 14, 22, 5, 2, 26, 19, 20, 24, 3, 28, 31, 29, 6, 30, 8, 27, 32, 23, 16, 11, 10, 18, 25 ]
];
edge3`DownstairsFilename := "32S15-8,8,8-g11-4018501237.m";
Append(~s`Edges, edge3);

/*
Return for eval
*/

return s;
