s := TwoDBInitialize();

/*
Magma printing
*/

s`AutomorphismGroup := PermutationGroup<64 |  
\[ 61, 52, 64, 45, 51, 47, 46, 56, 58, 54, 63, 50, 36, 55, 49, 62, 59, 48, 29, 35, 33, 32, 60, 31, 34, 30, 44, 53, 57, 38, 39, 40, 42, 19, 43, 16, 17, 9, 8, 14, 13, 10, 28, 37, 41, 24, 26, 21, 22, 4, 27, 6, 3, 23, 5, 12, 2, 1, 11, 20, 25, 7, 15, 18 ],
\[ 64, 56, 55, 49, 62, 50, 61, 59, 53, 57, 54, 63, 38, 36, 60, 58, 42, 51, 33, 47, 44, 35, 52, 34, 48, 45, 46, 40, 39, 43, 37, 41, 19, 24, 22, 14, 31, 13, 29, 28, 32, 17, 30, 21, 26, 27, 20, 25, 4, 6, 18, 23, 9, 11, 3, 2, 10, 16, 8, 15, 7, 5, 12, 1 ]:
 Order := 64 >;
s`Blocks := {@ PowerSet(IntegerRing()) |
{ IntegerRing() | 1, 5 },
{ IntegerRing() | 2, 11 },
{ IntegerRing() | 3, 16 },
{ IntegerRing() | 4, 20 },
{ IntegerRing() | 6, 15 },
{ IntegerRing() | 7, 18 },
{ IntegerRing() | 8, 10 },
{ IntegerRing() | 9, 14 },
{ IntegerRing() | 12, 23 },
{ IntegerRing() | 13, 28 },
{ IntegerRing() | 17, 29 },
{ IntegerRing() | 19, 37 },
{ IntegerRing() | 21, 24 },
{ IntegerRing() | 22, 26 },
{ IntegerRing() | 25, 27 },
{ IntegerRing() | 30, 32 },
{ IntegerRing() | 31, 33 },
{ IntegerRing() | 34, 44 },
{ IntegerRing() | 35, 45 },
{ IntegerRing() | 36, 53 },
{ IntegerRing() | 38, 40 },
{ IntegerRing() | 39, 42 },
{ IntegerRing() | 41, 43 },
{ IntegerRing() | 46, 48 },
{ IntegerRing() | 47, 49 },
{ IntegerRing() | 50, 60 },
{ IntegerRing() | 51, 61 },
{ IntegerRing() | 52, 63 },
{ IntegerRing() | 54, 56 },
{ IntegerRing() | 55, 58 },
{ IntegerRing() | 57, 59 },
{ IntegerRing() | 62, 64 }
@};
s`Child := "32S16-16,16,8-g13-path4";
s`Degree := 64;
s`Filename := "64S29-16,16,8-g25-path13.m";
s`GaloisOrbit := [ PowerSequence(PermutationGroup<64 |  
\[ 2, 3, 4, 5, 6, 7, 8, 9, 10, 11, 12, 13, 14, 15, 16, 17, 18, 19, 20, 21, 22, 23, 24, 25, 26, 27, 28, 29, 30, 31, 32, 33, 34, 35, 36, 37, 38, 39, 40, 41, 42, 43, 44, 45, 46, 47, 48, 49, 50, 51, 52, 53, 54, 55, 56, 57, 58, 59, 60, 61, 62, 63, 64, 1 ],
\[ 2, 1, 3, 4, 5, 6, 7, 8, 9, 10, 11, 12, 13, 14, 15, 16, 17, 18, 19, 20, 21, 22, 23, 24, 25, 26, 27, 28, 29, 30, 31, 32, 33, 34, 35, 36, 37, 38, 39, 40, 41, 42, 43, 44, 45, 46, 47, 48, 49, 50, 51, 52, 53, 54, 55, 56, 57, 58, 59, 60, 61, 62, 63, 64 ]:
 Order := 126886932185884164103433389335161480802865516174545192198801894375214704230400000000000000 >) |
[ PermutationGroup<64 |  
\[ 2, 3, 4, 5, 6, 7, 8, 9, 10, 11, 12, 13, 14, 15, 16, 17, 18, 19, 20, 21, 22, 23, 24, 25, 26, 27, 28, 29, 30, 31, 32, 33, 34, 35, 36, 37, 38, 39, 40, 41, 42, 43, 44, 45, 46, 47, 48, 49, 50, 51, 52, 53, 54, 55, 56, 57, 58, 59, 60, 61, 62, 63, 64, 1 ],
\[ 2, 1, 3, 4, 5, 6, 7, 8, 9, 10, 11, 12, 13, 14, 15, 16, 17, 18, 19, 20, 21, 22, 23, 24, 25, 26, 27, 28, 29, 30, 31, 32, 33, 34, 35, 36, 37, 38, 39, 40, 41, 42, 43, 44, 45, 46, 47, 48, 49, 50, 51, 52, 53, 54, 55, 56, 57, 58, 59, 60, 61, 62, 63, 64 ]:
 Order := 126886932185884164103433389335161480802865516174545192198801894375214704230400000000000000 > |
[ 2, 9, 8, 18, 11, 1, 23, 28, 29, 13, 14, 3, 33, 17, 5, 10, 32, 12, 26, 7, 4, 27, 16, 20, 6, 25, 15, 31, 30, 34, 35, 44, 45, 47, 46, 42, 22, 19, 43, 37, 21, 41, 24, 49, 48, 60, 61, 50, 51, 64, 63, 58, 39, 36, 59, 53, 38, 57, 40, 62, 52, 54, 55, 56 ],
[ 3, 10, 14, 6, 16, 23, 1, 29, 28, 17, 8, 2, 30, 13, 12, 9, 31, 5, 21, 15, 27, 4, 11, 25, 18, 20, 7, 32, 33, 35, 34, 45, 44, 48, 49, 38, 24, 43, 19, 41, 26, 37, 22, 46, 47, 61, 60, 51, 50, 52, 62, 54, 40, 59, 36, 57, 42, 53, 39, 63, 64, 58, 56, 55 ],
[ 4, 7, 15, 19, 20, 24, 26, 1, 12, 5, 18, 25, 2, 23, 21, 6, 3, 22, 36, 37, 40, 42, 27, 38, 41, 39, 43, 11, 16, 8, 9, 10, 14, 13, 17, 52, 53, 56, 58, 54, 57, 55, 59, 28, 29, 30, 31, 32, 33, 34, 35, 46, 63, 51, 60, 61, 62, 50, 64, 44, 45, 47, 48, 49 ]
]
];
s`GaloisOrbitSize := 1;
s`Genus := 25;
s`Geometry := "Hyperbolic";
s`Level := 6;
s`MonodromyGroup := PermutationGroup<64 |  
\[ 2, 9, 8, 18, 11, 1, 23, 28, 29, 13, 14, 3, 33, 17, 5, 10, 32, 12, 26, 7, 4, 27, 16, 20, 6, 25, 15, 31, 30, 34, 35, 44, 45, 47, 46, 42, 22, 19, 43, 37, 21, 41, 24, 49, 48, 60, 61, 50, 51, 64, 63, 58, 39, 36, 59, 53, 38, 57, 40, 62, 52, 54, 55, 56 ],
\[ 3, 10, 14, 6, 16, 23, 1, 29, 28, 17, 8, 2, 30, 13, 12, 9, 31, 5, 21, 15, 27, 4, 11, 25, 18, 20, 7, 32, 33, 35, 34, 45, 44, 48, 49, 38, 24, 43, 19, 41, 26, 37, 22, 46, 47, 61, 60, 51, 50, 52, 62, 54, 40, 59, 36, 57, 42, 53, 39, 63, 64, 58, 56, 55 ],
\[ 4, 7, 15, 19, 20, 24, 26, 1, 12, 5, 18, 25, 2, 23, 21, 6, 3, 22, 36, 37, 40, 42, 27, 38, 41, 39, 43, 11, 16, 8, 9, 10, 14, 13, 17, 52, 53, 56, 58, 54, 57, 55, 59, 28, 29, 30, 31, 32, 33, 34, 35, 46, 63, 51, 60, 61, 62, 50, 64, 44, 45, 47, 48, 49 ] >;
s`Name := "64S29-16,16,8-g25-path13";
s`Orders := \[ 16, 16, 8 ];
s`Passport := [ PowerSequence(PermutationGroup<64 |  
\[ 2, 9, 8, 18, 11, 1, 23, 28, 29, 13, 14, 3, 33, 17, 5, 10, 32, 12, 26, 7, 4, 27, 16, 20, 6, 25, 15, 31, 30, 34, 35, 44, 45, 47, 46, 42, 22, 19, 43, 37, 21, 41, 24, 49, 48, 60, 61, 50, 51, 64, 63, 58, 39, 36, 59, 53, 38, 57, 40, 62, 52, 54, 55, 56 ],
\[ 3, 10, 14, 6, 16, 23, 1, 29, 28, 17, 8, 2, 30, 13, 12, 9, 31, 5, 21, 15, 27, 4, 11, 25, 18, 20, 7, 32, 33, 35, 34, 45, 44, 48, 49, 38, 24, 43, 19, 41, 26, 37, 22, 46, 47, 61, 60, 51, 50, 52, 62, 54, 40, 59, 36, 57, 42, 53, 39, 63, 64, 58, 56, 55 ],
\[ 4, 7, 15, 19, 20, 24, 26, 1, 12, 5, 18, 25, 2, 23, 21, 6, 3, 22, 36, 37, 40, 42, 27, 38, 41, 39, 43, 11, 16, 8, 9, 10, 14, 13, 17, 52, 53, 56, 58, 54, 57, 55, 59, 28, 29, 30, 31, 32, 33, 34, 35, 46, 63, 51, 60, 61, 62, 50, 64, 44, 45, 47, 48, 49 ]:
 Order := 64 >) |
[ PermutationGroup<64 |  
\[ 2, 9, 8, 18, 11, 1, 23, 28, 29, 13, 14, 3, 33, 17, 5, 10, 32, 12, 26, 7, 4, 27, 16, 20, 6, 25, 15, 31, 30, 34, 35, 44, 45, 47, 46, 42, 22, 19, 43, 37, 21, 41, 24, 49, 48, 60, 61, 50, 51, 64, 63, 58, 39, 36, 59, 53, 38, 57, 40, 62, 52, 54, 55, 56 ],
\[ 3, 10, 14, 6, 16, 23, 1, 29, 28, 17, 8, 2, 30, 13, 12, 9, 31, 5, 21, 15, 27, 4, 11, 25, 18, 20, 7, 32, 33, 35, 34, 45, 44, 48, 49, 38, 24, 43, 19, 41, 26, 37, 22, 46, 47, 61, 60, 51, 50, 52, 62, 54, 40, 59, 36, 57, 42, 53, 39, 63, 64, 58, 56, 55 ],
\[ 4, 7, 15, 19, 20, 24, 26, 1, 12, 5, 18, 25, 2, 23, 21, 6, 3, 22, 36, 37, 40, 42, 27, 38, 41, 39, 43, 11, 16, 8, 9, 10, 14, 13, 17, 52, 53, 56, 58, 54, 57, 55, 59, 28, 29, 30, 31, 32, 33, 34, 35, 46, 63, 51, 60, 61, 62, 50, 64, 44, 45, 47, 48, 49 ]:
 Order := 64 > |
[ 2, 9, 8, 18, 11, 1, 23, 28, 29, 13, 14, 3, 33, 17, 5, 10, 32, 12, 26, 7, 4, 27, 16, 20, 6, 25, 15, 31, 30, 34, 35, 44, 45, 47, 46, 42, 22, 19, 43, 37, 21, 41, 24, 49, 48, 60, 61, 50, 51, 64, 63, 58, 39, 36, 59, 53, 38, 57, 40, 62, 52, 54, 55, 56 ],
[ 3, 10, 14, 6, 16, 23, 1, 29, 28, 17, 8, 2, 30, 13, 12, 9, 31, 5, 21, 15, 27, 4, 11, 25, 18, 20, 7, 32, 33, 35, 34, 45, 44, 48, 49, 38, 24, 43, 19, 41, 26, 37, 22, 46, 47, 61, 60, 51, 50, 52, 62, 54, 40, 59, 36, 57, 42, 53, 39, 63, 64, 58, 56, 55 ],
[ 4, 7, 15, 19, 20, 24, 26, 1, 12, 5, 18, 25, 2, 23, 21, 6, 3, 22, 36, 37, 40, 42, 27, 38, 41, 39, 43, 11, 16, 8, 9, 10, 14, 13, 17, 52, 53, 56, 58, 54, 57, 55, 59, 28, 29, 30, 31, 32, 33, 34, 35, 46, 63, 51, 60, 61, 62, 50, 64, 44, 45, 47, 48, 49 ]
],
[ PermutationGroup<64 |  
\[ 2, 9, 8, 18, 11, 1, 23, 28, 29, 13, 14, 3, 33, 17, 5, 10, 32, 12, 26, 7, 4, 27, 16, 20, 6, 25, 15, 31, 30, 34, 35, 44, 45, 47, 46, 42, 22, 19, 43, 37, 21, 41, 24, 49, 48, 60, 61, 50, 51, 64, 63, 58, 39, 36, 59, 53, 38, 57, 40, 62, 52, 54, 55, 56 ],
\[ 3, 10, 14, 6, 16, 23, 1, 29, 28, 17, 8, 2, 30, 13, 12, 9, 31, 5, 21, 15, 27, 4, 11, 25, 18, 20, 7, 32, 33, 35, 34, 45, 44, 48, 49, 38, 24, 43, 19, 41, 26, 37, 22, 46, 47, 61, 60, 51, 50, 52, 62, 54, 40, 59, 36, 57, 42, 53, 39, 63, 64, 58, 56, 55 ],
\[ 4, 7, 15, 19, 20, 24, 26, 1, 12, 5, 18, 25, 2, 23, 21, 6, 3, 22, 36, 37, 40, 42, 27, 38, 41, 39, 43, 11, 16, 8, 9, 10, 14, 13, 17, 52, 53, 56, 58, 54, 57, 55, 59, 28, 29, 30, 31, 32, 33, 34, 35, 46, 63, 51, 60, 61, 62, 50, 64, 44, 45, 47, 48, 49 ]:
 Order := 64 > |
[ 2, 9, 8, 18, 11, 1, 23, 28, 29, 13, 14, 3, 33, 17, 5, 10, 32, 12, 26, 7, 4, 27, 16, 20, 6, 25, 15, 31, 30, 34, 35, 44, 45, 47, 46, 42, 22, 19, 43, 37, 21, 41, 24, 49, 48, 60, 61, 50, 51, 64, 63, 58, 39, 36, 59, 53, 38, 57, 40, 62, 52, 54, 55, 56 ],
[ 35, 48, 49, 29, 45, 33, 30, 61, 60, 51, 46, 34, 52, 50, 31, 47, 62, 32, 3, 17, 14, 8, 44, 9, 28, 10, 13, 63, 64, 54, 58, 56, 55, 53, 59, 6, 16, 23, 1, 12, 2, 5, 11, 36, 57, 38, 42, 40, 39, 19, 41, 21, 15, 27, 4, 25, 18, 20, 7, 37, 43, 26, 24, 22 ],
[ 36, 39, 40, 52, 53, 56, 58, 19, 41, 37, 42, 57, 26, 43, 54, 38, 21, 55, 46, 63, 51, 60, 59, 61, 62, 50, 64, 22, 24, 4, 25, 20, 27, 7, 15, 30, 48, 45, 34, 35, 47, 44, 49, 18, 6, 1, 12, 5, 23, 2, 3, 8, 32, 17, 28, 29, 31, 13, 33, 11, 16, 9, 10, 14 ]
]
];
s`PassportName := "64S29-16,16,8-g25";
s`PassportSize := 2;
s`PathNumber := 13;
s`PathToPP1 := [ Strings() | "PP1", "2T1-2,2,1-g0-path1", "4T1-4,4,2-g1-path1", "8T1-8,8,4-g3-path1", "16T1-16,16,8-g7-path2", "32S16-16,16,8-g13-path4", "64S29-16,16,8-g25-path13" ];
s`PermutationTriple := [ PermutationGroup<64 |  
\[ 2, 3, 4, 5, 6, 7, 8, 9, 10, 11, 12, 13, 14, 15, 16, 17, 18, 19, 20, 21, 22, 23, 24, 25, 26, 27, 28, 29, 30, 31, 32, 33, 34, 35, 36, 37, 38, 39, 40, 41, 42, 43, 44, 45, 46, 47, 48, 49, 50, 51, 52, 53, 54, 55, 56, 57, 58, 59, 60, 61, 62, 63, 64, 1 ],
\[ 2, 1, 3, 4, 5, 6, 7, 8, 9, 10, 11, 12, 13, 14, 15, 16, 17, 18, 19, 20, 21, 22, 23, 24, 25, 26, 27, 28, 29, 30, 31, 32, 33, 34, 35, 36, 37, 38, 39, 40, 41, 42, 43, 44, 45, 46, 47, 48, 49, 50, 51, 52, 53, 54, 55, 56, 57, 58, 59, 60, 61, 62, 63, 64 ]:
 Order := 126886932185884164103433389335161480802865516174545192198801894375214704230400000000000000 > |
[ 2, 9, 8, 18, 11, 1, 23, 28, 29, 13, 14, 3, 33, 17, 5, 10, 32, 12, 26, 7, 4, 27, 16, 20, 6, 25, 15, 31, 30, 34, 35, 44, 45, 47, 46, 42, 22, 19, 43, 37, 21, 41, 24, 49, 48, 60, 61, 50, 51, 64, 63, 58, 39, 36, 59, 53, 38, 57, 40, 62, 52, 54, 55, 56 ],
[ 3, 10, 14, 6, 16, 23, 1, 29, 28, 17, 8, 2, 30, 13, 12, 9, 31, 5, 21, 15, 27, 4, 11, 25, 18, 20, 7, 32, 33, 35, 34, 45, 44, 48, 49, 38, 24, 43, 19, 41, 26, 37, 22, 46, 47, 61, 60, 51, 50, 52, 62, 54, 40, 59, 36, 57, 42, 53, 39, 63, 64, 58, 56, 55 ],
[ 4, 7, 15, 19, 20, 24, 26, 1, 12, 5, 18, 25, 2, 23, 21, 6, 3, 22, 36, 37, 40, 42, 27, 38, 41, 39, 43, 11, 16, 8, 9, 10, 14, 13, 17, 52, 53, 56, 58, 54, 57, 55, 59, 28, 29, 30, 31, 32, 33, 34, 35, 46, 63, 51, 60, 61, 62, 50, 64, 44, 45, 47, 48, 49 ]
];
s`PointedAutomorphismGroup := PermutationGroup<64 |  
\[ 58, 57, 53, 50, 55, 52, 62, 39, 38, 42, 59, 56, 41, 40, 63, 36, 37, 64, 34, 60, 48, 49, 54, 46, 61, 47, 51, 43, 19, 26, 24, 22, 21, 25, 20, 13, 44, 30, 31, 32, 45, 33, 35, 27, 4, 7, 6, 18, 15, 12, 5, 2, 28, 10, 14, 8, 29, 9, 17, 23, 1, 16, 11, 3 ]:
 Order := 16 >;
s`PointedPassport := [ PowerSequence(PermutationGroup<64 |  
\[ 2, 3, 4, 5, 6, 7, 8, 9, 10, 11, 12, 13, 14, 15, 16, 17, 18, 19, 20, 21, 22, 23, 24, 25, 26, 27, 28, 29, 30, 31, 32, 33, 34, 35, 36, 37, 38, 39, 40, 41, 42, 43, 44, 45, 46, 47, 48, 49, 50, 51, 52, 53, 54, 55, 56, 57, 58, 59, 60, 61, 62, 63, 64, 1 ],
\[ 2, 1, 3, 4, 5, 6, 7, 8, 9, 10, 11, 12, 13, 14, 15, 16, 17, 18, 19, 20, 21, 22, 23, 24, 25, 26, 27, 28, 29, 30, 31, 32, 33, 34, 35, 36, 37, 38, 39, 40, 41, 42, 43, 44, 45, 46, 47, 48, 49, 50, 51, 52, 53, 54, 55, 56, 57, 58, 59, 60, 61, 62, 63, 64 ]:
 Order := 126886932185884164103433389335161480802865516174545192198801894375214704230400000000000000 >) |
[ PermutationGroup<64 |  
\[ 2, 3, 4, 5, 6, 7, 8, 9, 10, 11, 12, 13, 14, 15, 16, 17, 18, 19, 20, 21, 22, 23, 24, 25, 26, 27, 28, 29, 30, 31, 32, 33, 34, 35, 36, 37, 38, 39, 40, 41, 42, 43, 44, 45, 46, 47, 48, 49, 50, 51, 52, 53, 54, 55, 56, 57, 58, 59, 60, 61, 62, 63, 64, 1 ],
\[ 2, 1, 3, 4, 5, 6, 7, 8, 9, 10, 11, 12, 13, 14, 15, 16, 17, 18, 19, 20, 21, 22, 23, 24, 25, 26, 27, 28, 29, 30, 31, 32, 33, 34, 35, 36, 37, 38, 39, 40, 41, 42, 43, 44, 45, 46, 47, 48, 49, 50, 51, 52, 53, 54, 55, 56, 57, 58, 59, 60, 61, 62, 63, 64 ]:
 Order := 126886932185884164103433389335161480802865516174545192198801894375214704230400000000000000 > |
[ 2, 9, 8, 18, 11, 1, 23, 28, 29, 13, 14, 3, 33, 17, 5, 10, 32, 12, 26, 7, 4, 27, 16, 20, 6, 25, 15, 31, 30, 34, 35, 44, 45, 47, 46, 42, 22, 19, 43, 37, 21, 41, 24, 49, 48, 60, 61, 50, 51, 64, 63, 58, 39, 36, 59, 53, 38, 57, 40, 62, 52, 54, 55, 56 ],
[ 16, 8, 9, 15, 3, 12, 5, 17, 13, 29, 10, 11, 32, 28, 23, 14, 33, 1, 24, 6, 25, 20, 2, 27, 7, 4, 18, 30, 31, 45, 44, 35, 34, 46, 47, 40, 21, 41, 37, 43, 22, 19, 26, 48, 49, 51, 50, 61, 60, 63, 64, 56, 38, 57, 53, 59, 39, 36, 42, 52, 62, 55, 54, 58 ],
[ 20, 18, 6, 37, 4, 21, 22, 5, 23, 1, 7, 27, 11, 12, 24, 15, 16, 26, 53, 19, 38, 39, 25, 40, 43, 42, 41, 2, 3, 10, 14, 8, 9, 28, 29, 63, 36, 54, 55, 56, 59, 58, 57, 13, 17, 32, 33, 30, 31, 44, 45, 48, 52, 61, 50, 51, 64, 60, 62, 34, 35, 49, 46, 47 ]
],
[ PermutationGroup<64 |  
\[ 2, 3, 4, 5, 6, 7, 8, 9, 10, 11, 12, 13, 14, 15, 16, 17, 18, 19, 20, 21, 22, 23, 24, 25, 26, 27, 28, 29, 30, 31, 32, 33, 34, 35, 36, 37, 38, 39, 40, 41, 42, 43, 44, 45, 46, 47, 48, 49, 50, 51, 52, 53, 54, 55, 56, 57, 58, 59, 60, 61, 62, 63, 64, 1 ],
\[ 2, 1, 3, 4, 5, 6, 7, 8, 9, 10, 11, 12, 13, 14, 15, 16, 17, 18, 19, 20, 21, 22, 23, 24, 25, 26, 27, 28, 29, 30, 31, 32, 33, 34, 35, 36, 37, 38, 39, 40, 41, 42, 43, 44, 45, 46, 47, 48, 49, 50, 51, 52, 53, 54, 55, 56, 57, 58, 59, 60, 61, 62, 63, 64 ]:
 Order := 126886932185884164103433389335161480802865516174545192198801894375214704230400000000000000 > |
[ 2, 9, 8, 18, 11, 1, 23, 28, 29, 13, 14, 3, 33, 17, 5, 10, 32, 12, 26, 7, 4, 27, 16, 20, 6, 25, 15, 31, 30, 34, 35, 44, 45, 47, 46, 42, 22, 19, 43, 37, 21, 41, 24, 49, 48, 60, 61, 50, 51, 64, 63, 58, 39, 36, 59, 53, 38, 57, 40, 62, 52, 54, 55, 56 ],
[ 24, 4, 25, 40, 21, 41, 37, 15, 7, 6, 20, 22, 5, 18, 43, 27, 23, 19, 56, 38, 57, 53, 26, 59, 39, 36, 42, 1, 12, 16, 11, 3, 2, 8, 9, 51, 54, 62, 63, 64, 55, 52, 58, 10, 14, 17, 13, 29, 28, 32, 33, 45, 61, 47, 48, 49, 50, 46, 60, 30, 31, 44, 35, 34 ],
[ 10, 28, 29, 5, 8, 3, 11, 32, 33, 30, 13, 14, 44, 31, 16, 17, 45, 2, 20, 1, 6, 7, 9, 15, 23, 18, 12, 34, 35, 48, 49, 46, 47, 60, 61, 37, 4, 21, 22, 24, 27, 26, 25, 50, 51, 63, 64, 52, 62, 55, 56, 53, 19, 38, 39, 40, 43, 42, 41, 58, 54, 59, 36, 57 ]
]
];
s`PointedPassportSize := 2;
s`RefinedPassport := [ PowerSequence(PermutationGroup<64 |  
\[ 2, 3, 4, 5, 6, 7, 8, 9, 10, 11, 12, 13, 14, 15, 16, 17, 18, 19, 20, 21, 22, 23, 24, 25, 26, 27, 28, 29, 30, 31, 32, 33, 34, 35, 36, 37, 38, 39, 40, 41, 42, 43, 44, 45, 46, 47, 48, 49, 50, 51, 52, 53, 54, 55, 56, 57, 58, 59, 60, 61, 62, 63, 64, 1 ],
\[ 2, 1, 3, 4, 5, 6, 7, 8, 9, 10, 11, 12, 13, 14, 15, 16, 17, 18, 19, 20, 21, 22, 23, 24, 25, 26, 27, 28, 29, 30, 31, 32, 33, 34, 35, 36, 37, 38, 39, 40, 41, 42, 43, 44, 45, 46, 47, 48, 49, 50, 51, 52, 53, 54, 55, 56, 57, 58, 59, 60, 61, 62, 63, 64 ]:
 Order := 126886932185884164103433389335161480802865516174545192198801894375214704230400000000000000 >) |
[ PermutationGroup<64 |  
\[ 2, 3, 4, 5, 6, 7, 8, 9, 10, 11, 12, 13, 14, 15, 16, 17, 18, 19, 20, 21, 22, 23, 24, 25, 26, 27, 28, 29, 30, 31, 32, 33, 34, 35, 36, 37, 38, 39, 40, 41, 42, 43, 44, 45, 46, 47, 48, 49, 50, 51, 52, 53, 54, 55, 56, 57, 58, 59, 60, 61, 62, 63, 64, 1 ],
\[ 2, 1, 3, 4, 5, 6, 7, 8, 9, 10, 11, 12, 13, 14, 15, 16, 17, 18, 19, 20, 21, 22, 23, 24, 25, 26, 27, 28, 29, 30, 31, 32, 33, 34, 35, 36, 37, 38, 39, 40, 41, 42, 43, 44, 45, 46, 47, 48, 49, 50, 51, 52, 53, 54, 55, 56, 57, 58, 59, 60, 61, 62, 63, 64 ]:
 Order := 126886932185884164103433389335161480802865516174545192198801894375214704230400000000000000 > |
[ 2, 9, 8, 18, 11, 1, 23, 28, 29, 13, 14, 3, 33, 17, 5, 10, 32, 12, 26, 7, 4, 27, 16, 20, 6, 25, 15, 31, 30, 34, 35, 44, 45, 47, 46, 42, 22, 19, 43, 37, 21, 41, 24, 49, 48, 60, 61, 50, 51, 64, 63, 58, 39, 36, 59, 53, 38, 57, 40, 62, 52, 54, 55, 56 ],
[ 16, 8, 9, 15, 3, 12, 5, 17, 13, 29, 10, 11, 32, 28, 23, 14, 33, 1, 24, 6, 25, 20, 2, 27, 7, 4, 18, 30, 31, 45, 44, 35, 34, 46, 47, 40, 21, 41, 37, 43, 22, 19, 26, 48, 49, 51, 50, 61, 60, 63, 64, 56, 38, 57, 53, 59, 39, 36, 42, 52, 62, 55, 54, 58 ],
[ 20, 18, 6, 37, 4, 21, 22, 5, 23, 1, 7, 27, 11, 12, 24, 15, 16, 26, 53, 19, 38, 39, 25, 40, 43, 42, 41, 2, 3, 10, 14, 8, 9, 28, 29, 63, 36, 54, 55, 56, 59, 58, 57, 13, 17, 32, 33, 30, 31, 44, 45, 48, 52, 61, 50, 51, 64, 60, 62, 34, 35, 49, 46, 47 ]
]
];
s`RefinedPassportSize := 1;

/*
Return for eval
*/

return s;
