s := TwoDBInitialize();

/*
Magma printing
*/

s`Name := "64S20-4,8,4-g13-2574087272";
s`Filename := "64S20-4,8,4-g13-2574087272.m";
s`Degree := 64;
s`Orders := \[ 4, 8, 4 ];
s`Geometry := "Hyperbolic";
s`Genus := 13;
s`Level := 6;
s`PermutationTriple := [ PermutationGroup<64 |  
\[ 2, 3, 4, 5, 6, 7, 8, 9, 10, 11, 12, 13, 14, 15, 16, 17, 18, 19, 20, 21, 22, 23, 24, 25, 26, 27, 28, 29, 30, 31, 32, 33, 34, 35, 36, 37, 38, 39, 40, 41, 42, 43, 44, 45, 46, 47, 48, 49, 50, 51, 52, 53, 54, 55, 56, 57, 58, 59, 60, 61, 62, 63, 64, 1 ],
\[ 2, 1, 3, 4, 5, 6, 7, 8, 9, 10, 11, 12, 13, 14, 15, 16, 17, 18, 19, 20, 21, 22, 23, 24, 25, 26, 27, 28, 29, 30, 31, 32, 33, 34, 35, 36, 37, 38, 39, 40, 41, 42, 43, 44, 45, 46, 47, 48, 49, 50, 51, 52, 53, 54, 55, 56, 57, 58, 59, 60, 61, 62, 63, 64 ]:
 Order := 126886932185884164103433389335161480802865516174545192198801894375214704230400000000000000 > |
[ 12, 32, 8, 28, 2, 5, 36, 19, 20, 7, 25, 9, 56, 18, 35, 4, 16, 33, 45, 1, 27, 24, 53, 52, 34, 11, 59, 17, 37, 13, 38, 6, 58, 26, 44, 54, 40, 57, 31, 50, 22, 23, 15, 43, 3, 48, 60, 55, 21, 29, 42, 41, 51, 10, 63, 61, 39, 14, 49, 62, 30, 64, 46, 47 ],
[ 3, 10, 14, 20, 16, 22, 1, 6, 30, 15, 5, 26, 2, 41, 45, 43, 46, 17, 49, 42, 4, 44, 32, 9, 21, 18, 7, 50, 8, 33, 12, 39, 54, 47, 34, 29, 11, 37, 35, 13, 63, 58, 51, 61, 64, 53, 28, 19, 24, 23, 62, 40, 59, 48, 25, 27, 55, 57, 31, 36, 60, 38, 56, 52 ],
[ 4, 11, 15, 5, 8, 23, 2, 1, 31, 33, 12, 7, 9, 42, 16, 18, 47, 3, 29, 24, 19, 14, 20, 6, 37, 35, 25, 21, 28, 44, 32, 13, 26, 55, 10, 27, 36, 59, 58, 38, 64, 43, 22, 39, 48, 41, 45, 17, 53, 52, 46, 49, 50, 60, 54, 40, 62, 30, 56, 34, 63, 61, 57, 51 ]
];
s`MonodromyGroup := PermutationGroup<64 |  
\[ 12, 32, 8, 28, 2, 5, 36, 19, 20, 7, 25, 9, 56, 18, 35, 4, 16, 33, 45, 1, 27, 24, 53, 52, 34, 11, 59, 17, 37, 13, 38, 6, 58, 26, 44, 54, 40, 57, 31, 50, 22, 23, 15, 43, 3, 48, 60, 55, 21, 29, 42, 41, 51, 10, 63, 61, 39, 14, 49, 62, 30, 64, 46, 47 ],
\[ 3, 10, 14, 20, 16, 22, 1, 6, 30, 15, 5, 26, 2, 41, 45, 43, 46, 17, 49, 42, 4, 44, 32, 9, 21, 18, 7, 50, 8, 33, 12, 39, 54, 47, 34, 29, 11, 37, 35, 13, 63, 58, 51, 61, 64, 53, 28, 19, 24, 23, 62, 40, 59, 48, 25, 27, 55, 57, 31, 36, 60, 38, 56, 52 ],
\[ 4, 11, 15, 5, 8, 23, 2, 1, 31, 33, 12, 7, 9, 42, 16, 18, 47, 3, 29, 24, 19, 14, 20, 6, 37, 35, 25, 21, 28, 44, 32, 13, 26, 55, 10, 27, 36, 59, 58, 38, 64, 43, 22, 39, 48, 41, 45, 17, 53, 52, 46, 49, 50, 60, 54, 40, 62, 30, 56, 34, 63, 61, 57, 51 ] >;

/*
Edge printing
*/

s`Edges := [];
edge1 := TwoEdgeInitialize();
edge1`Blocks := {@ PowerSet(IntegerRing()) |
{ IntegerRing() | 1, 5 },
{ IntegerRing() | 2, 12 },
{ IntegerRing() | 3, 16 },
{ IntegerRing() | 4, 8 },
{ IntegerRing() | 6, 20 },
{ IntegerRing() | 7, 11 },
{ IntegerRing() | 9, 32 },
{ IntegerRing() | 10, 26 },
{ IntegerRing() | 13, 31 },
{ IntegerRing() | 14, 43 },
{ IntegerRing() | 15, 18 },
{ IntegerRing() | 17, 45 },
{ IntegerRing() | 19, 28 },
{ IntegerRing() | 21, 29 },
{ IntegerRing() | 22, 42 },
{ IntegerRing() | 23, 24 },
{ IntegerRing() | 25, 36 },
{ IntegerRing() | 27, 37 },
{ IntegerRing() | 30, 39 },
{ IntegerRing() | 33, 35 },
{ IntegerRing() | 34, 54 },
{ IntegerRing() | 38, 56 },
{ IntegerRing() | 40, 59 },
{ IntegerRing() | 41, 51 },
{ IntegerRing() | 44, 58 },
{ IntegerRing() | 46, 64 },
{ IntegerRing() | 47, 48 },
{ IntegerRing() | 49, 50 },
{ IntegerRing() | 52, 53 },
{ IntegerRing() | 55, 60 },
{ IntegerRing() | 57, 61 },
{ IntegerRing() | 62, 63 }
@};
edge1`UpstairsTriple := [ PermutationGroup<64 |  
\[ 2, 3, 4, 5, 6, 7, 8, 9, 10, 11, 12, 13, 14, 15, 16, 17, 18, 19, 20, 21, 22, 23, 24, 25, 26, 27, 28, 29, 30, 31, 32, 33, 34, 35, 36, 37, 38, 39, 40, 41, 42, 43, 44, 45, 46, 47, 48, 49, 50, 51, 52, 53, 54, 55, 56, 57, 58, 59, 60, 61, 62, 63, 64, 1 ],
\[ 2, 1, 3, 4, 5, 6, 7, 8, 9, 10, 11, 12, 13, 14, 15, 16, 17, 18, 19, 20, 21, 22, 23, 24, 25, 26, 27, 28, 29, 30, 31, 32, 33, 34, 35, 36, 37, 38, 39, 40, 41, 42, 43, 44, 45, 46, 47, 48, 49, 50, 51, 52, 53, 54, 55, 56, 57, 58, 59, 60, 61, 62, 63, 64 ]:
 Order := 126886932185884164103433389335161480802865516174545192198801894375214704230400000000000000 > |
[ 12, 32, 8, 28, 2, 5, 36, 19, 20, 7, 25, 9, 56, 18, 35, 4, 16, 33, 45, 1, 27, 24, 53, 52, 34, 11, 59, 17, 37, 13, 38, 6, 58, 26, 44, 54, 40, 57, 31, 50, 22, 23, 15, 43, 3, 48, 60, 55, 21, 29, 42, 41, 51, 10, 63, 61, 39, 14, 49, 62, 30, 64, 46, 47 ],
[ 3, 10, 14, 20, 16, 22, 1, 6, 30, 15, 5, 26, 2, 41, 45, 43, 46, 17, 49, 42, 4, 44, 32, 9, 21, 18, 7, 50, 8, 33, 12, 39, 54, 47, 34, 29, 11, 37, 35, 13, 63, 58, 51, 61, 64, 53, 28, 19, 24, 23, 62, 40, 59, 48, 25, 27, 55, 57, 31, 36, 60, 38, 56, 52 ],
[ 4, 11, 15, 5, 8, 23, 2, 1, 31, 33, 12, 7, 9, 42, 16, 18, 47, 3, 29, 24, 19, 14, 20, 6, 37, 35, 25, 21, 28, 44, 32, 13, 26, 55, 10, 27, 36, 59, 58, 38, 64, 43, 22, 39, 48, 41, 45, 17, 53, 52, 46, 49, 50, 60, 54, 40, 62, 30, 56, 34, 63, 61, 57, 51 ]
];
edge1`UpstairsFilename := "64S20-4,8,4-g13-2574087272.m";
edge1`DownstairsTriple := [ PermutationGroup<32 |  
\[ 2, 3, 4, 5, 6, 7, 8, 9, 10, 11, 12, 13, 14, 15, 16, 17, 18, 19, 20, 21, 22, 23, 24, 25, 26, 27, 28, 29, 30, 31, 32, 1 ],
\[ 2, 1, 3, 4, 5, 6, 7, 8, 9, 10, 11, 12, 13, 14, 15, 16, 17, 18, 19, 20, 21, 22, 23, 24, 25, 26, 27, 28, 29, 30, 31, 32 ]:
 Order := 263130836933693530167218012160000000 > |
[ 2, 8, 4, 16, 10, 1, 23, 6, 7, 26, 14, 13, 27, 17, 3, 15, 25, 24, 5, 21, 22, 28, 29, 30, 11, 19, 31, 20, 9, 32, 12, 18 ],
[ 3, 9, 12, 6, 14, 21, 1, 25, 13, 28, 2, 20, 15, 24, 10, 32, 19, 4, 23, 5, 31, 8, 18, 7, 27, 16, 29, 30, 26, 11, 17, 22 ],
[ 4, 7, 13, 1, 17, 22, 2, 11, 27, 20, 8, 21, 3, 30, 26, 18, 5, 16, 29, 10, 12, 6, 24, 23, 31, 15, 9, 32, 19, 14, 25, 28 ]
];
edge1`DownstairsFilename := "32S11-4,8,2-g3-2804608932.m";
Append(~s`Edges, edge1);
edge2 := TwoEdgeInitialize();
edge2`Blocks := {@ PowerSet(IntegerRing()) |
{ IntegerRing() | 1, 5 },
{ IntegerRing() | 2, 12 },
{ IntegerRing() | 3, 18 },
{ IntegerRing() | 4, 24 },
{ IntegerRing() | 6, 22 },
{ IntegerRing() | 7, 11 },
{ IntegerRing() | 8, 15 },
{ IntegerRing() | 9, 38 },
{ IntegerRing() | 10, 43 },
{ IntegerRing() | 13, 37 },
{ IntegerRing() | 14, 40 },
{ IntegerRing() | 16, 33 },
{ IntegerRing() | 17, 57 },
{ IntegerRing() | 19, 55 },
{ IntegerRing() | 20, 41 },
{ IntegerRing() | 21, 62 },
{ IntegerRing() | 23, 49 },
{ IntegerRing() | 25, 56 },
{ IntegerRing() | 26, 61 },
{ IntegerRing() | 27, 54 },
{ IntegerRing() | 28, 39 },
{ IntegerRing() | 29, 63 },
{ IntegerRing() | 30, 45 },
{ IntegerRing() | 31, 46 },
{ IntegerRing() | 32, 47 },
{ IntegerRing() | 34, 51 },
{ IntegerRing() | 35, 52 },
{ IntegerRing() | 36, 53 },
{ IntegerRing() | 42, 60 },
{ IntegerRing() | 44, 64 },
{ IntegerRing() | 48, 59 },
{ IntegerRing() | 50, 58 }
@};
edge2`UpstairsTriple := [ PermutationGroup<64 |  
\[ 2, 3, 4, 5, 6, 7, 8, 9, 10, 11, 12, 13, 14, 15, 16, 17, 18, 19, 20, 21, 22, 23, 24, 25, 26, 27, 28, 29, 30, 31, 32, 33, 34, 35, 36, 37, 38, 39, 40, 41, 42, 43, 44, 45, 46, 47, 48, 49, 50, 51, 52, 53, 54, 55, 56, 57, 58, 59, 60, 61, 62, 63, 64, 1 ],
\[ 2, 1, 3, 4, 5, 6, 7, 8, 9, 10, 11, 12, 13, 14, 15, 16, 17, 18, 19, 20, 21, 22, 23, 24, 25, 26, 27, 28, 29, 30, 31, 32, 33, 34, 35, 36, 37, 38, 39, 40, 41, 42, 43, 44, 45, 46, 47, 48, 49, 50, 51, 52, 53, 54, 55, 56, 57, 58, 59, 60, 61, 62, 63, 64 ]:
 Order := 126886932185884164103433389335161480802865516174545192198801894375214704230400000000000000 > |
[ 12, 38, 8, 62, 2, 5, 45, 51, 22, 14, 30, 9, 56, 54, 34, 20, 60, 15, 18, 64, 37, 1, 31, 21, 24, 33, 29, 47, 43, 39, 59, 11, 41, 19, 23, 58, 25, 6, 32, 27, 44, 36, 40, 26, 28, 48, 7, 52, 46, 17, 55, 49, 50, 63, 3, 4, 42, 57, 35, 53, 16, 13, 10, 61 ],
[ 3, 10, 16, 22, 18, 27, 1, 35, 34, 41, 5, 43, 2, 49, 52, 11, 55, 33, 31, 13, 60, 54, 56, 6, 58, 4, 26, 38, 48, 53, 47, 57, 7, 64, 30, 8, 12, 51, 9, 23, 37, 63, 20, 39, 36, 32, 17, 62, 25, 14, 44, 45, 15, 61, 46, 50, 19, 40, 21, 29, 24, 42, 59, 28 ],
[ 4, 11, 17, 23, 24, 28, 31, 1, 37, 42, 46, 7, 48, 2, 5, 54, 56, 57, 9, 3, 61, 39, 8, 49, 41, 51, 58, 52, 6, 16, 40, 44, 27, 53, 63, 62, 59, 13, 35, 12, 18, 32, 60, 10, 33, 14, 64, 55, 15, 30, 36, 29, 21, 50, 38, 20, 25, 45, 19, 47, 34, 26, 22, 43 ]
];
edge2`UpstairsFilename := "64S20-4,8,4-g13-468464694.m";
edge2`DownstairsTriple := [ PermutationGroup<32 |  
\[ 2, 3, 4, 5, 6, 7, 8, 9, 10, 11, 12, 13, 14, 15, 16, 17, 18, 19, 20, 21, 22, 23, 24, 25, 26, 27, 28, 29, 30, 31, 32, 1 ],
\[ 2, 1, 3, 4, 5, 6, 7, 8, 9, 10, 11, 12, 13, 14, 15, 16, 17, 18, 19, 20, 21, 22, 23, 24, 25, 26, 27, 28, 29, 30, 31, 32 ]:
 Order := 263130836933693530167218012160000000 > |
[ 6, 1, 8, 20, 2, 5, 26, 15, 11, 24, 22, 3, 16, 32, 12, 30, 4, 25, 17, 19, 13, 23, 9, 7, 31, 10, 18, 29, 14, 21, 27, 28 ],
[ 3, 9, 13, 2, 15, 22, 1, 27, 21, 5, 31, 25, 7, 12, 30, 19, 29, 17, 6, 32, 4, 16, 18, 14, 24, 28, 26, 8, 23, 10, 20, 11 ],
[ 4, 10, 14, 18, 19, 7, 25, 1, 29, 27, 2, 5, 9, 17, 28, 3, 16, 8, 31, 21, 15, 32, 6, 30, 23, 13, 11, 20, 26, 22, 12, 24 ]
];
edge2`DownstairsFilename := "32S2-4,4,4-g5-3984326407.m";
Append(~s`Edges, edge2);
edge3 := TwoEdgeInitialize();
edge3`Blocks := {@ PowerSet(IntegerRing()) |
{ IntegerRing() | 1, 5 },
{ IntegerRing() | 2, 11 },
{ IntegerRing() | 3, 16 },
{ IntegerRing() | 4, 21 },
{ IntegerRing() | 6, 24 },
{ IntegerRing() | 7, 25 },
{ IntegerRing() | 8, 26 },
{ IntegerRing() | 9, 38 },
{ IntegerRing() | 10, 41 },
{ IntegerRing() | 12, 17 },
{ IntegerRing() | 13, 44 },
{ IntegerRing() | 14, 49 },
{ IntegerRing() | 15, 47 },
{ IntegerRing() | 18, 53 },
{ IntegerRing() | 19, 37 },
{ IntegerRing() | 20, 57 },
{ IntegerRing() | 22, 58 },
{ IntegerRing() | 23, 59 },
{ IntegerRing() | 27, 30 },
{ IntegerRing() | 28, 42 },
{ IntegerRing() | 29, 61 },
{ IntegerRing() | 31, 62 },
{ IntegerRing() | 32, 63 },
{ IntegerRing() | 33, 52 },
{ IntegerRing() | 34, 46 },
{ IntegerRing() | 35, 64 },
{ IntegerRing() | 36, 50 },
{ IntegerRing() | 39, 55 },
{ IntegerRing() | 40, 60 },
{ IntegerRing() | 43, 56 },
{ IntegerRing() | 45, 54 },
{ IntegerRing() | 48, 51 }
@};
edge3`UpstairsTriple := [ PermutationGroup<64 |  
\[ 2, 3, 4, 5, 6, 7, 8, 9, 10, 11, 12, 13, 14, 15, 16, 17, 18, 19, 20, 21, 22, 23, 24, 25, 26, 27, 28, 29, 30, 31, 32, 33, 34, 35, 36, 37, 38, 39, 40, 41, 42, 43, 44, 45, 46, 47, 48, 49, 50, 51, 52, 53, 54, 55, 56, 57, 58, 59, 60, 61, 62, 63, 64, 1 ],
\[ 2, 1, 3, 4, 5, 6, 7, 8, 9, 10, 11, 12, 13, 14, 15, 16, 17, 18, 19, 20, 21, 22, 23, 24, 25, 26, 27, 28, 29, 30, 31, 32, 33, 34, 35, 36, 37, 38, 39, 40, 41, 42, 43, 44, 45, 46, 47, 48, 49, 50, 51, 52, 53, 54, 55, 56, 57, 58, 59, 60, 61, 62, 63, 64 ]:
 Order := 126886932185884164103433389335161480802865516174545192198801894375214704230400000000000000 > |
[ 2, 9, 8, 19, 11, 1, 30, 34, 6, 13, 38, 16, 48, 18, 40, 26, 3, 43, 55, 31, 37, 4, 33, 5, 27, 46, 29, 41, 63, 61, 45, 7, 47, 17, 20, 49, 39, 24, 58, 59, 44, 10, 50, 51, 35, 12, 60, 42, 53, 14, 28, 15, 56, 64, 22, 36, 62, 21, 52, 23, 32, 54, 25, 57 ],
[ 3, 10, 14, 6, 16, 27, 1, 35, 37, 18, 41, 2, 20, 44, 17, 49, 11, 55, 56, 22, 24, 52, 4, 30, 5, 64, 50, 9, 45, 36, 32, 15, 7, 60, 51, 8, 43, 19, 31, 42, 53, 38, 61, 57, 46, 40, 12, 23, 13, 26, 59, 25, 39, 34, 62, 29, 58, 33, 21, 28, 54, 63, 47, 48 ],
[ 4, 7, 15, 20, 21, 28, 31, 1, 12, 40, 25, 45, 2, 27, 22, 47, 54, 3, 23, 8, 57, 18, 34, 42, 62, 5, 52, 35, 6, 33, 13, 43, 48, 36, 29, 19, 59, 17, 9, 32, 60, 64, 10, 11, 39, 50, 58, 49, 30, 37, 14, 51, 16, 55, 38, 41, 26, 53, 46, 63, 24, 44, 56, 61 ]
];
edge3`UpstairsFilename := "64S20-4,8,4-g13-3119807634.m";
edge3`DownstairsTriple := [ PermutationGroup<32 |  
\[ 2, 3, 4, 5, 6, 7, 8, 9, 10, 11, 12, 13, 14, 15, 16, 17, 18, 19, 20, 21, 22, 23, 24, 25, 26, 27, 28, 29, 30, 31, 32, 1 ],
\[ 2, 1, 3, 4, 5, 6, 7, 8, 9, 10, 11, 12, 13, 14, 15, 16, 17, 18, 19, 20, 21, 22, 23, 24, 25, 26, 27, 28, 29, 30, 31, 32 ]:
 Order := 263130836933693530167218012160000000 > |
[ 12, 29, 8, 26, 2, 5, 32, 18, 19, 7, 21, 9, 16, 17, 31, 4, 30, 28, 1, 25, 23, 10, 24, 11, 15, 13, 14, 3, 6, 27, 20, 22 ],
[ 3, 10, 14, 19, 16, 21, 1, 6, 26, 15, 5, 24, 2, 11, 28, 25, 13, 31, 32, 4, 20, 29, 9, 17, 7, 30, 8, 12, 18, 22, 23, 27 ],
[ 4, 11, 15, 5, 8, 22, 2, 1, 28, 30, 12, 7, 9, 32, 16, 17, 3, 27, 23, 18, 14, 19, 6, 31, 21, 20, 26, 29, 13, 24, 10, 25 ]
];
edge3`DownstairsFilename := "32S11-4,8,4-g7-1817945556.m";
Append(~s`Edges, edge3);

/*
Return for eval
*/

return s;
