s := TwoDBInitialize();

/*
Magma printing
*/

s`Name := "64S3-8,8,8-g21-3610834109";
s`Filename := "64S3-8,8,8-g21-3610834109.m";
s`Degree := 64;
s`Orders := \[ 8, 8, 8 ];
s`Geometry := "Hyperbolic";
s`Genus := 21;
s`Level := 6;
s`PermutationTriple := [ PermutationGroup<64 |  
\[ 2, 3, 4, 5, 6, 7, 8, 9, 10, 11, 12, 13, 14, 15, 16, 17, 18, 19, 20, 21, 22, 23, 24, 25, 26, 27, 28, 29, 30, 31, 32, 33, 34, 35, 36, 37, 38, 39, 40, 41, 42, 43, 44, 45, 46, 47, 48, 49, 50, 51, 52, 53, 54, 55, 56, 57, 58, 59, 60, 61, 62, 63, 64, 1 ],
\[ 2, 1, 3, 4, 5, 6, 7, 8, 9, 10, 11, 12, 13, 14, 15, 16, 17, 18, 19, 20, 21, 22, 23, 24, 25, 26, 27, 28, 29, 30, 31, 32, 33, 34, 35, 36, 37, 38, 39, 40, 41, 42, 43, 44, 45, 46, 47, 48, 49, 50, 51, 52, 53, 54, 55, 56, 57, 58, 59, 60, 61, 62, 63, 64 ]:
 Order := 126886932185884164103433389335161480802865516174545192198801894375214704230400000000000000 > |
[ 11, 26, 8, 10, 2, 5, 12, 13, 6, 27, 9, 25, 17, 30, 18, 14, 16, 35, 1, 28, 7, 21, 29, 3, 4, 19, 22, 33, 46, 24, 32, 40, 34, 44, 36, 38, 39, 31, 51, 15, 42, 52, 47, 23, 48, 20, 49, 53, 50, 54, 55, 37, 43, 45, 57, 58, 41, 61, 60, 62, 64, 56, 59, 63 ],
[ 3, 8, 15, 19, 16, 24, 1, 31, 13, 5, 14, 2, 35, 18, 37, 38, 40, 41, 17, 25, 6, 26, 4, 36, 9, 30, 11, 21, 7, 32, 39, 42, 10, 12, 51, 52, 56, 57, 59, 55, 58, 60, 46, 22, 20, 27, 44, 23, 28, 29, 61, 64, 33, 34, 62, 50, 63, 43, 54, 47, 45, 48, 53, 49 ],
[ 4, 10, 6, 20, 21, 25, 28, 1, 27, 23, 7, 29, 2, 5, 17, 19, 9, 3, 22, 43, 44, 46, 47, 26, 34, 12, 33, 45, 48, 11, 16, 8, 49, 53, 14, 13, 36, 24, 15, 30, 38, 18, 63, 54, 59, 50, 58, 61, 60, 64, 31, 32, 62, 56, 35, 55, 40, 37, 57, 39, 41, 42, 52, 51 ]
];
s`MonodromyGroup := PermutationGroup<64 |  
\[ 11, 26, 8, 10, 2, 5, 12, 13, 6, 27, 9, 25, 17, 30, 18, 14, 16, 35, 1, 28, 7, 21, 29, 3, 4, 19, 22, 33, 46, 24, 32, 40, 34, 44, 36, 38, 39, 31, 51, 15, 42, 52, 47, 23, 48, 20, 49, 53, 50, 54, 55, 37, 43, 45, 57, 58, 41, 61, 60, 62, 64, 56, 59, 63 ],
\[ 3, 8, 15, 19, 16, 24, 1, 31, 13, 5, 14, 2, 35, 18, 37, 38, 40, 41, 17, 25, 6, 26, 4, 36, 9, 30, 11, 21, 7, 32, 39, 42, 10, 12, 51, 52, 56, 57, 59, 55, 58, 60, 46, 22, 20, 27, 44, 23, 28, 29, 61, 64, 33, 34, 62, 50, 63, 43, 54, 47, 45, 48, 53, 49 ],
\[ 4, 10, 6, 20, 21, 25, 28, 1, 27, 23, 7, 29, 2, 5, 17, 19, 9, 3, 22, 43, 44, 46, 47, 26, 34, 12, 33, 45, 48, 11, 16, 8, 49, 53, 14, 13, 36, 24, 15, 30, 38, 18, 63, 54, 59, 50, 58, 61, 60, 64, 31, 32, 62, 56, 35, 55, 40, 37, 57, 39, 41, 42, 52, 51 ] >;

/*
Edge printing
*/

s`Edges := [];
edge1 := TwoEdgeInitialize();
edge1`Blocks := {@ PowerSet(IntegerRing()) |
{ IntegerRing() | 1, 5 },
{ IntegerRing() | 2, 11 },
{ IntegerRing() | 3, 16 },
{ IntegerRing() | 4, 21 },
{ IntegerRing() | 6, 19 },
{ IntegerRing() | 7, 10 },
{ IntegerRing() | 8, 14 },
{ IntegerRing() | 9, 26 },
{ IntegerRing() | 12, 27 },
{ IntegerRing() | 13, 30 },
{ IntegerRing() | 15, 38 },
{ IntegerRing() | 17, 24 },
{ IntegerRing() | 18, 31 },
{ IntegerRing() | 20, 44 },
{ IntegerRing() | 22, 25 },
{ IntegerRing() | 23, 28 },
{ IntegerRing() | 29, 33 },
{ IntegerRing() | 32, 35 },
{ IntegerRing() | 34, 46 },
{ IntegerRing() | 36, 40 },
{ IntegerRing() | 37, 57 },
{ IntegerRing() | 39, 41 },
{ IntegerRing() | 42, 51 },
{ IntegerRing() | 43, 54 },
{ IntegerRing() | 45, 47 },
{ IntegerRing() | 48, 49 },
{ IntegerRing() | 50, 53 },
{ IntegerRing() | 52, 55 },
{ IntegerRing() | 56, 63 },
{ IntegerRing() | 58, 59 },
{ IntegerRing() | 60, 61 },
{ IntegerRing() | 62, 64 }
@};
edge1`UpstairsTriple := [ PermutationGroup<64 |  
\[ 2, 3, 4, 5, 6, 7, 8, 9, 10, 11, 12, 13, 14, 15, 16, 17, 18, 19, 20, 21, 22, 23, 24, 25, 26, 27, 28, 29, 30, 31, 32, 33, 34, 35, 36, 37, 38, 39, 40, 41, 42, 43, 44, 45, 46, 47, 48, 49, 50, 51, 52, 53, 54, 55, 56, 57, 58, 59, 60, 61, 62, 63, 64, 1 ],
\[ 2, 1, 3, 4, 5, 6, 7, 8, 9, 10, 11, 12, 13, 14, 15, 16, 17, 18, 19, 20, 21, 22, 23, 24, 25, 26, 27, 28, 29, 30, 31, 32, 33, 34, 35, 36, 37, 38, 39, 40, 41, 42, 43, 44, 45, 46, 47, 48, 49, 50, 51, 52, 53, 54, 55, 56, 57, 58, 59, 60, 61, 62, 63, 64 ]:
 Order := 126886932185884164103433389335161480802865516174545192198801894375214704230400000000000000 > |
[ 11, 26, 8, 10, 2, 5, 12, 13, 6, 27, 9, 25, 17, 30, 18, 14, 16, 35, 1, 28, 7, 21, 29, 3, 4, 19, 22, 33, 46, 24, 32, 40, 34, 44, 36, 38, 39, 31, 51, 15, 42, 52, 47, 23, 48, 20, 49, 53, 50, 54, 55, 37, 43, 45, 57, 58, 41, 61, 60, 62, 64, 56, 59, 63 ],
[ 3, 8, 15, 19, 16, 24, 1, 31, 13, 5, 14, 2, 35, 18, 37, 38, 40, 41, 17, 25, 6, 26, 4, 36, 9, 30, 11, 21, 7, 32, 39, 42, 10, 12, 51, 52, 56, 57, 59, 55, 58, 60, 46, 22, 20, 27, 44, 23, 28, 29, 61, 64, 33, 34, 62, 50, 63, 43, 54, 47, 45, 48, 53, 49 ],
[ 4, 10, 6, 20, 21, 25, 28, 1, 27, 23, 7, 29, 2, 5, 17, 19, 9, 3, 22, 43, 44, 46, 47, 26, 34, 12, 33, 45, 48, 11, 16, 8, 49, 53, 14, 13, 36, 24, 15, 30, 38, 18, 63, 54, 59, 50, 58, 61, 60, 64, 31, 32, 62, 56, 35, 55, 40, 37, 57, 39, 41, 42, 52, 51 ]
];
edge1`UpstairsFilename := "64S3-8,8,8-g21-3610834109.m";
edge1`DownstairsTriple := [ PermutationGroup<32 |  
\[ 2, 3, 4, 5, 6, 7, 8, 9, 10, 11, 12, 13, 14, 15, 16, 17, 18, 19, 20, 21, 22, 23, 24, 25, 26, 27, 28, 29, 30, 31, 32, 1 ],
\[ 2, 1, 3, 4, 5, 6, 7, 8, 9, 10, 11, 12, 13, 14, 15, 16, 17, 18, 19, 20, 21, 22, 23, 24, 25, 26, 27, 28, 29, 30, 31, 32 ]:
 Order := 263130836933693530167218012160000000 > |
[ 2, 9, 8, 7, 10, 1, 11, 12, 6, 26, 19, 15, 16, 23, 3, 25, 20, 22, 4, 24, 5, 27, 28, 29, 30, 21, 32, 31, 17, 13, 14, 18 ],
[ 3, 8, 13, 6, 14, 15, 1, 16, 12, 23, 2, 25, 22, 24, 30, 27, 19, 21, 9, 4, 31, 5, 29, 7, 32, 28, 10, 17, 11, 18, 20, 26 ],
[ 4, 7, 6, 17, 18, 19, 20, 1, 11, 22, 24, 2, 15, 21, 9, 3, 23, 25, 29, 28, 32, 30, 5, 31, 8, 27, 13, 10, 14, 12, 26, 16 ]
];
edge1`DownstairsFilename := "32S3-4,8,8-g9-1204351020.m";
Append(~s`Edges, edge1);
edge2 := TwoEdgeInitialize();
edge2`Blocks := {@ PowerSet(IntegerRing()) |
{ IntegerRing() | 1, 5 },
{ IntegerRing() | 2, 11 },
{ IntegerRing() | 3, 16 },
{ IntegerRing() | 4, 21 },
{ IntegerRing() | 6, 24 },
{ IntegerRing() | 7, 25 },
{ IntegerRing() | 8, 26 },
{ IntegerRing() | 9, 39 },
{ IntegerRing() | 10, 41 },
{ IntegerRing() | 12, 43 },
{ IntegerRing() | 13, 44 },
{ IntegerRing() | 14, 45 },
{ IntegerRing() | 15, 49 },
{ IntegerRing() | 17, 50 },
{ IntegerRing() | 18, 51 },
{ IntegerRing() | 19, 48 },
{ IntegerRing() | 20, 38 },
{ IntegerRing() | 22, 55 },
{ IntegerRing() | 23, 52 },
{ IntegerRing() | 27, 58 },
{ IntegerRing() | 28, 59 },
{ IntegerRing() | 29, 60 },
{ IntegerRing() | 30, 61 },
{ IntegerRing() | 31, 54 },
{ IntegerRing() | 32, 47 },
{ IntegerRing() | 33, 62 },
{ IntegerRing() | 34, 53 },
{ IntegerRing() | 35, 56 },
{ IntegerRing() | 36, 46 },
{ IntegerRing() | 37, 63 },
{ IntegerRing() | 40, 64 },
{ IntegerRing() | 42, 57 }
@};
edge2`UpstairsTriple := [ PermutationGroup<64 |  
\[ 2, 3, 4, 5, 6, 7, 8, 9, 10, 11, 12, 13, 14, 15, 16, 17, 18, 19, 20, 21, 22, 23, 24, 25, 26, 27, 28, 29, 30, 31, 32, 33, 34, 35, 36, 37, 38, 39, 40, 41, 42, 43, 44, 45, 46, 47, 48, 49, 50, 51, 52, 53, 54, 55, 56, 57, 58, 59, 60, 61, 62, 63, 64, 1 ],
\[ 2, 1, 3, 4, 5, 6, 7, 8, 9, 10, 11, 12, 13, 14, 15, 16, 17, 18, 19, 20, 21, 22, 23, 24, 25, 26, 27, 28, 29, 30, 31, 32, 33, 34, 35, 36, 37, 38, 39, 40, 41, 42, 43, 44, 45, 46, 47, 48, 49, 50, 51, 52, 53, 54, 55, 56, 57, 58, 59, 60, 61, 62, 63, 64 ]:
 Order := 126886932185884164103433389335161480802865516174545192198801894375214704230400000000000000 > |
[ 2, 9, 8, 19, 11, 1, 31, 35, 15, 13, 39, 28, 17, 18, 40, 26, 3, 42, 12, 32, 48, 4, 34, 5, 54, 56, 30, 33, 6, 10, 22, 45, 7, 46, 27, 38, 29, 47, 49, 37, 44, 52, 59, 50, 51, 20, 14, 43, 64, 16, 57, 53, 36, 55, 21, 58, 23, 61, 62, 24, 41, 25, 60, 63 ],
[ 3, 10, 14, 6, 16, 27, 1, 36, 35, 18, 41, 2, 38, 48, 17, 45, 52, 54, 40, 22, 24, 9, 4, 58, 5, 46, 47, 29, 13, 53, 37, 33, 15, 7, 42, 43, 8, 55, 56, 30, 51, 59, 11, 20, 19, 12, 62, 64, 50, 23, 31, 21, 25, 63, 39, 57, 28, 32, 60, 44, 34, 49, 26, 61 ],
[ 4, 7, 15, 20, 21, 28, 32, 1, 12, 40, 25, 45, 2, 27, 22, 49, 29, 3, 23, 26, 38, 51, 56, 59, 47, 5, 9, 46, 31, 6, 34, 44, 57, 50, 37, 30, 19, 8, 43, 33, 64, 10, 14, 11, 58, 61, 13, 52, 55, 60, 16, 35, 17, 53, 18, 63, 41, 39, 36, 54, 24, 42, 48, 62 ]
];
edge2`UpstairsFilename := "64S3-8,8,8-g21-3035260279.m";
edge2`DownstairsTriple := [ PermutationGroup<32 |  
\[ 2, 3, 4, 5, 6, 7, 8, 9, 10, 11, 12, 13, 14, 15, 16, 17, 18, 19, 20, 21, 22, 23, 24, 25, 26, 27, 28, 29, 30, 31, 32, 1 ],
\[ 2, 1, 3, 4, 5, 6, 7, 8, 9, 10, 11, 12, 13, 14, 15, 16, 17, 18, 19, 20, 21, 22, 23, 24, 25, 26, 27, 28, 29, 30, 31, 32 ]:
 Order := 263130836933693530167218012160000000 > |
[ 2, 9, 8, 19, 11, 1, 27, 30, 15, 13, 26, 25, 17, 18, 5, 10, 3, 32, 12, 28, 7, 4, 29, 16, 21, 6, 22, 14, 31, 24, 20, 23 ],
[ 3, 10, 14, 6, 16, 24, 1, 31, 30, 18, 8, 2, 20, 19, 17, 29, 23, 27, 5, 22, 15, 9, 4, 28, 26, 13, 11, 21, 7, 32, 12, 25 ],
[ 4, 7, 15, 20, 21, 25, 28, 1, 12, 5, 19, 14, 2, 24, 22, 6, 26, 3, 23, 8, 32, 18, 30, 9, 31, 27, 29, 13, 17, 11, 16, 10 ]
];
edge2`DownstairsFilename := "32S4-8,8,4-g9-2915084973.m";
Append(~s`Edges, edge2);
edge3 := TwoEdgeInitialize();
edge3`Blocks := {@ PowerSet(IntegerRing()) |
{ IntegerRing() | 1, 5 },
{ IntegerRing() | 2, 11 },
{ IntegerRing() | 3, 16 },
{ IntegerRing() | 4, 21 },
{ IntegerRing() | 6, 24 },
{ IntegerRing() | 7, 25 },
{ IntegerRing() | 8, 26 },
{ IntegerRing() | 9, 39 },
{ IntegerRing() | 10, 41 },
{ IntegerRing() | 12, 43 },
{ IntegerRing() | 13, 44 },
{ IntegerRing() | 14, 34 },
{ IntegerRing() | 15, 49 },
{ IntegerRing() | 17, 50 },
{ IntegerRing() | 18, 46 },
{ IntegerRing() | 19, 54 },
{ IntegerRing() | 20, 42 },
{ IntegerRing() | 22, 56 },
{ IntegerRing() | 23, 47 },
{ IntegerRing() | 27, 59 },
{ IntegerRing() | 28, 53 },
{ IntegerRing() | 29, 60 },
{ IntegerRing() | 30, 61 },
{ IntegerRing() | 31, 48 },
{ IntegerRing() | 32, 51 },
{ IntegerRing() | 33, 62 },
{ IntegerRing() | 35, 55 },
{ IntegerRing() | 36, 57 },
{ IntegerRing() | 37, 63 },
{ IntegerRing() | 38, 58 },
{ IntegerRing() | 40, 64 },
{ IntegerRing() | 45, 52 }
@};
edge3`UpstairsTriple := [ PermutationGroup<64 |  
\[ 2, 3, 4, 5, 6, 7, 8, 9, 10, 11, 12, 13, 14, 15, 16, 17, 18, 19, 20, 21, 22, 23, 24, 25, 26, 27, 28, 29, 30, 31, 32, 33, 34, 35, 36, 37, 38, 39, 40, 41, 42, 43, 44, 45, 46, 47, 48, 49, 50, 51, 52, 53, 54, 55, 56, 57, 58, 59, 60, 61, 62, 63, 64, 1 ],
\[ 2, 1, 3, 4, 5, 6, 7, 8, 9, 10, 11, 12, 13, 14, 15, 16, 17, 18, 19, 20, 21, 22, 23, 24, 25, 26, 27, 28, 29, 30, 31, 32, 33, 34, 35, 36, 37, 38, 39, 40, 41, 42, 43, 44, 45, 46, 47, 48, 49, 50, 51, 52, 53, 54, 55, 56, 57, 58, 59, 60, 61, 62, 63, 64 ]:
 Order := 126886932185884164103433389335161480802865516174545192198801894375214704230400000000000000 > |
[ 2, 9, 8, 19, 11, 1, 31, 35, 15, 13, 39, 28, 17, 18, 40, 26, 3, 42, 12, 32, 54, 4, 34, 5, 48, 55, 30, 33, 6, 10, 22, 45, 7, 46, 27, 38, 29, 47, 49, 37, 44, 51, 53, 50, 57, 20, 14, 56, 64, 16, 52, 36, 62, 43, 59, 21, 58, 23, 61, 24, 41, 25, 60, 63 ],
[ 3, 10, 14, 6, 16, 27, 1, 36, 35, 18, 41, 2, 38, 25, 17, 34, 51, 43, 40, 22, 24, 9, 4, 59, 5, 57, 47, 29, 13, 52, 37, 33, 15, 7, 42, 48, 8, 53, 55, 30, 46, 56, 11, 58, 19, 12, 21, 63, 50, 32, 62, 54, 60, 64, 20, 39, 31, 28, 23, 44, 45, 49, 26, 61 ],
[ 4, 7, 15, 20, 21, 28, 32, 1, 12, 40, 25, 45, 2, 27, 22, 49, 29, 3, 23, 41, 42, 57, 44, 53, 51, 5, 9, 46, 31, 6, 34, 55, 58, 59, 37, 30, 19, 8, 43, 33, 64, 10, 52, 11, 50, 16, 13, 14, 56, 60, 35, 17, 18, 47, 63, 36, 61, 26, 39, 48, 24, 38, 54, 62 ]
];
edge3`UpstairsFilename := "64S3-8,8,8-g21-3681526619.m";
edge3`DownstairsTriple := [ PermutationGroup<32 |  
\[ 2, 3, 4, 5, 6, 7, 8, 9, 10, 11, 12, 13, 14, 15, 16, 17, 18, 19, 20, 21, 22, 23, 24, 25, 26, 27, 28, 29, 30, 31, 32, 1 ],
\[ 2, 1, 3, 4, 5, 6, 7, 8, 9, 10, 11, 12, 13, 14, 15, 16, 17, 18, 19, 20, 21, 22, 23, 24, 25, 26, 27, 28, 29, 30, 31, 32 ]:
 Order := 263130836933693530167218012160000000 > |
[ 2, 9, 8, 19, 11, 1, 27, 29, 15, 13, 26, 25, 17, 18, 5, 10, 3, 20, 12, 28, 7, 4, 14, 16, 21, 6, 22, 32, 24, 31, 23, 30 ],
[ 3, 10, 14, 6, 16, 24, 1, 30, 29, 18, 8, 2, 31, 7, 17, 32, 28, 12, 5, 22, 15, 9, 4, 23, 26, 13, 11, 21, 20, 27, 25, 19 ],
[ 4, 7, 15, 20, 21, 25, 28, 1, 12, 5, 19, 32, 2, 24, 22, 6, 26, 3, 23, 10, 31, 30, 13, 9, 18, 27, 14, 29, 11, 16, 8, 17 ]
];
edge3`DownstairsFilename := "32S4-8,4,8-g9-3511985617.m";
Append(~s`Edges, edge3);

/*
Return for eval
*/

return s;
