s := TwoDBInitialize();

/*
Magma printing
*/

s`Name := "64S3-8,8,8-g21-80040378";
s`Filename := "64S3-8,8,8-g21-80040378.m";
s`Degree := 64;
s`Orders := \[ 8, 8, 8 ];
s`Geometry := "Hyperbolic";
s`Genus := 21;
s`Level := 6;
s`PermutationTriple := [ PermutationGroup<64 |  
\[ 2, 3, 4, 5, 6, 7, 8, 9, 10, 11, 12, 13, 14, 15, 16, 17, 18, 19, 20, 21, 22, 23, 24, 25, 26, 27, 28, 29, 30, 31, 32, 33, 34, 35, 36, 37, 38, 39, 40, 41, 42, 43, 44, 45, 46, 47, 48, 49, 50, 51, 52, 53, 54, 55, 56, 57, 58, 59, 60, 61, 62, 63, 64, 1 ],
\[ 2, 1, 3, 4, 5, 6, 7, 8, 9, 10, 11, 12, 13, 14, 15, 16, 17, 18, 19, 20, 21, 22, 23, 24, 25, 26, 27, 28, 29, 30, 31, 32, 33, 34, 35, 36, 37, 38, 39, 40, 41, 42, 43, 44, 45, 46, 47, 48, 49, 50, 51, 52, 53, 54, 55, 56, 57, 58, 59, 60, 61, 62, 63, 64 ]:
 Order := 126886932185884164103433389335161480802865516174545192198801894375214704230400000000000000 > |
[ 11, 34, 8, 10, 2, 5, 12, 13, 54, 27, 9, 35, 36, 30, 18, 14, 16, 20, 1, 28, 7, 21, 29, 3, 4, 19, 38, 37, 51, 40, 32, 23, 61, 33, 55, 56, 39, 57, 59, 52, 44, 31, 42, 25, 15, 6, 24, 22, 17, 46, 58, 60, 63, 53, 62, 64, 41, 43, 45, 49, 50, 48, 26, 47 ],
[ 3, 8, 15, 19, 16, 24, 1, 31, 13, 5, 14, 2, 20, 18, 41, 42, 45, 48, 17, 25, 6, 26, 4, 43, 46, 47, 11, 21, 7, 32, 44, 22, 36, 30, 9, 23, 10, 34, 12, 28, 61, 62, 57, 63, 55, 49, 59, 50, 58, 64, 27, 29, 56, 40, 33, 37, 54, 35, 38, 39, 52, 53, 60, 51 ],
[ 4, 10, 6, 20, 21, 25, 28, 1, 27, 23, 7, 29, 2, 5, 17, 19, 46, 3, 22, 14, 32, 18, 30, 26, 31, 44, 37, 13, 36, 11, 16, 8, 38, 12, 39, 9, 40, 51, 56, 34, 43, 24, 49, 15, 47, 48, 50, 42, 63, 41, 52, 54, 57, 35, 58, 33, 59, 64, 60, 61, 55, 45, 62, 53 ]
];
s`MonodromyGroup := PermutationGroup<64 |  
\[ 11, 34, 8, 10, 2, 5, 12, 13, 54, 27, 9, 35, 36, 30, 18, 14, 16, 20, 1, 28, 7, 21, 29, 3, 4, 19, 38, 37, 51, 40, 32, 23, 61, 33, 55, 56, 39, 57, 59, 52, 44, 31, 42, 25, 15, 6, 24, 22, 17, 46, 58, 60, 63, 53, 62, 64, 41, 43, 45, 49, 50, 48, 26, 47 ],
\[ 3, 8, 15, 19, 16, 24, 1, 31, 13, 5, 14, 2, 20, 18, 41, 42, 45, 48, 17, 25, 6, 26, 4, 43, 46, 47, 11, 21, 7, 32, 44, 22, 36, 30, 9, 23, 10, 34, 12, 28, 61, 62, 57, 63, 55, 49, 59, 50, 58, 64, 27, 29, 56, 40, 33, 37, 54, 35, 38, 39, 52, 53, 60, 51 ],
\[ 4, 10, 6, 20, 21, 25, 28, 1, 27, 23, 7, 29, 2, 5, 17, 19, 46, 3, 22, 14, 32, 18, 30, 26, 31, 44, 37, 13, 36, 11, 16, 8, 38, 12, 39, 9, 40, 51, 56, 34, 43, 24, 49, 15, 47, 48, 50, 42, 63, 41, 52, 54, 57, 35, 58, 33, 59, 64, 60, 61, 55, 45, 62, 53 ] >;

/*
Edge printing
*/

s`Edges := [];
edge1 := TwoEdgeInitialize();
edge1`Blocks := {@ PowerSet(IntegerRing()) |
{ IntegerRing() | 1, 5 },
{ IntegerRing() | 2, 11 },
{ IntegerRing() | 3, 16 },
{ IntegerRing() | 4, 21 },
{ IntegerRing() | 6, 19 },
{ IntegerRing() | 7, 10 },
{ IntegerRing() | 8, 14 },
{ IntegerRing() | 9, 34 },
{ IntegerRing() | 12, 27 },
{ IntegerRing() | 13, 30 },
{ IntegerRing() | 15, 42 },
{ IntegerRing() | 17, 24 },
{ IntegerRing() | 18, 31 },
{ IntegerRing() | 20, 32 },
{ IntegerRing() | 22, 25 },
{ IntegerRing() | 23, 28 },
{ IntegerRing() | 26, 46 },
{ IntegerRing() | 29, 37 },
{ IntegerRing() | 33, 54 },
{ IntegerRing() | 35, 38 },
{ IntegerRing() | 36, 40 },
{ IntegerRing() | 39, 51 },
{ IntegerRing() | 41, 62 },
{ IntegerRing() | 43, 45 },
{ IntegerRing() | 44, 48 },
{ IntegerRing() | 47, 49 },
{ IntegerRing() | 50, 63 },
{ IntegerRing() | 52, 56 },
{ IntegerRing() | 53, 61 },
{ IntegerRing() | 55, 57 },
{ IntegerRing() | 58, 59 },
{ IntegerRing() | 60, 64 }
@};
edge1`UpstairsTriple := [ PermutationGroup<64 |  
\[ 2, 3, 4, 5, 6, 7, 8, 9, 10, 11, 12, 13, 14, 15, 16, 17, 18, 19, 20, 21, 22, 23, 24, 25, 26, 27, 28, 29, 30, 31, 32, 33, 34, 35, 36, 37, 38, 39, 40, 41, 42, 43, 44, 45, 46, 47, 48, 49, 50, 51, 52, 53, 54, 55, 56, 57, 58, 59, 60, 61, 62, 63, 64, 1 ],
\[ 2, 1, 3, 4, 5, 6, 7, 8, 9, 10, 11, 12, 13, 14, 15, 16, 17, 18, 19, 20, 21, 22, 23, 24, 25, 26, 27, 28, 29, 30, 31, 32, 33, 34, 35, 36, 37, 38, 39, 40, 41, 42, 43, 44, 45, 46, 47, 48, 49, 50, 51, 52, 53, 54, 55, 56, 57, 58, 59, 60, 61, 62, 63, 64 ]:
 Order := 126886932185884164103433389335161480802865516174545192198801894375214704230400000000000000 > |
[ 11, 34, 8, 10, 2, 5, 12, 13, 54, 27, 9, 35, 36, 30, 18, 14, 16, 20, 1, 28, 7, 21, 29, 3, 4, 19, 38, 37, 51, 40, 32, 23, 61, 33, 55, 56, 39, 57, 59, 52, 44, 31, 42, 25, 15, 6, 24, 22, 17, 46, 58, 60, 63, 53, 62, 64, 41, 43, 45, 49, 50, 48, 26, 47 ],
[ 3, 8, 15, 19, 16, 24, 1, 31, 13, 5, 14, 2, 20, 18, 41, 42, 45, 48, 17, 25, 6, 26, 4, 43, 46, 47, 11, 21, 7, 32, 44, 22, 36, 30, 9, 23, 10, 34, 12, 28, 61, 62, 57, 63, 55, 49, 59, 50, 58, 64, 27, 29, 56, 40, 33, 37, 54, 35, 38, 39, 52, 53, 60, 51 ],
[ 4, 10, 6, 20, 21, 25, 28, 1, 27, 23, 7, 29, 2, 5, 17, 19, 46, 3, 22, 14, 32, 18, 30, 26, 31, 44, 37, 13, 36, 11, 16, 8, 38, 12, 39, 9, 40, 51, 56, 34, 43, 24, 49, 15, 47, 48, 50, 42, 63, 41, 52, 54, 57, 35, 58, 33, 59, 64, 60, 61, 55, 45, 62, 53 ]
];
edge1`UpstairsFilename := "64S3-8,8,8-g21-80040378.m";
edge1`DownstairsTriple := [ PermutationGroup<32 |  
\[ 2, 3, 4, 5, 6, 7, 8, 9, 10, 11, 12, 13, 14, 15, 16, 17, 18, 19, 20, 21, 22, 23, 24, 25, 26, 27, 28, 29, 30, 31, 32, 1 ],
\[ 2, 1, 3, 4, 5, 6, 7, 8, 9, 10, 11, 12, 13, 14, 15, 16, 17, 18, 19, 20, 21, 22, 23, 24, 25, 26, 27, 28, 29, 30, 31, 32 ]:
 Order := 263130836933693530167218012160000000 > |
[ 2, 9, 8, 7, 10, 1, 11, 12, 21, 24, 26, 27, 16, 23, 3, 17, 20, 22, 4, 25, 5, 28, 29, 6, 30, 18, 14, 19, 15, 32, 13, 31 ],
[ 3, 8, 13, 6, 14, 15, 1, 16, 12, 23, 2, 17, 22, 25, 31, 28, 19, 21, 24, 4, 27, 5, 30, 29, 7, 9, 20, 10, 32, 11, 18, 26 ],
[ 4, 7, 6, 17, 18, 19, 20, 1, 11, 22, 25, 2, 15, 21, 24, 3, 8, 32, 16, 12, 26, 31, 5, 28, 27, 30, 9, 13, 10, 14, 29, 23 ]
];
edge1`DownstairsFilename := "32S3-8,8,4-g9-1903263287.m";
Append(~s`Edges, edge1);
edge2 := TwoEdgeInitialize();
edge2`Blocks := {@ PowerSet(IntegerRing()) |
{ IntegerRing() | 1, 5 },
{ IntegerRing() | 2, 12 },
{ IntegerRing() | 3, 18 },
{ IntegerRing() | 4, 24 },
{ IntegerRing() | 6, 22 },
{ IntegerRing() | 7, 11 },
{ IntegerRing() | 8, 15 },
{ IntegerRing() | 9, 41 },
{ IntegerRing() | 10, 45 },
{ IntegerRing() | 13, 40 },
{ IntegerRing() | 14, 42 },
{ IntegerRing() | 16, 34 },
{ IntegerRing() | 17, 60 },
{ IntegerRing() | 19, 58 },
{ IntegerRing() | 20, 43 },
{ IntegerRing() | 21, 52 },
{ IntegerRing() | 23, 47 },
{ IntegerRing() | 25, 59 },
{ IntegerRing() | 26, 54 },
{ IntegerRing() | 27, 57 },
{ IntegerRing() | 28, 63 },
{ IntegerRing() | 29, 61 },
{ IntegerRing() | 30, 46 },
{ IntegerRing() | 31, 48 },
{ IntegerRing() | 32, 49 },
{ IntegerRing() | 33, 50 },
{ IntegerRing() | 35, 39 },
{ IntegerRing() | 36, 55 },
{ IntegerRing() | 37, 56 },
{ IntegerRing() | 38, 53 },
{ IntegerRing() | 44, 64 },
{ IntegerRing() | 51, 62 }
@};
edge2`UpstairsTriple := [ PermutationGroup<64 |  
\[ 2, 3, 4, 5, 6, 7, 8, 9, 10, 11, 12, 13, 14, 15, 16, 17, 18, 19, 20, 21, 22, 23, 24, 25, 26, 27, 28, 29, 30, 31, 32, 33, 34, 35, 36, 37, 38, 39, 40, 41, 42, 43, 44, 45, 46, 47, 48, 49, 50, 51, 52, 53, 54, 55, 56, 57, 58, 59, 60, 61, 62, 63, 64, 1 ],
\[ 2, 1, 3, 4, 5, 6, 7, 8, 9, 10, 11, 12, 13, 14, 15, 16, 17, 18, 19, 20, 21, 22, 23, 24, 25, 26, 27, 28, 29, 30, 31, 32, 33, 34, 35, 36, 37, 38, 39, 40, 41, 42, 43, 44, 45, 46, 47, 48, 49, 50, 51, 52, 53, 54, 55, 56, 57, 58, 59, 60, 61, 62, 63, 64 ]:
 Order := 126886932185884164103433389335161480802865516174545192198801894375214704230400000000000000 > |
[ 12, 41, 8, 52, 2, 5, 48, 39, 60, 14, 31, 9, 63, 58, 35, 20, 64, 15, 18, 23, 13, 1, 32, 21, 24, 34, 30, 33, 22, 10, 59, 62, 11, 43, 57, 38, 61, 26, 27, 28, 17, 19, 47, 56, 42, 45, 49, 25, 51, 7, 36, 40, 54, 16, 53, 29, 46, 3, 4, 44, 6, 55, 50, 37 ],
[ 3, 10, 16, 22, 18, 27, 1, 36, 39, 43, 5, 45, 2, 53, 55, 11, 58, 34, 32, 13, 44, 57, 59, 6, 9, 4, 26, 61, 14, 62, 56, 50, 60, 7, 47, 31, 8, 63, 23, 12, 35, 38, 40, 30, 20, 51, 25, 37, 33, 17, 21, 64, 28, 24, 48, 15, 54, 49, 41, 19, 42, 52, 29, 46 ],
[ 4, 11, 17, 23, 24, 28, 32, 1, 40, 44, 49, 7, 51, 2, 5, 57, 59, 60, 61, 3, 54, 63, 45, 47, 55, 42, 9, 43, 31, 6, 16, 39, 53, 27, 56, 46, 52, 8, 37, 62, 13, 12, 18, 33, 64, 22, 10, 34, 35, 38, 58, 26, 15, 14, 30, 21, 41, 29, 36, 25, 48, 19, 20, 50 ]
];
edge2`UpstairsFilename := "64S3-8,8,8-g21-353040635.m";
edge2`DownstairsTriple := [ PermutationGroup<32 |  
\[ 2, 3, 4, 5, 6, 7, 8, 9, 10, 11, 12, 13, 14, 15, 16, 17, 18, 19, 20, 21, 22, 23, 24, 25, 26, 27, 28, 29, 30, 31, 32, 1 ],
\[ 2, 1, 3, 4, 5, 6, 7, 8, 9, 10, 11, 12, 13, 14, 15, 16, 17, 18, 19, 20, 21, 22, 23, 24, 25, 26, 27, 28, 29, 30, 31, 32 ]:
 Order := 263130836933693530167218012160000000 > |
[ 2, 9, 8, 19, 11, 1, 27, 29, 15, 13, 26, 25, 17, 18, 5, 10, 3, 20, 12, 28, 7, 4, 14, 16, 21, 6, 22, 32, 24, 31, 23, 30 ],
[ 3, 10, 14, 6, 16, 24, 1, 30, 29, 18, 8, 2, 31, 7, 17, 32, 28, 12, 5, 22, 15, 9, 4, 23, 26, 13, 11, 21, 20, 27, 25, 19 ],
[ 4, 7, 15, 20, 21, 25, 28, 1, 12, 5, 19, 32, 2, 24, 22, 6, 26, 3, 23, 10, 31, 30, 13, 9, 18, 27, 14, 29, 11, 16, 8, 17 ]
];
edge2`DownstairsFilename := "32S4-8,4,8-g9-3511985617.m";
Append(~s`Edges, edge2);
edge3 := TwoEdgeInitialize();
edge3`Blocks := {@ PowerSet(IntegerRing()) |
{ IntegerRing() | 1, 5 },
{ IntegerRing() | 2, 11 },
{ IntegerRing() | 3, 16 },
{ IntegerRing() | 4, 21 },
{ IntegerRing() | 6, 24 },
{ IntegerRing() | 7, 25 },
{ IntegerRing() | 8, 26 },
{ IntegerRing() | 9, 29 },
{ IntegerRing() | 10, 42 },
{ IntegerRing() | 12, 43 },
{ IntegerRing() | 13, 44 },
{ IntegerRing() | 14, 46 },
{ IntegerRing() | 15, 52 },
{ IntegerRing() | 17, 40 },
{ IntegerRing() | 18, 54 },
{ IntegerRing() | 19, 50 },
{ IntegerRing() | 20, 59 },
{ IntegerRing() | 22, 45 },
{ IntegerRing() | 23, 55 },
{ IntegerRing() | 27, 48 },
{ IntegerRing() | 28, 39 },
{ IntegerRing() | 30, 60 },
{ IntegerRing() | 31, 58 },
{ IntegerRing() | 32, 51 },
{ IntegerRing() | 33, 61 },
{ IntegerRing() | 34, 57 },
{ IntegerRing() | 35, 56 },
{ IntegerRing() | 36, 47 },
{ IntegerRing() | 37, 62 },
{ IntegerRing() | 38, 63 },
{ IntegerRing() | 41, 64 },
{ IntegerRing() | 49, 53 }
@};
edge3`UpstairsTriple := [ PermutationGroup<64 |  
\[ 2, 3, 4, 5, 6, 7, 8, 9, 10, 11, 12, 13, 14, 15, 16, 17, 18, 19, 20, 21, 22, 23, 24, 25, 26, 27, 28, 29, 30, 31, 32, 33, 34, 35, 36, 37, 38, 39, 40, 41, 42, 43, 44, 45, 46, 47, 48, 49, 50, 51, 52, 53, 54, 55, 56, 57, 58, 59, 60, 61, 62, 63, 64, 1 ],
\[ 2, 1, 3, 4, 5, 6, 7, 8, 9, 10, 11, 12, 13, 14, 15, 16, 17, 18, 19, 20, 21, 22, 23, 24, 25, 26, 27, 28, 29, 30, 31, 32, 33, 34, 35, 36, 37, 38, 39, 40, 41, 42, 43, 44, 45, 46, 47, 48, 49, 50, 51, 52, 53, 54, 55, 56, 57, 58, 59, 60, 61, 62, 63, 64 ]:
 Order := 126886932185884164103433389335161480802865516174545192198801894375214704230400000000000000 > |
[ 2, 9, 8, 19, 11, 1, 31, 35, 24, 13, 29, 45, 48, 18, 41, 26, 3, 20, 12, 32, 50, 4, 34, 5, 58, 56, 30, 33, 6, 10, 39, 46, 7, 47, 40, 38, 49, 23, 61, 16, 37, 44, 22, 27, 21, 54, 63, 60, 52, 43, 14, 64, 15, 59, 57, 17, 36, 28, 51, 42, 25, 53, 55, 62 ],
[ 3, 10, 14, 6, 16, 27, 1, 36, 35, 18, 42, 2, 38, 50, 17, 46, 55, 58, 41, 22, 24, 53, 4, 48, 5, 47, 51, 29, 56, 57, 37, 33, 15, 7, 20, 43, 8, 28, 9, 23, 30, 54, 11, 63, 49, 19, 12, 32, 13, 64, 61, 40, 44, 31, 21, 59, 25, 62, 45, 34, 52, 26, 39, 60 ],
[ 4, 7, 15, 20, 21, 28, 32, 1, 12, 41, 25, 46, 2, 27, 22, 52, 29, 3, 23, 10, 59, 36, 13, 39, 51, 5, 53, 18, 43, 6, 34, 35, 38, 40, 37, 30, 19, 8, 54, 9, 33, 64, 14, 11, 47, 48, 60, 49, 31, 55, 56, 45, 58, 16, 44, 62, 17, 57, 42, 24, 63, 50, 26, 61 ]
];
edge3`UpstairsFilename := "64S3-8,8,8-g21-1519842693.m";
edge3`DownstairsTriple := [ PermutationGroup<32 |  
\[ 2, 3, 4, 5, 6, 7, 8, 9, 10, 11, 12, 13, 14, 15, 16, 17, 18, 19, 20, 21, 22, 23, 24, 25, 26, 27, 28, 29, 30, 31, 32, 1 ],
\[ 2, 1, 3, 4, 5, 6, 7, 8, 9, 10, 11, 12, 13, 14, 15, 16, 17, 18, 19, 20, 21, 22, 23, 24, 25, 26, 27, 28, 29, 30, 31, 32 ]:
 Order := 263130836933693530167218012160000000 > |
[ 2, 9, 8, 19, 11, 1, 26, 29, 6, 13, 32, 22, 24, 18, 5, 10, 3, 20, 12, 27, 7, 4, 28, 16, 21, 25, 14, 30, 17, 31, 23, 15 ],
[ 3, 10, 14, 6, 16, 24, 1, 30, 29, 18, 8, 2, 31, 19, 17, 28, 23, 26, 5, 22, 15, 32, 4, 27, 9, 11, 21, 7, 20, 12, 25, 13 ],
[ 4, 7, 15, 20, 21, 25, 27, 1, 12, 5, 19, 14, 2, 24, 22, 6, 9, 3, 23, 10, 31, 30, 13, 32, 18, 28, 29, 17, 11, 16, 8, 26 ]
];
edge3`DownstairsFilename := "32S4-4,8,8-g9-3690123996.m";
Append(~s`Edges, edge3);

/*
Return for eval
*/

return s;
