s := TwoDBInitialize();

/*
Magma printing
*/

s`Name := "64S39-4,16,4-g15-3495719998";
s`Filename := "64S39-4,16,4-g15-3495719998.m";
s`Degree := 64;
s`Orders := \[ 4, 16, 4 ];
s`Geometry := "Hyperbolic";
s`Genus := 15;
s`Level := 6;
s`PermutationTriple := [ PermutationGroup<64 |  
\[ 2, 3, 4, 5, 6, 7, 8, 9, 10, 11, 12, 13, 14, 15, 16, 17, 18, 19, 20, 21, 22, 23, 24, 25, 26, 27, 28, 29, 30, 31, 32, 33, 34, 35, 36, 37, 38, 39, 40, 41, 42, 43, 44, 45, 46, 47, 48, 49, 50, 51, 52, 53, 54, 55, 56, 57, 58, 59, 60, 61, 62, 63, 64, 1 ],
\[ 2, 1, 3, 4, 5, 6, 7, 8, 9, 10, 11, 12, 13, 14, 15, 16, 17, 18, 19, 20, 21, 22, 23, 24, 25, 26, 27, 28, 29, 30, 31, 32, 33, 34, 35, 36, 37, 38, 39, 40, 41, 42, 43, 44, 45, 46, 47, 48, 49, 50, 51, 52, 53, 54, 55, 56, 57, 58, 59, 60, 61, 62, 63, 64 ]:
 Order := 126886932185884164103433389335161480802865516174545192198801894375214704230400000000000000 > |
[ 2, 5, 8, 17, 6, 1, 24, 14, 11, 19, 22, 16, 39, 15, 3, 37, 10, 25, 4, 12, 26, 23, 9, 21, 33, 7, 30, 18, 40, 32, 44, 43, 28, 45, 38, 55, 20, 53, 29, 13, 35, 56, 27, 34, 31, 60, 48, 59, 47, 61, 54, 64, 41, 63, 42, 36, 51, 62, 49, 50, 46, 52, 57, 58 ],
[ 3, 9, 12, 6, 14, 22, 1, 28, 30, 2, 18, 35, 15, 37, 25, 10, 39, 19, 40, 4, 5, 43, 33, 44, 26, 45, 7, 24, 8, 47, 23, 21, 17, 11, 51, 20, 53, 29, 55, 56, 13, 16, 59, 60, 61, 27, 52, 34, 31, 32, 48, 41, 63, 42, 64, 62, 36, 38, 58, 57, 54, 46, 49, 50 ],
[ 4, 7, 13, 18, 10, 21, 25, 1, 31, 33, 2, 36, 19, 29, 5, 3, 20, 8, 16, 14, 28, 34, 6, 27, 11, 32, 22, 23, 17, 46, 26, 9, 15, 24, 52, 40, 42, 12, 41, 38, 37, 39, 50, 49, 48, 45, 63, 30, 43, 44, 60, 56, 58, 35, 57, 54, 53, 55, 51, 62, 64, 59, 61, 47 ]
];
s`MonodromyGroup := PermutationGroup<64 |  
\[ 2, 5, 8, 17, 6, 1, 24, 14, 11, 19, 22, 16, 39, 15, 3, 37, 10, 25, 4, 12, 26, 23, 9, 21, 33, 7, 30, 18, 40, 32, 44, 43, 28, 45, 38, 55, 20, 53, 29, 13, 35, 56, 27, 34, 31, 60, 48, 59, 47, 61, 54, 64, 41, 63, 42, 36, 51, 62, 49, 50, 46, 52, 57, 58 ],
\[ 3, 9, 12, 6, 14, 22, 1, 28, 30, 2, 18, 35, 15, 37, 25, 10, 39, 19, 40, 4, 5, 43, 33, 44, 26, 45, 7, 24, 8, 47, 23, 21, 17, 11, 51, 20, 53, 29, 55, 56, 13, 16, 59, 60, 61, 27, 52, 34, 31, 32, 48, 41, 63, 42, 64, 62, 36, 38, 58, 57, 54, 46, 49, 50 ],
\[ 4, 7, 13, 18, 10, 21, 25, 1, 31, 33, 2, 36, 19, 29, 5, 3, 20, 8, 16, 14, 28, 34, 6, 27, 11, 32, 22, 23, 17, 46, 26, 9, 15, 24, 52, 40, 42, 12, 41, 38, 37, 39, 50, 49, 48, 45, 63, 30, 43, 44, 60, 56, 58, 35, 57, 54, 53, 55, 51, 62, 64, 59, 61, 47 ] >;

/*
Edge printing
*/

s`Edges := [];
edge1 := TwoEdgeInitialize();
edge1`Blocks := {@ PowerSet(IntegerRing()) |
{ IntegerRing() | 1, 5 },
{ IntegerRing() | 2, 6 },
{ IntegerRing() | 3, 14 },
{ IntegerRing() | 4, 10 },
{ IntegerRing() | 7, 21 },
{ IntegerRing() | 8, 15 },
{ IntegerRing() | 9, 22 },
{ IntegerRing() | 11, 23 },
{ IntegerRing() | 12, 37 },
{ IntegerRing() | 13, 29 },
{ IntegerRing() | 16, 20 },
{ IntegerRing() | 17, 19 },
{ IntegerRing() | 18, 33 },
{ IntegerRing() | 24, 26 },
{ IntegerRing() | 25, 28 },
{ IntegerRing() | 27, 32 },
{ IntegerRing() | 30, 43 },
{ IntegerRing() | 31, 34 },
{ IntegerRing() | 35, 53 },
{ IntegerRing() | 36, 42 },
{ IntegerRing() | 38, 41 },
{ IntegerRing() | 39, 40 },
{ IntegerRing() | 44, 45 },
{ IntegerRing() | 46, 50 },
{ IntegerRing() | 47, 59 },
{ IntegerRing() | 48, 49 },
{ IntegerRing() | 51, 63 },
{ IntegerRing() | 52, 58 },
{ IntegerRing() | 54, 57 },
{ IntegerRing() | 55, 56 },
{ IntegerRing() | 60, 61 },
{ IntegerRing() | 62, 64 }
@};
edge1`UpstairsTriple := [ PermutationGroup<64 |  
\[ 2, 3, 4, 5, 6, 7, 8, 9, 10, 11, 12, 13, 14, 15, 16, 17, 18, 19, 20, 21, 22, 23, 24, 25, 26, 27, 28, 29, 30, 31, 32, 33, 34, 35, 36, 37, 38, 39, 40, 41, 42, 43, 44, 45, 46, 47, 48, 49, 50, 51, 52, 53, 54, 55, 56, 57, 58, 59, 60, 61, 62, 63, 64, 1 ],
\[ 2, 1, 3, 4, 5, 6, 7, 8, 9, 10, 11, 12, 13, 14, 15, 16, 17, 18, 19, 20, 21, 22, 23, 24, 25, 26, 27, 28, 29, 30, 31, 32, 33, 34, 35, 36, 37, 38, 39, 40, 41, 42, 43, 44, 45, 46, 47, 48, 49, 50, 51, 52, 53, 54, 55, 56, 57, 58, 59, 60, 61, 62, 63, 64 ]:
 Order := 126886932185884164103433389335161480802865516174545192198801894375214704230400000000000000 > |
[ 2, 5, 8, 17, 6, 1, 24, 14, 11, 19, 22, 16, 39, 15, 3, 37, 10, 25, 4, 12, 26, 23, 9, 21, 33, 7, 30, 18, 40, 32, 44, 43, 28, 45, 38, 55, 20, 53, 29, 13, 35, 56, 27, 34, 31, 60, 48, 59, 47, 61, 54, 64, 41, 63, 42, 36, 51, 62, 49, 50, 46, 52, 57, 58 ],
[ 3, 9, 12, 6, 14, 22, 1, 28, 30, 2, 18, 35, 15, 37, 25, 10, 39, 19, 40, 4, 5, 43, 33, 44, 26, 45, 7, 24, 8, 47, 23, 21, 17, 11, 51, 20, 53, 29, 55, 56, 13, 16, 59, 60, 61, 27, 52, 34, 31, 32, 48, 41, 63, 42, 64, 62, 36, 38, 58, 57, 54, 46, 49, 50 ],
[ 4, 7, 13, 18, 10, 21, 25, 1, 31, 33, 2, 36, 19, 29, 5, 3, 20, 8, 16, 14, 28, 34, 6, 27, 11, 32, 22, 23, 17, 46, 26, 9, 15, 24, 52, 40, 42, 12, 41, 38, 37, 39, 50, 49, 48, 45, 63, 30, 43, 44, 60, 56, 58, 35, 57, 54, 53, 55, 51, 62, 64, 59, 61, 47 ]
];
edge1`UpstairsFilename := "64S39-4,16,4-g15-3495719998.m";
edge1`DownstairsTriple := [ PermutationGroup<32 |  
\[ 2, 3, 4, 5, 6, 7, 8, 9, 10, 11, 12, 13, 14, 15, 16, 17, 18, 19, 20, 21, 22, 23, 24, 25, 26, 27, 28, 29, 30, 31, 32, 1 ],
\[ 2, 1, 3, 4, 5, 6, 7, 8, 9, 10, 11, 12, 13, 14, 15, 16, 17, 18, 19, 20, 21, 22, 23, 24, 25, 26, 27, 28, 29, 30, 31, 32 ]:
 Order := 263130836933693530167218012160000000 > |
[ 10, 5, 7, 13, 2, 8, 3, 6, 15, 1, 14, 21, 4, 11, 9, 23, 18, 17, 22, 29, 12, 19, 16, 25, 24, 31, 30, 32, 20, 27, 26, 28 ],
[ 3, 8, 11, 10, 13, 1, 2, 17, 5, 15, 19, 7, 21, 4, 23, 6, 25, 9, 27, 14, 29, 12, 31, 16, 30, 18, 26, 22, 32, 20, 28, 24 ],
[ 4, 9, 12, 5, 7, 2, 1, 16, 10, 6, 20, 13, 14, 3, 18, 15, 26, 8, 28, 21, 22, 11, 24, 17, 32, 23, 25, 29, 30, 19, 27, 31 ]
];
edge1`DownstairsFilename := "32S19-2,16,4-g4-2257751403.m";
Append(~s`Edges, edge1);
edge2 := TwoEdgeInitialize();
edge2`Blocks := {@ PowerSet(IntegerRing()) |
{ IntegerRing() | 1, 5 },
{ IntegerRing() | 2, 12 },
{ IntegerRing() | 3, 16 },
{ IntegerRing() | 4, 8 },
{ IntegerRing() | 6, 20 },
{ IntegerRing() | 7, 11 },
{ IntegerRing() | 9, 30 },
{ IntegerRing() | 10, 26 },
{ IntegerRing() | 13, 17 },
{ IntegerRing() | 14, 37 },
{ IntegerRing() | 15, 18 },
{ IntegerRing() | 19, 28 },
{ IntegerRing() | 21, 29 },
{ IntegerRing() | 22, 25 },
{ IntegerRing() | 23, 24 },
{ IntegerRing() | 27, 34 },
{ IntegerRing() | 31, 45 },
{ IntegerRing() | 32, 33 },
{ IntegerRing() | 35, 53 },
{ IntegerRing() | 36, 38 },
{ IntegerRing() | 39, 41 },
{ IntegerRing() | 40, 42 },
{ IntegerRing() | 43, 44 },
{ IntegerRing() | 46, 48 },
{ IntegerRing() | 47, 61 },
{ IntegerRing() | 49, 50 },
{ IntegerRing() | 51, 62 },
{ IntegerRing() | 52, 54 },
{ IntegerRing() | 55, 57 },
{ IntegerRing() | 56, 58 },
{ IntegerRing() | 59, 60 },
{ IntegerRing() | 63, 64 }
@};
edge2`UpstairsTriple := [ PermutationGroup<64 |  
\[ 2, 3, 4, 5, 6, 7, 8, 9, 10, 11, 12, 13, 14, 15, 16, 17, 18, 19, 20, 21, 22, 23, 24, 25, 26, 27, 28, 29, 30, 31, 32, 33, 34, 35, 36, 37, 38, 39, 40, 41, 42, 43, 44, 45, 46, 47, 48, 49, 50, 51, 52, 53, 54, 55, 56, 57, 58, 59, 60, 61, 62, 63, 64, 1 ],
\[ 2, 1, 3, 4, 5, 6, 7, 8, 9, 10, 11, 12, 13, 14, 15, 16, 17, 18, 19, 20, 21, 22, 23, 24, 25, 26, 27, 28, 29, 30, 31, 32, 33, 34, 35, 36, 37, 38, 39, 40, 41, 42, 43, 44, 45, 46, 47, 48, 49, 50, 51, 52, 53, 54, 55, 56, 57, 58, 59, 60, 61, 62, 63, 64 ]:
 Order := 126886932185884164103433389335161480802865516174545192198801894375214704230400000000000000 > |
[ 12, 30, 8, 28, 2, 5, 22, 19, 20, 7, 25, 9, 3, 18, 41, 4, 16, 39, 13, 1, 14, 24, 26, 10, 23, 11, 45, 17, 37, 6, 33, 44, 43, 31, 38, 57, 15, 55, 21, 35, 29, 53, 34, 27, 32, 59, 46, 60, 47, 61, 54, 63, 36, 64, 40, 51, 42, 62, 49, 50, 48, 52, 58, 56 ],
[ 3, 10, 14, 20, 16, 22, 1, 6, 19, 31, 5, 26, 2, 35, 13, 37, 12, 17, 39, 25, 4, 43, 30, 9, 44, 45, 7, 41, 8, 28, 47, 24, 23, 11, 51, 21, 53, 29, 55, 15, 57, 18, 59, 60, 61, 27, 54, 34, 32, 33, 48, 40, 62, 42, 64, 36, 63, 38, 56, 58, 52, 46, 49, 50 ],
[ 4, 11, 15, 5, 8, 23, 2, 1, 17, 32, 12, 7, 9, 36, 16, 18, 30, 3, 29, 24, 19, 27, 20, 6, 34, 33, 25, 21, 28, 13, 48, 26, 10, 22, 52, 37, 38, 14, 42, 39, 40, 41, 50, 49, 46, 31, 63, 45, 43, 44, 59, 53, 54, 35, 58, 55, 56, 57, 62, 51, 64, 60, 61, 47 ]
];
edge2`UpstairsFilename := "64S39-4,16,4-g15-1971284135.m";
edge2`DownstairsTriple := [ PermutationGroup<32 |  
\[ 2, 3, 4, 5, 6, 7, 8, 9, 10, 11, 12, 13, 14, 15, 16, 17, 18, 19, 20, 21, 22, 23, 24, 25, 26, 27, 28, 29, 30, 31, 32, 1 ],
\[ 2, 1, 3, 4, 5, 6, 7, 8, 9, 10, 11, 12, 13, 14, 15, 16, 17, 18, 19, 20, 21, 22, 23, 24, 25, 26, 27, 28, 29, 30, 31, 32 ]:
 Order := 263130836933693530167218012160000000 > |
[ 2, 8, 4, 15, 10, 1, 20, 6, 7, 23, 3, 13, 29, 16, 11, 30, 12, 5, 28, 21, 9, 24, 18, 25, 31, 19, 14, 32, 17, 27, 22, 26 ],
[ 3, 9, 12, 6, 14, 20, 1, 15, 24, 26, 2, 19, 11, 22, 29, 18, 4, 28, 5, 31, 8, 7, 30, 27, 21, 13, 10, 17, 32, 25, 16, 23 ],
[ 4, 7, 13, 1, 16, 21, 2, 11, 25, 19, 8, 28, 3, 24, 17, 5, 15, 32, 10, 22, 6, 20, 27, 14, 9, 29, 23, 12, 26, 31, 30, 18 ]
];
edge2`DownstairsFilename := "32S9-4,8,2-g3-2380825751.m";
Append(~s`Edges, edge2);
edge3 := TwoEdgeInitialize();
edge3`Blocks := {@ PowerSet(IntegerRing()) |
{ IntegerRing() | 1, 5 },
{ IntegerRing() | 2, 12 },
{ IntegerRing() | 3, 17 },
{ IntegerRing() | 4, 21 },
{ IntegerRing() | 6, 19 },
{ IntegerRing() | 7, 11 },
{ IntegerRing() | 8, 14 },
{ IntegerRing() | 9, 20 },
{ IntegerRing() | 10, 26 },
{ IntegerRing() | 13, 25 },
{ IntegerRing() | 15, 37 },
{ IntegerRing() | 16, 23 },
{ IntegerRing() | 18, 30 },
{ IntegerRing() | 22, 29 },
{ IntegerRing() | 24, 27 },
{ IntegerRing() | 28, 33 },
{ IntegerRing() | 31, 44 },
{ IntegerRing() | 32, 34 },
{ IntegerRing() | 35, 53 },
{ IntegerRing() | 36, 40 },
{ IntegerRing() | 38, 42 },
{ IntegerRing() | 39, 41 },
{ IntegerRing() | 43, 45 },
{ IntegerRing() | 46, 48 },
{ IntegerRing() | 47, 60 },
{ IntegerRing() | 49, 50 },
{ IntegerRing() | 51, 64 },
{ IntegerRing() | 52, 56 },
{ IntegerRing() | 54, 58 },
{ IntegerRing() | 55, 57 },
{ IntegerRing() | 59, 61 },
{ IntegerRing() | 62, 63 }
@};
edge3`UpstairsTriple := [ PermutationGroup<64 |  
\[ 2, 3, 4, 5, 6, 7, 8, 9, 10, 11, 12, 13, 14, 15, 16, 17, 18, 19, 20, 21, 22, 23, 24, 25, 26, 27, 28, 29, 30, 31, 32, 33, 34, 35, 36, 37, 38, 39, 40, 41, 42, 43, 44, 45, 46, 47, 48, 49, 50, 51, 52, 53, 54, 55, 56, 57, 58, 59, 60, 61, 62, 63, 64, 1 ],
\[ 2, 1, 3, 4, 5, 6, 7, 8, 9, 10, 11, 12, 13, 14, 15, 16, 17, 18, 19, 20, 21, 22, 23, 24, 25, 26, 27, 28, 29, 30, 31, 32, 33, 34, 35, 36, 37, 38, 39, 40, 41, 42, 43, 44, 45, 46, 47, 48, 49, 50, 51, 52, 53, 54, 55, 56, 57, 58, 59, 60, 61, 62, 63, 64 ]:
 Order := 126886932185884164103433389335161480802865516174545192198801894375214704230400000000000000 > |
[ 12, 20, 8, 17, 2, 5, 10, 22, 19, 13, 26, 9, 24, 29, 18, 37, 14, 39, 1, 6, 3, 21, 15, 7, 27, 25, 11, 44, 4, 41, 32, 43, 31, 45, 38, 53, 30, 55, 23, 35, 16, 57, 33, 34, 28, 47, 49, 60, 59, 61, 54, 64, 42, 63, 40, 51, 36, 62, 46, 50, 48, 52, 56, 58 ],
[ 3, 10, 15, 19, 17, 24, 1, 2, 22, 31, 5, 26, 9, 12, 35, 21, 37, 14, 27, 29, 6, 39, 4, 43, 20, 44, 45, 7, 41, 8, 47, 25, 11, 13, 51, 23, 53, 30, 55, 16, 57, 18, 59, 60, 61, 28, 56, 33, 34, 32, 50, 40, 64, 42, 63, 36, 62, 38, 54, 52, 58, 46, 48, 49 ],
[ 4, 11, 16, 20, 21, 25, 6, 1, 14, 28, 19, 7, 2, 5, 36, 29, 23, 3, 13, 8, 9, 30, 22, 34, 12, 33, 32, 27, 18, 17, 48, 10, 24, 26, 52, 41, 40, 15, 42, 39, 38, 37, 50, 46, 49, 43, 62, 45, 31, 44, 47, 57, 56, 35, 58, 55, 54, 53, 64, 63, 51, 61, 59, 60 ]
];
edge3`UpstairsFilename := "64S39-4,16,4-g15-321488720.m";
edge3`DownstairsTriple := [ PermutationGroup<32 |  
\[ 2, 3, 4, 5, 6, 7, 8, 9, 10, 11, 12, 13, 14, 15, 16, 17, 18, 19, 20, 21, 22, 23, 24, 25, 26, 27, 28, 29, 30, 31, 32, 1 ],
\[ 2, 1, 3, 4, 5, 6, 7, 8, 9, 10, 11, 12, 13, 14, 15, 16, 17, 18, 19, 20, 21, 22, 23, 24, 25, 26, 27, 28, 29, 30, 31, 32 ]:
 Order := 263130836933693530167218012160000000 > |
[ 2, 5, 8, 3, 6, 1, 9, 13, 10, 15, 14, 11, 4, 21, 7, 17, 18, 23, 22, 19, 12, 29, 16, 25, 26, 31, 30, 27, 20, 32, 24, 28 ],
[ 3, 9, 11, 6, 13, 15, 1, 2, 17, 5, 19, 4, 21, 8, 23, 7, 25, 10, 27, 12, 29, 14, 31, 16, 28, 18, 26, 20, 32, 22, 30, 24 ],
[ 4, 7, 12, 5, 8, 10, 6, 1, 16, 2, 20, 13, 14, 3, 18, 15, 24, 9, 28, 21, 22, 11, 26, 23, 32, 17, 25, 29, 30, 19, 27, 31 ]
];
edge3`DownstairsFilename := "32S20-4,16,4-g8-1284129615.m";
Append(~s`Edges, edge3);

/*
Return for eval
*/

return s;
