s := TwoDBInitialize();

/*
Magma printing
*/

s`Name := "64S38-16,2,4-g7-2121012753";
s`Filename := "64S38-16,2,4-g7-2121012753.m";
s`Degree := 64;
s`Orders := \[ 16, 2, 4 ];
s`Geometry := "Hyperbolic";
s`Genus := 7;
s`Level := 6;
s`PermutationTriple := [ PermutationGroup<64 |  
\[ 2, 3, 4, 5, 6, 7, 8, 9, 10, 11, 12, 13, 14, 15, 16, 17, 18, 19, 20, 21, 22, 23, 24, 25, 26, 27, 28, 29, 30, 31, 32, 33, 34, 35, 36, 37, 38, 39, 40, 41, 42, 43, 44, 45, 46, 47, 48, 49, 50, 51, 52, 53, 54, 55, 56, 57, 58, 59, 60, 61, 62, 63, 64, 1 ],
\[ 2, 1, 3, 4, 5, 6, 7, 8, 9, 10, 11, 12, 13, 14, 15, 16, 17, 18, 19, 20, 21, 22, 23, 24, 25, 26, 27, 28, 29, 30, 31, 32, 33, 34, 35, 36, 37, 38, 39, 40, 41, 42, 43, 44, 45, 46, 47, 48, 49, 50, 51, 52, 53, 54, 55, 56, 57, 58, 59, 60, 61, 62, 63, 64 ]:
 Order := 126886932185884164103433389335161480802865516174545192198801894375214704230400000000000000 > |
[ 11, 19, 7, 15, 2, 5, 13, 27, 3, 4, 8, 10, 23, 1, 21, 14, 35, 9, 17, 12, 31, 6, 29, 22, 43, 18, 25, 20, 39, 16, 37, 30, 51, 26, 33, 28, 47, 24, 45, 38, 59, 34, 41, 36, 55, 32, 53, 46, 64, 42, 49, 44, 63, 40, 61, 54, 62, 50, 57, 52, 58, 48, 60, 56 ],
[ 3, 9, 1, 14, 10, 7, 6, 18, 2, 5, 12, 11, 16, 4, 22, 13, 26, 8, 20, 19, 30, 15, 24, 23, 34, 17, 28, 27, 32, 21, 38, 29, 42, 25, 36, 35, 46, 31, 40, 39, 50, 33, 44, 43, 48, 37, 54, 45, 58, 41, 52, 51, 62, 47, 56, 55, 61, 49, 60, 59, 57, 53, 64, 63 ],
[ 4, 10, 2, 5, 7, 15, 1, 12, 8, 11, 3, 19, 6, 13, 14, 21, 20, 17, 9, 27, 22, 23, 16, 31, 28, 25, 18, 35, 24, 29, 30, 37, 36, 33, 26, 43, 38, 39, 32, 47, 44, 41, 34, 51, 40, 45, 46, 53, 52, 49, 42, 59, 54, 55, 48, 63, 60, 57, 50, 64, 56, 61, 62, 58 ]
];
s`MonodromyGroup := PermutationGroup<64 |  
\[ 11, 19, 7, 15, 2, 5, 13, 27, 3, 4, 8, 10, 23, 1, 21, 14, 35, 9, 17, 12, 31, 6, 29, 22, 43, 18, 25, 20, 39, 16, 37, 30, 51, 26, 33, 28, 47, 24, 45, 38, 59, 34, 41, 36, 55, 32, 53, 46, 64, 42, 49, 44, 63, 40, 61, 54, 62, 50, 57, 52, 58, 48, 60, 56 ],
\[ 3, 9, 1, 14, 10, 7, 6, 18, 2, 5, 12, 11, 16, 4, 22, 13, 26, 8, 20, 19, 30, 15, 24, 23, 34, 17, 28, 27, 32, 21, 38, 29, 42, 25, 36, 35, 46, 31, 40, 39, 50, 33, 44, 43, 48, 37, 54, 45, 58, 41, 52, 51, 62, 47, 56, 55, 61, 49, 60, 59, 57, 53, 64, 63 ],
\[ 4, 10, 2, 5, 7, 15, 1, 12, 8, 11, 3, 19, 6, 13, 14, 21, 20, 17, 9, 27, 22, 23, 16, 31, 28, 25, 18, 35, 24, 29, 30, 37, 36, 33, 26, 43, 38, 39, 32, 47, 44, 41, 34, 51, 40, 45, 46, 53, 52, 49, 42, 59, 54, 55, 48, 63, 60, 57, 50, 64, 56, 61, 62, 58 ] >;

/*
Edge printing
*/

s`Edges := [];
edge1 := TwoEdgeInitialize();
edge1`Blocks := {@ PowerSet(IntegerRing()) |
{ IntegerRing() | 1, 5 },
{ IntegerRing() | 2, 11 },
{ IntegerRing() | 3, 10 },
{ IntegerRing() | 4, 7 },
{ IntegerRing() | 6, 14 },
{ IntegerRing() | 8, 19 },
{ IntegerRing() | 9, 12 },
{ IntegerRing() | 13, 15 },
{ IntegerRing() | 16, 22 },
{ IntegerRing() | 17, 27 },
{ IntegerRing() | 18, 20 },
{ IntegerRing() | 21, 23 },
{ IntegerRing() | 24, 30 },
{ IntegerRing() | 25, 35 },
{ IntegerRing() | 26, 28 },
{ IntegerRing() | 29, 31 },
{ IntegerRing() | 32, 38 },
{ IntegerRing() | 33, 43 },
{ IntegerRing() | 34, 36 },
{ IntegerRing() | 37, 39 },
{ IntegerRing() | 40, 46 },
{ IntegerRing() | 41, 51 },
{ IntegerRing() | 42, 44 },
{ IntegerRing() | 45, 47 },
{ IntegerRing() | 48, 54 },
{ IntegerRing() | 49, 59 },
{ IntegerRing() | 50, 52 },
{ IntegerRing() | 53, 55 },
{ IntegerRing() | 56, 62 },
{ IntegerRing() | 57, 64 },
{ IntegerRing() | 58, 60 },
{ IntegerRing() | 61, 63 }
@};
edge1`UpstairsTriple := [ PermutationGroup<64 |  
\[ 2, 3, 4, 5, 6, 7, 8, 9, 10, 11, 12, 13, 14, 15, 16, 17, 18, 19, 20, 21, 22, 23, 24, 25, 26, 27, 28, 29, 30, 31, 32, 33, 34, 35, 36, 37, 38, 39, 40, 41, 42, 43, 44, 45, 46, 47, 48, 49, 50, 51, 52, 53, 54, 55, 56, 57, 58, 59, 60, 61, 62, 63, 64, 1 ],
\[ 2, 1, 3, 4, 5, 6, 7, 8, 9, 10, 11, 12, 13, 14, 15, 16, 17, 18, 19, 20, 21, 22, 23, 24, 25, 26, 27, 28, 29, 30, 31, 32, 33, 34, 35, 36, 37, 38, 39, 40, 41, 42, 43, 44, 45, 46, 47, 48, 49, 50, 51, 52, 53, 54, 55, 56, 57, 58, 59, 60, 61, 62, 63, 64 ]:
 Order := 126886932185884164103433389335161480802865516174545192198801894375214704230400000000000000 > |
[ 11, 19, 7, 15, 2, 5, 13, 27, 3, 4, 8, 10, 23, 1, 21, 14, 35, 9, 17, 12, 31, 6, 29, 22, 43, 18, 25, 20, 39, 16, 37, 30, 51, 26, 33, 28, 47, 24, 45, 38, 59, 34, 41, 36, 55, 32, 53, 46, 64, 42, 49, 44, 63, 40, 61, 54, 62, 50, 57, 52, 58, 48, 60, 56 ],
[ 3, 9, 1, 14, 10, 7, 6, 18, 2, 5, 12, 11, 16, 4, 22, 13, 26, 8, 20, 19, 30, 15, 24, 23, 34, 17, 28, 27, 32, 21, 38, 29, 42, 25, 36, 35, 46, 31, 40, 39, 50, 33, 44, 43, 48, 37, 54, 45, 58, 41, 52, 51, 62, 47, 56, 55, 61, 49, 60, 59, 57, 53, 64, 63 ],
[ 4, 10, 2, 5, 7, 15, 1, 12, 8, 11, 3, 19, 6, 13, 14, 21, 20, 17, 9, 27, 22, 23, 16, 31, 28, 25, 18, 35, 24, 29, 30, 37, 36, 33, 26, 43, 38, 39, 32, 47, 44, 41, 34, 51, 40, 45, 46, 53, 52, 49, 42, 59, 54, 55, 48, 63, 60, 57, 50, 64, 56, 61, 62, 58 ]
];
edge1`UpstairsFilename := "64S38-16,2,4-g7-2121012753.m";
edge1`DownstairsTriple := [ PermutationGroup<32 |  
\[ 2, 3, 4, 5, 6, 7, 8, 9, 10, 11, 12, 13, 14, 15, 16, 17, 18, 19, 20, 21, 22, 23, 24, 25, 26, 27, 28, 29, 30, 31, 32, 1 ],
\[ 2, 1, 3, 4, 5, 6, 7, 8, 9, 10, 11, 12, 13, 14, 15, 16, 17, 18, 19, 20, 21, 22, 23, 24, 25, 26, 27, 28, 29, 30, 31, 32 ]:
 Order := 263130836933693530167218012160000000 > |
[ 2, 7, 4, 11, 9, 1, 15, 3, 17, 12, 19, 20, 5, 6, 23, 8, 25, 10, 27, 28, 13, 14, 29, 16, 30, 18, 32, 31, 21, 22, 24, 26 ],
[ 3, 8, 1, 6, 10, 4, 16, 2, 18, 5, 14, 13, 12, 11, 24, 7, 26, 9, 22, 21, 20, 19, 31, 15, 32, 17, 30, 29, 28, 27, 23, 25 ],
[ 4, 3, 2, 1, 12, 11, 8, 7, 10, 9, 6, 5, 20, 19, 16, 15, 18, 17, 14, 13, 28, 27, 24, 23, 26, 25, 22, 21, 31, 32, 29, 30 ]
];
edge1`DownstairsFilename := "32S18-16,2,2-g0-3937725584.m";
Append(~s`Edges, edge1);
edge2 := TwoEdgeInitialize();
edge2`Blocks := {@ PowerSet(IntegerRing()) |
{ IntegerRing() | 1, 5 },
{ IntegerRing() | 2, 10 },
{ IntegerRing() | 3, 13 },
{ IntegerRing() | 4, 17 },
{ IntegerRing() | 6, 18 },
{ IntegerRing() | 7, 19 },
{ IntegerRing() | 8, 25 },
{ IntegerRing() | 9, 27 },
{ IntegerRing() | 11, 29 },
{ IntegerRing() | 12, 30 },
{ IntegerRing() | 14, 31 },
{ IntegerRing() | 15, 34 },
{ IntegerRing() | 16, 35 },
{ IntegerRing() | 20, 36 },
{ IntegerRing() | 21, 37 },
{ IntegerRing() | 22, 38 },
{ IntegerRing() | 23, 43 },
{ IntegerRing() | 24, 45 },
{ IntegerRing() | 26, 47 },
{ IntegerRing() | 28, 48 },
{ IntegerRing() | 32, 50 },
{ IntegerRing() | 33, 51 },
{ IntegerRing() | 39, 53 },
{ IntegerRing() | 40, 54 },
{ IntegerRing() | 41, 56 },
{ IntegerRing() | 42, 59 },
{ IntegerRing() | 44, 61 },
{ IntegerRing() | 46, 62 },
{ IntegerRing() | 49, 60 },
{ IntegerRing() | 52, 64 },
{ IntegerRing() | 55, 57 },
{ IntegerRing() | 58, 63 }
@};
edge2`UpstairsTriple := [ PermutationGroup<64 |  
\[ 2, 3, 4, 5, 6, 7, 8, 9, 10, 11, 12, 13, 14, 15, 16, 17, 18, 19, 20, 21, 22, 23, 24, 25, 26, 27, 28, 29, 30, 31, 32, 33, 34, 35, 36, 37, 38, 39, 40, 41, 42, 43, 44, 45, 46, 47, 48, 49, 50, 51, 52, 53, 54, 55, 56, 57, 58, 59, 60, 61, 62, 63, 64, 1 ],
\[ 2, 1, 3, 4, 5, 6, 7, 8, 9, 10, 11, 12, 13, 14, 15, 16, 17, 18, 19, 20, 21, 22, 23, 24, 25, 26, 27, 28, 29, 30, 31, 32, 33, 34, 35, 36, 37, 38, 39, 40, 41, 42, 43, 44, 45, 46, 47, 48, 49, 50, 51, 52, 53, 54, 55, 56, 57, 58, 59, 60, 61, 62, 63, 64 ]:
 Order := 126886932185884164103433389335161480802865516174545192198801894375214704230400000000000000 > |
[ 2, 8, 7, 15, 10, 1, 20, 23, 11, 25, 4, 26, 19, 3, 32, 12, 34, 5, 36, 39, 6, 16, 41, 14, 43, 44, 29, 9, 17, 47, 13, 49, 22, 50, 30, 53, 18, 35, 55, 21, 54, 28, 56, 58, 31, 24, 61, 27, 59, 60, 38, 33, 57, 37, 62, 40, 46, 64, 48, 42, 63, 45, 52, 51 ],
[ 3, 9, 1, 6, 13, 4, 22, 24, 2, 27, 16, 14, 5, 12, 33, 11, 18, 17, 38, 21, 20, 7, 42, 8, 45, 28, 10, 26, 35, 31, 30, 40, 15, 51, 29, 37, 36, 19, 52, 32, 57, 23, 59, 46, 25, 44, 48, 47, 63, 54, 34, 39, 64, 50, 56, 55, 41, 60, 43, 58, 62, 61, 49, 53 ],
[ 4, 3, 12, 16, 17, 20, 1, 9, 26, 13, 2, 11, 30, 8, 6, 7, 35, 36, 5, 22, 32, 15, 24, 44, 27, 14, 47, 23, 10, 29, 25, 33, 39, 18, 19, 38, 50, 34, 21, 55, 42, 58, 45, 28, 61, 41, 31, 43, 40, 51, 53, 49, 37, 57, 52, 59, 64, 46, 63, 54, 48, 56, 62, 60 ]
];
edge2`UpstairsFilename := "64S38-16,2,4-g7-1481846355.m";
edge2`DownstairsTriple := [ PermutationGroup<32 |  
\[ 2, 3, 4, 5, 6, 7, 8, 9, 10, 11, 12, 13, 14, 15, 16, 17, 18, 19, 20, 21, 22, 23, 24, 25, 26, 27, 28, 29, 30, 31, 32, 1 ],
\[ 2, 1, 3, 4, 5, 6, 7, 8, 9, 10, 11, 12, 13, 14, 15, 16, 17, 18, 19, 20, 21, 22, 23, 24, 25, 26, 27, 28, 29, 30, 31, 32 ]:
 Order := 263130836933693530167218012160000000 > |
[ 2, 8, 7, 15, 10, 1, 20, 18, 11, 21, 4, 24, 19, 3, 25, 12, 26, 5, 23, 29, 6, 16, 14, 32, 27, 9, 17, 30, 13, 22, 28, 31 ],
[ 3, 9, 1, 6, 13, 4, 22, 23, 2, 25, 16, 14, 5, 12, 30, 11, 18, 17, 32, 21, 20, 7, 8, 26, 10, 24, 31, 29, 28, 15, 27, 19 ],
[ 4, 3, 12, 16, 17, 20, 1, 9, 24, 13, 2, 11, 28, 8, 6, 7, 31, 23, 5, 22, 25, 15, 32, 14, 30, 18, 10, 27, 21, 29, 19, 26 ]
];
edge2`DownstairsFilename := "32S9-8,2,4-g3-1070366766.m";
Append(~s`Edges, edge2);
edge3 := TwoEdgeInitialize();
edge3`Blocks := {@ PowerSet(IntegerRing()) |
{ IntegerRing() | 1, 5 },
{ IntegerRing() | 2, 11 },
{ IntegerRing() | 3, 10 },
{ IntegerRing() | 4, 19 },
{ IntegerRing() | 6, 17 },
{ IntegerRing() | 7, 13 },
{ IntegerRing() | 8, 26 },
{ IntegerRing() | 9, 25 },
{ IntegerRing() | 12, 28 },
{ IntegerRing() | 14, 31 },
{ IntegerRing() | 15, 27 },
{ IntegerRing() | 16, 37 },
{ IntegerRing() | 18, 32 },
{ IntegerRing() | 20, 33 },
{ IntegerRing() | 21, 38 },
{ IntegerRing() | 22, 34 },
{ IntegerRing() | 23, 44 },
{ IntegerRing() | 24, 43 },
{ IntegerRing() | 29, 48 },
{ IntegerRing() | 30, 45 },
{ IntegerRing() | 35, 53 },
{ IntegerRing() | 36, 50 },
{ IntegerRing() | 39, 49 },
{ IntegerRing() | 40, 52 },
{ IntegerRing() | 41, 58 },
{ IntegerRing() | 42, 57 },
{ IntegerRing() | 46, 60 },
{ IntegerRing() | 47, 59 },
{ IntegerRing() | 51, 63 },
{ IntegerRing() | 54, 62 },
{ IntegerRing() | 55, 61 },
{ IntegerRing() | 56, 64 }
@};
edge3`UpstairsTriple := [ PermutationGroup<64 |  
\[ 2, 3, 4, 5, 6, 7, 8, 9, 10, 11, 12, 13, 14, 15, 16, 17, 18, 19, 20, 21, 22, 23, 24, 25, 26, 27, 28, 29, 30, 31, 32, 33, 34, 35, 36, 37, 38, 39, 40, 41, 42, 43, 44, 45, 46, 47, 48, 49, 50, 51, 52, 53, 54, 55, 56, 57, 58, 59, 60, 61, 62, 63, 64, 1 ],
\[ 2, 1, 3, 4, 5, 6, 7, 8, 9, 10, 11, 12, 13, 14, 15, 16, 17, 18, 19, 20, 21, 22, 23, 24, 25, 26, 27, 28, 29, 30, 31, 32, 33, 34, 35, 36, 37, 38, 39, 40, 41, 42, 43, 44, 45, 46, 47, 48, 49, 50, 51, 52, 53, 54, 55, 56, 57, 58, 59, 60, 61, 62, 63, 64 ]:
 Order := 126886932185884164103433389335161480802865516174545192198801894375214704230400000000000000 > |
[ 11, 26, 7, 37, 2, 5, 33, 44, 12, 13, 8, 19, 20, 48, 10, 53, 1, 14, 16, 49, 17, 18, 58, 27, 28, 23, 3, 4, 60, 25, 29, 31, 39, 32, 63, 34, 35, 6, 61, 38, 62, 45, 15, 41, 9, 64, 43, 46, 55, 22, 59, 21, 51, 50, 57, 52, 30, 54, 24, 56, 42, 36, 47, 40 ],
[ 3, 9, 1, 17, 10, 19, 22, 24, 2, 5, 25, 32, 34, 27, 31, 36, 4, 28, 6, 38, 33, 7, 42, 8, 11, 43, 14, 18, 45, 48, 15, 12, 21, 13, 52, 16, 50, 20, 54, 53, 51, 23, 26, 57, 29, 59, 60, 30, 62, 37, 41, 35, 40, 39, 64, 61, 44, 63, 46, 47, 56, 49, 58, 55 ],
[ 4, 10, 14, 18, 19, 20, 1, 25, 29, 31, 3, 2, 5, 28, 26, 6, 33, 7, 32, 34, 35, 37, 43, 46, 48, 9, 8, 11, 15, 44, 12, 13, 22, 16, 50, 49, 17, 53, 21, 55, 57, 56, 60, 24, 23, 30, 58, 27, 38, 39, 40, 61, 36, 63, 62, 47, 64, 42, 41, 45, 54, 51, 52, 59 ]
];
edge3`UpstairsFilename := "64S38-16,2,4-g7-3578496282.m";
edge3`DownstairsTriple := [ PermutationGroup<32 |  
\[ 2, 3, 4, 5, 6, 7, 8, 9, 10, 11, 12, 13, 14, 15, 16, 17, 18, 19, 20, 21, 22, 23, 24, 25, 26, 27, 28, 29, 30, 31, 32, 1 ],
\[ 2, 1, 3, 4, 5, 6, 7, 8, 9, 10, 11, 12, 13, 14, 15, 16, 17, 18, 19, 20, 21, 22, 23, 24, 25, 26, 27, 28, 29, 30, 31, 32 ]:
 Order := 263130836933693530167218012160000000 > |
[ 11, 19, 7, 15, 2, 5, 13, 27, 3, 4, 8, 10, 23, 1, 21, 14, 32, 9, 17, 12, 31, 6, 29, 22, 24, 18, 25, 20, 28, 16, 26, 30 ],
[ 3, 9, 1, 14, 10, 7, 6, 18, 2, 5, 12, 11, 16, 4, 22, 13, 26, 8, 20, 19, 30, 15, 24, 23, 31, 17, 28, 27, 32, 21, 25, 29 ],
[ 4, 10, 2, 5, 7, 15, 1, 12, 8, 11, 3, 19, 6, 13, 14, 21, 20, 17, 9, 27, 22, 23, 16, 31, 28, 25, 18, 32, 24, 29, 30, 26 ]
];
edge3`DownstairsFilename := "32S19-16,2,4-g4-132630749.m";
Append(~s`Edges, edge3);

/*
Return for eval
*/

return s;
