s := TwoDBInitialize();

/*
Magma printing
*/

s`Name := "64S39-16,4,4-g15-2637561504";
s`Filename := "64S39-16,4,4-g15-2637561504.m";
s`Degree := 64;
s`Orders := \[ 16, 4, 4 ];
s`Geometry := "Hyperbolic";
s`Genus := 15;
s`Level := 6;
s`PermutationTriple := [ PermutationGroup<64 |  
\[ 2, 3, 4, 5, 6, 7, 8, 9, 10, 11, 12, 13, 14, 15, 16, 17, 18, 19, 20, 21, 22, 23, 24, 25, 26, 27, 28, 29, 30, 31, 32, 33, 34, 35, 36, 37, 38, 39, 40, 41, 42, 43, 44, 45, 46, 47, 48, 49, 50, 51, 52, 53, 54, 55, 56, 57, 58, 59, 60, 61, 62, 63, 64, 1 ],
\[ 2, 1, 3, 4, 5, 6, 7, 8, 9, 10, 11, 12, 13, 14, 15, 16, 17, 18, 19, 20, 21, 22, 23, 24, 25, 26, 27, 28, 29, 30, 31, 32, 33, 34, 35, 36, 37, 38, 39, 40, 41, 42, 43, 44, 45, 46, 47, 48, 49, 50, 51, 52, 53, 54, 55, 56, 57, 58, 59, 60, 61, 62, 63, 64 ]:
 Order := 126886932185884164103433389335161480802865516174545192198801894375214704230400000000000000 > |
[ 12, 32, 8, 28, 2, 5, 22, 19, 49, 7, 26, 9, 3, 18, 36, 4, 16, 34, 45, 1, 14, 25, 46, 20, 43, 23, 11, 39, 37, 63, 13, 30, 10, 53, 27, 51, 15, 17, 62, 21, 6, 29, 61, 41, 55, 59, 57, 33, 47, 31, 64, 38, 60, 35, 48, 24, 40, 42, 52, 56, 50, 54, 58, 44 ],
[ 3, 10, 14, 20, 16, 22, 1, 6, 31, 15, 5, 27, 2, 7, 13, 37, 12, 17, 40, 26, 4, 29, 41, 19, 24, 21, 18, 42, 8, 48, 34, 38, 9, 33, 32, 35, 11, 36, 56, 25, 28, 23, 58, 43, 44, 57, 61, 51, 54, 30, 50, 49, 52, 53, 47, 46, 39, 45, 64, 55, 60, 63, 59, 62 ],
[ 4, 11, 15, 5, 8, 23, 2, 1, 17, 34, 12, 7, 9, 26, 16, 18, 32, 3, 29, 25, 19, 14, 20, 39, 6, 37, 36, 21, 28, 35, 51, 13, 30, 27, 49, 10, 22, 53, 41, 46, 45, 43, 40, 59, 24, 42, 52, 60, 33, 47, 38, 63, 31, 64, 58, 61, 55, 62, 56, 54, 44, 57, 50, 48 ]
];
s`MonodromyGroup := PermutationGroup<64 |  
\[ 12, 32, 8, 28, 2, 5, 22, 19, 49, 7, 26, 9, 3, 18, 36, 4, 16, 34, 45, 1, 14, 25, 46, 20, 43, 23, 11, 39, 37, 63, 13, 30, 10, 53, 27, 51, 15, 17, 62, 21, 6, 29, 61, 41, 55, 59, 57, 33, 47, 31, 64, 38, 60, 35, 48, 24, 40, 42, 52, 56, 50, 54, 58, 44 ],
\[ 3, 10, 14, 20, 16, 22, 1, 6, 31, 15, 5, 27, 2, 7, 13, 37, 12, 17, 40, 26, 4, 29, 41, 19, 24, 21, 18, 42, 8, 48, 34, 38, 9, 33, 32, 35, 11, 36, 56, 25, 28, 23, 58, 43, 44, 57, 61, 51, 54, 30, 50, 49, 52, 53, 47, 46, 39, 45, 64, 55, 60, 63, 59, 62 ],
\[ 4, 11, 15, 5, 8, 23, 2, 1, 17, 34, 12, 7, 9, 26, 16, 18, 32, 3, 29, 25, 19, 14, 20, 39, 6, 37, 36, 21, 28, 35, 51, 13, 30, 27, 49, 10, 22, 53, 41, 46, 45, 43, 40, 59, 24, 42, 52, 60, 33, 47, 38, 63, 31, 64, 58, 61, 55, 62, 56, 54, 44, 57, 50, 48 ] >;

/*
Edge printing
*/

s`Edges := [];
edge1 := TwoEdgeInitialize();
edge1`Blocks := {@ PowerSet(IntegerRing()) |
{ IntegerRing() | 1, 5 },
{ IntegerRing() | 2, 12 },
{ IntegerRing() | 3, 16 },
{ IntegerRing() | 4, 8 },
{ IntegerRing() | 6, 20 },
{ IntegerRing() | 7, 11 },
{ IntegerRing() | 9, 32 },
{ IntegerRing() | 10, 27 },
{ IntegerRing() | 13, 17 },
{ IntegerRing() | 14, 37 },
{ IntegerRing() | 15, 18 },
{ IntegerRing() | 19, 28 },
{ IntegerRing() | 21, 29 },
{ IntegerRing() | 22, 26 },
{ IntegerRing() | 23, 25 },
{ IntegerRing() | 24, 41 },
{ IntegerRing() | 30, 49 },
{ IntegerRing() | 31, 38 },
{ IntegerRing() | 33, 35 },
{ IntegerRing() | 34, 36 },
{ IntegerRing() | 39, 45 },
{ IntegerRing() | 40, 42 },
{ IntegerRing() | 43, 46 },
{ IntegerRing() | 44, 56 },
{ IntegerRing() | 47, 63 },
{ IntegerRing() | 48, 54 },
{ IntegerRing() | 50, 52 },
{ IntegerRing() | 51, 53 },
{ IntegerRing() | 55, 62 },
{ IntegerRing() | 57, 58 },
{ IntegerRing() | 59, 61 },
{ IntegerRing() | 60, 64 }
@};
edge1`UpstairsTriple := [ PermutationGroup<64 |  
\[ 2, 3, 4, 5, 6, 7, 8, 9, 10, 11, 12, 13, 14, 15, 16, 17, 18, 19, 20, 21, 22, 23, 24, 25, 26, 27, 28, 29, 30, 31, 32, 33, 34, 35, 36, 37, 38, 39, 40, 41, 42, 43, 44, 45, 46, 47, 48, 49, 50, 51, 52, 53, 54, 55, 56, 57, 58, 59, 60, 61, 62, 63, 64, 1 ],
\[ 2, 1, 3, 4, 5, 6, 7, 8, 9, 10, 11, 12, 13, 14, 15, 16, 17, 18, 19, 20, 21, 22, 23, 24, 25, 26, 27, 28, 29, 30, 31, 32, 33, 34, 35, 36, 37, 38, 39, 40, 41, 42, 43, 44, 45, 46, 47, 48, 49, 50, 51, 52, 53, 54, 55, 56, 57, 58, 59, 60, 61, 62, 63, 64 ]:
 Order := 126886932185884164103433389335161480802865516174545192198801894375214704230400000000000000 > |
[ 12, 32, 8, 28, 2, 5, 22, 19, 49, 7, 26, 9, 3, 18, 36, 4, 16, 34, 45, 1, 14, 25, 46, 20, 43, 23, 11, 39, 37, 63, 13, 30, 10, 53, 27, 51, 15, 17, 62, 21, 6, 29, 61, 41, 55, 59, 57, 33, 47, 31, 64, 38, 60, 35, 48, 24, 40, 42, 52, 56, 50, 54, 58, 44 ],
[ 3, 10, 14, 20, 16, 22, 1, 6, 31, 15, 5, 27, 2, 7, 13, 37, 12, 17, 40, 26, 4, 29, 41, 19, 24, 21, 18, 42, 8, 48, 34, 38, 9, 33, 32, 35, 11, 36, 56, 25, 28, 23, 58, 43, 44, 57, 61, 51, 54, 30, 50, 49, 52, 53, 47, 46, 39, 45, 64, 55, 60, 63, 59, 62 ],
[ 4, 11, 15, 5, 8, 23, 2, 1, 17, 34, 12, 7, 9, 26, 16, 18, 32, 3, 29, 25, 19, 14, 20, 39, 6, 37, 36, 21, 28, 35, 51, 13, 30, 27, 49, 10, 22, 53, 41, 46, 45, 43, 40, 59, 24, 42, 52, 60, 33, 47, 38, 63, 31, 64, 58, 61, 55, 62, 56, 54, 44, 57, 50, 48 ]
];
edge1`UpstairsFilename := "64S39-16,4,4-g15-2637561504.m";
edge1`DownstairsTriple := [ PermutationGroup<32 |  
\[ 2, 3, 4, 5, 6, 7, 8, 9, 10, 11, 12, 13, 14, 15, 16, 17, 18, 19, 20, 21, 22, 23, 24, 25, 26, 27, 28, 29, 30, 31, 32, 1 ],
\[ 2, 1, 3, 4, 5, 6, 7, 8, 9, 10, 11, 12, 13, 14, 15, 16, 17, 18, 19, 20, 21, 22, 23, 24, 25, 26, 27, 28, 29, 30, 31, 32 ]:
 Order := 263130836933693530167218012160000000 > |
[ 10, 19, 4, 15, 2, 5, 12, 27, 3, 8, 7, 13, 23, 1, 21, 14, 32, 9, 17, 11, 31, 6, 29, 22, 24, 18, 25, 20, 26, 16, 28, 30 ],
[ 3, 9, 5, 14, 7, 4, 1, 18, 10, 11, 2, 6, 16, 12, 22, 15, 26, 19, 20, 8, 30, 13, 24, 21, 29, 27, 28, 17, 32, 23, 25, 31 ],
[ 4, 3, 2, 1, 12, 15, 10, 9, 8, 7, 19, 5, 14, 13, 6, 21, 18, 17, 11, 27, 16, 23, 22, 31, 26, 25, 20, 32, 30, 29, 24, 28 ]
];
edge1`DownstairsFilename := "32S19-16,4,2-g4-4052709304.m";
Append(~s`Edges, edge1);
edge2 := TwoEdgeInitialize();
edge2`Blocks := {@ PowerSet(IntegerRing()) |
{ IntegerRing() | 1, 5 },
{ IntegerRing() | 2, 11 },
{ IntegerRing() | 3, 7 },
{ IntegerRing() | 4, 20 },
{ IntegerRing() | 6, 18 },
{ IntegerRing() | 8, 14 },
{ IntegerRing() | 9, 32 },
{ IntegerRing() | 10, 12 },
{ IntegerRing() | 13, 21 },
{ IntegerRing() | 15, 25 },
{ IntegerRing() | 16, 26 },
{ IntegerRing() | 17, 24 },
{ IntegerRing() | 19, 38 },
{ IntegerRing() | 22, 27 },
{ IntegerRing() | 23, 42 },
{ IntegerRing() | 28, 29 },
{ IntegerRing() | 30, 49 },
{ IntegerRing() | 31, 33 },
{ IntegerRing() | 34, 36 },
{ IntegerRing() | 35, 37 },
{ IntegerRing() | 39, 46 },
{ IntegerRing() | 40, 41 },
{ IntegerRing() | 43, 45 },
{ IntegerRing() | 44, 56 },
{ IntegerRing() | 47, 60 },
{ IntegerRing() | 48, 50 },
{ IntegerRing() | 51, 53 },
{ IntegerRing() | 52, 54 },
{ IntegerRing() | 55, 61 },
{ IntegerRing() | 57, 58 },
{ IntegerRing() | 59, 62 },
{ IntegerRing() | 63, 64 }
@};
edge2`UpstairsTriple := [ PermutationGroup<64 |  
\[ 2, 3, 4, 5, 6, 7, 8, 9, 10, 11, 12, 13, 14, 15, 16, 17, 18, 19, 20, 21, 22, 23, 24, 25, 26, 27, 28, 29, 30, 31, 32, 33, 34, 35, 36, 37, 38, 39, 40, 41, 42, 43, 44, 45, 46, 47, 48, 49, 50, 51, 52, 53, 54, 55, 56, 57, 58, 59, 60, 61, 62, 63, 64, 1 ],
\[ 2, 1, 3, 4, 5, 6, 7, 8, 9, 10, 11, 12, 13, 14, 15, 16, 17, 18, 19, 20, 21, 22, 23, 24, 25, 26, 27, 28, 29, 30, 31, 32, 33, 34, 35, 36, 37, 38, 39, 40, 41, 42, 43, 44, 45, 46, 47, 48, 49, 50, 51, 52, 53, 54, 55, 56, 57, 58, 59, 60, 61, 62, 63, 64 ]:
 Order := 126886932185884164103433389335161480802865516174545192198801894375214704230400000000000000 > |
[ 11, 32, 8, 24, 2, 5, 14, 22, 49, 13, 9, 21, 4, 27, 36, 7, 46, 1, 25, 17, 20, 45, 18, 39, 34, 3, 43, 19, 38, 60, 26, 30, 16, 53, 12, 51, 10, 15, 61, 28, 29, 6, 62, 42, 59, 55, 44, 37, 47, 35, 64, 33, 63, 31, 48, 23, 41, 40, 52, 56, 50, 54, 57, 58 ],
[ 3, 10, 5, 18, 7, 4, 1, 28, 31, 11, 12, 2, 38, 29, 26, 15, 40, 20, 13, 6, 19, 42, 22, 41, 16, 25, 23, 14, 8, 48, 32, 33, 9, 37, 34, 35, 36, 21, 56, 24, 17, 27, 57, 39, 58, 44, 62, 49, 50, 30, 54, 51, 52, 53, 64, 46, 45, 43, 47, 59, 63, 60, 55, 61 ],
[ 4, 3, 15, 19, 20, 22, 25, 1, 10, 34, 7, 36, 2, 5, 13, 32, 18, 27, 8, 38, 11, 29, 39, 6, 21, 9, 28, 17, 24, 31, 51, 12, 53, 26, 49, 16, 30, 14, 40, 45, 43, 46, 42, 59, 23, 41, 48, 63, 33, 64, 37, 60, 35, 47, 56, 62, 61, 55, 57, 50, 44, 58, 54, 52 ]
];
edge2`UpstairsFilename := "64S39-16,4,4-g15-273514760.m";
edge2`DownstairsTriple := [ PermutationGroup<32 |  
\[ 2, 3, 4, 5, 6, 7, 8, 9, 10, 11, 12, 13, 14, 15, 16, 17, 18, 19, 20, 21, 22, 23, 24, 25, 26, 27, 28, 29, 30, 31, 32, 1 ],
\[ 2, 1, 3, 4, 5, 6, 7, 8, 9, 10, 11, 12, 13, 14, 15, 16, 17, 18, 19, 20, 21, 22, 23, 24, 25, 26, 27, 28, 29, 30, 31, 32 ]:
 Order := 263130836933693530167218012160000000 > |
[ 2, 8, 7, 15, 10, 1, 20, 18, 11, 21, 4, 24, 19, 3, 25, 12, 26, 5, 23, 29, 6, 16, 14, 32, 27, 9, 17, 30, 13, 22, 28, 31 ],
[ 3, 9, 1, 6, 13, 4, 22, 23, 2, 25, 16, 14, 5, 12, 30, 11, 18, 17, 32, 21, 20, 7, 8, 26, 10, 24, 31, 29, 28, 15, 27, 19 ],
[ 4, 3, 12, 16, 17, 20, 1, 9, 24, 13, 2, 11, 28, 8, 6, 7, 31, 23, 5, 22, 25, 15, 32, 14, 30, 18, 10, 27, 21, 29, 19, 26 ]
];
edge2`DownstairsFilename := "32S9-8,2,4-g3-1070366766.m";
Append(~s`Edges, edge2);
edge3 := TwoEdgeInitialize();
edge3`Blocks := {@ PowerSet(IntegerRing()) |
{ IntegerRing() | 1, 5 },
{ IntegerRing() | 2, 11 },
{ IntegerRing() | 3, 13 },
{ IntegerRing() | 4, 19 },
{ IntegerRing() | 6, 22 },
{ IntegerRing() | 7, 20 },
{ IntegerRing() | 8, 23 },
{ IntegerRing() | 9, 33 },
{ IntegerRing() | 10, 15 },
{ IntegerRing() | 12, 28 },
{ IntegerRing() | 14, 18 },
{ IntegerRing() | 16, 27 },
{ IntegerRing() | 17, 24 },
{ IntegerRing() | 21, 30 },
{ IntegerRing() | 25, 40 },
{ IntegerRing() | 26, 29 },
{ IntegerRing() | 31, 49 },
{ IntegerRing() | 32, 35 },
{ IntegerRing() | 34, 38 },
{ IntegerRing() | 36, 37 },
{ IntegerRing() | 39, 43 },
{ IntegerRing() | 41, 42 },
{ IntegerRing() | 44, 57 },
{ IntegerRing() | 45, 46 },
{ IntegerRing() | 47, 63 },
{ IntegerRing() | 48, 51 },
{ IntegerRing() | 50, 54 },
{ IntegerRing() | 52, 53 },
{ IntegerRing() | 55, 59 },
{ IntegerRing() | 56, 58 },
{ IntegerRing() | 60, 64 },
{ IntegerRing() | 61, 62 }
@};
edge3`UpstairsTriple := [ PermutationGroup<64 |  
\[ 2, 3, 4, 5, 6, 7, 8, 9, 10, 11, 12, 13, 14, 15, 16, 17, 18, 19, 20, 21, 22, 23, 24, 25, 26, 27, 28, 29, 30, 31, 32, 33, 34, 35, 36, 37, 38, 39, 40, 41, 42, 43, 44, 45, 46, 47, 48, 49, 50, 51, 52, 53, 54, 55, 56, 57, 58, 59, 60, 61, 62, 63, 64, 1 ],
\[ 2, 1, 3, 4, 5, 6, 7, 8, 9, 10, 11, 12, 13, 14, 15, 16, 17, 18, 19, 20, 21, 22, 23, 24, 25, 26, 27, 28, 29, 30, 31, 32, 33, 34, 35, 36, 37, 38, 39, 40, 41, 42, 43, 44, 45, 46, 47, 48, 49, 50, 51, 52, 53, 54, 55, 56, 57, 58, 59, 60, 61, 62, 63, 64 ]:
 Order := 126886932185884164103433389335161480802865516174545192198801894375214704230400000000000000 > |
[ 2, 9, 8, 17, 11, 1, 19, 29, 31, 13, 33, 20, 23, 16, 3, 36, 39, 27, 24, 4, 14, 5, 26, 43, 6, 46, 37, 7, 45, 18, 47, 15, 49, 28, 10, 52, 53, 12, 55, 22, 30, 21, 59, 25, 62, 61, 56, 35, 63, 38, 32, 60, 64, 34, 48, 42, 40, 41, 51, 44, 50, 54, 58, 57 ],
[ 3, 10, 14, 6, 13, 23, 1, 30, 32, 16, 15, 2, 18, 7, 27, 12, 40, 20, 22, 5, 4, 8, 21, 25, 29, 41, 28, 11, 42, 19, 48, 36, 35, 9, 37, 34, 38, 33, 44, 26, 17, 24, 57, 46, 58, 56, 59, 52, 51, 31, 53, 50, 54, 49, 64, 39, 45, 43, 60, 62, 63, 47, 55, 61 ],
[ 4, 7, 11, 18, 19, 24, 27, 1, 12, 33, 20, 37, 2, 23, 9, 3, 21, 8, 14, 16, 29, 17, 5, 30, 39, 6, 13, 36, 22, 26, 34, 49, 28, 53, 31, 10, 15, 52, 41, 43, 45, 46, 42, 59, 25, 40, 50, 63, 38, 64, 47, 32, 35, 60, 56, 62, 55, 61, 58, 48, 44, 57, 54, 51 ]
];
edge3`UpstairsFilename := "64S39-16,4,4-g15-2025897875.m";
edge3`DownstairsTriple := [ PermutationGroup<32 |  
\[ 2, 3, 4, 5, 6, 7, 8, 9, 10, 11, 12, 13, 14, 15, 16, 17, 18, 19, 20, 21, 22, 23, 24, 25, 26, 27, 28, 29, 30, 31, 32, 1 ],
\[ 2, 1, 3, 4, 5, 6, 7, 8, 9, 10, 11, 12, 13, 14, 15, 16, 17, 18, 19, 20, 21, 22, 23, 24, 25, 26, 27, 28, 29, 30, 31, 32 ]:
 Order := 263130836933693530167218012160000000 > |
[ 2, 9, 8, 13, 11, 1, 4, 16, 17, 3, 19, 7, 21, 5, 6, 24, 25, 10, 27, 12, 29, 14, 15, 32, 30, 18, 31, 20, 26, 22, 23, 28 ],
[ 3, 10, 5, 6, 7, 8, 1, 14, 18, 11, 12, 2, 15, 4, 16, 22, 26, 19, 20, 9, 23, 13, 24, 30, 29, 27, 28, 17, 31, 21, 32, 25 ],
[ 4, 7, 2, 5, 8, 13, 11, 1, 12, 9, 3, 19, 14, 16, 21, 6, 20, 17, 10, 27, 22, 24, 29, 15, 28, 25, 18, 31, 30, 32, 26, 23 ]
];
edge3`DownstairsFilename := "32S20-16,4,4-g8-1880743445.m";
Append(~s`Edges, edge3);

/*
Return for eval
*/

return s;
