s := TwoDBInitialize();

/*
Magma printing
*/

s`Name := "64S38-4,16,2-g7-1457134918";
s`Filename := "64S38-4,16,2-g7-1457134918.m";
s`Degree := 64;
s`Orders := \[ 4, 16, 2 ];
s`Geometry := "Hyperbolic";
s`Genus := 7;
s`Level := 6;
s`PermutationTriple := [ PermutationGroup<64 |  
\[ 2, 3, 4, 5, 6, 7, 8, 9, 10, 11, 12, 13, 14, 15, 16, 17, 18, 19, 20, 21, 22, 23, 24, 25, 26, 27, 28, 29, 30, 31, 32, 33, 34, 35, 36, 37, 38, 39, 40, 41, 42, 43, 44, 45, 46, 47, 48, 49, 50, 51, 52, 53, 54, 55, 56, 57, 58, 59, 60, 61, 62, 63, 64, 1 ],
\[ 2, 1, 3, 4, 5, 6, 7, 8, 9, 10, 11, 12, 13, 14, 15, 16, 17, 18, 19, 20, 21, 22, 23, 24, 25, 26, 27, 28, 29, 30, 31, 32, 33, 34, 35, 36, 37, 38, 39, 40, 41, 42, 43, 44, 45, 46, 47, 48, 49, 50, 51, 52, 53, 54, 55, 56, 57, 58, 59, 60, 61, 62, 63, 64 ]:
 Order := 126886932185884164103433389335161480802865516174545192198801894375214704230400000000000000 > |
[ 6, 1, 4, 13, 2, 5, 8, 9, 15, 3, 12, 21, 10, 11, 7, 23, 16, 17, 20, 29, 14, 19, 18, 25, 26, 31, 28, 37, 22, 27, 24, 39, 32, 33, 36, 45, 30, 35, 34, 41, 42, 47, 44, 53, 38, 43, 40, 55, 48, 49, 52, 61, 46, 51, 50, 57, 58, 63, 60, 64, 54, 59, 56, 62 ],
[ 3, 8, 11, 2, 13, 15, 1, 17, 5, 6, 19, 10, 21, 4, 23, 7, 25, 9, 27, 14, 29, 12, 31, 16, 33, 18, 35, 22, 37, 20, 39, 24, 41, 26, 43, 30, 45, 28, 47, 32, 49, 34, 51, 38, 53, 36, 55, 40, 57, 42, 59, 46, 61, 44, 63, 48, 62, 50, 56, 54, 64, 52, 60, 58 ],
[ 4, 9, 12, 1, 10, 7, 6, 16, 2, 5, 20, 3, 14, 13, 18, 8, 26, 15, 28, 11, 22, 21, 24, 23, 32, 17, 36, 19, 30, 29, 34, 25, 42, 31, 44, 27, 38, 37, 40, 39, 48, 33, 52, 35, 46, 45, 50, 41, 58, 47, 60, 43, 54, 53, 56, 55, 59, 49, 57, 51, 62, 61, 64, 63 ]
];
s`MonodromyGroup := PermutationGroup<64 |  
\[ 6, 1, 4, 13, 2, 5, 8, 9, 15, 3, 12, 21, 10, 11, 7, 23, 16, 17, 20, 29, 14, 19, 18, 25, 26, 31, 28, 37, 22, 27, 24, 39, 32, 33, 36, 45, 30, 35, 34, 41, 42, 47, 44, 53, 38, 43, 40, 55, 48, 49, 52, 61, 46, 51, 50, 57, 58, 63, 60, 64, 54, 59, 56, 62 ],
\[ 3, 8, 11, 2, 13, 15, 1, 17, 5, 6, 19, 10, 21, 4, 23, 7, 25, 9, 27, 14, 29, 12, 31, 16, 33, 18, 35, 22, 37, 20, 39, 24, 41, 26, 43, 30, 45, 28, 47, 32, 49, 34, 51, 38, 53, 36, 55, 40, 57, 42, 59, 46, 61, 44, 63, 48, 62, 50, 56, 54, 64, 52, 60, 58 ],
\[ 4, 9, 12, 1, 10, 7, 6, 16, 2, 5, 20, 3, 14, 13, 18, 8, 26, 15, 28, 11, 22, 21, 24, 23, 32, 17, 36, 19, 30, 29, 34, 25, 42, 31, 44, 27, 38, 37, 40, 39, 48, 33, 52, 35, 46, 45, 50, 41, 58, 47, 60, 43, 54, 53, 56, 55, 59, 49, 57, 51, 62, 61, 64, 63 ] >;

/*
Edge printing
*/

s`Edges := [];
edge1 := TwoEdgeInitialize();
edge1`Blocks := {@ PowerSet(IntegerRing()) |
{ IntegerRing() | 1, 5 },
{ IntegerRing() | 2, 6 },
{ IntegerRing() | 3, 13 },
{ IntegerRing() | 4, 10 },
{ IntegerRing() | 7, 9 },
{ IntegerRing() | 8, 15 },
{ IntegerRing() | 11, 21 },
{ IntegerRing() | 12, 14 },
{ IntegerRing() | 16, 18 },
{ IntegerRing() | 17, 23 },
{ IntegerRing() | 19, 29 },
{ IntegerRing() | 20, 22 },
{ IntegerRing() | 24, 26 },
{ IntegerRing() | 25, 31 },
{ IntegerRing() | 27, 37 },
{ IntegerRing() | 28, 30 },
{ IntegerRing() | 32, 34 },
{ IntegerRing() | 33, 39 },
{ IntegerRing() | 35, 45 },
{ IntegerRing() | 36, 38 },
{ IntegerRing() | 40, 42 },
{ IntegerRing() | 41, 47 },
{ IntegerRing() | 43, 53 },
{ IntegerRing() | 44, 46 },
{ IntegerRing() | 48, 50 },
{ IntegerRing() | 49, 55 },
{ IntegerRing() | 51, 61 },
{ IntegerRing() | 52, 54 },
{ IntegerRing() | 56, 58 },
{ IntegerRing() | 57, 63 },
{ IntegerRing() | 59, 64 },
{ IntegerRing() | 60, 62 }
@};
edge1`UpstairsTriple := [ PermutationGroup<64 |  
\[ 2, 3, 4, 5, 6, 7, 8, 9, 10, 11, 12, 13, 14, 15, 16, 17, 18, 19, 20, 21, 22, 23, 24, 25, 26, 27, 28, 29, 30, 31, 32, 33, 34, 35, 36, 37, 38, 39, 40, 41, 42, 43, 44, 45, 46, 47, 48, 49, 50, 51, 52, 53, 54, 55, 56, 57, 58, 59, 60, 61, 62, 63, 64, 1 ],
\[ 2, 1, 3, 4, 5, 6, 7, 8, 9, 10, 11, 12, 13, 14, 15, 16, 17, 18, 19, 20, 21, 22, 23, 24, 25, 26, 27, 28, 29, 30, 31, 32, 33, 34, 35, 36, 37, 38, 39, 40, 41, 42, 43, 44, 45, 46, 47, 48, 49, 50, 51, 52, 53, 54, 55, 56, 57, 58, 59, 60, 61, 62, 63, 64 ]:
 Order := 126886932185884164103433389335161480802865516174545192198801894375214704230400000000000000 > |
[ 6, 1, 4, 13, 2, 5, 8, 9, 15, 3, 12, 21, 10, 11, 7, 23, 16, 17, 20, 29, 14, 19, 18, 25, 26, 31, 28, 37, 22, 27, 24, 39, 32, 33, 36, 45, 30, 35, 34, 41, 42, 47, 44, 53, 38, 43, 40, 55, 48, 49, 52, 61, 46, 51, 50, 57, 58, 63, 60, 64, 54, 59, 56, 62 ],
[ 3, 8, 11, 2, 13, 15, 1, 17, 5, 6, 19, 10, 21, 4, 23, 7, 25, 9, 27, 14, 29, 12, 31, 16, 33, 18, 35, 22, 37, 20, 39, 24, 41, 26, 43, 30, 45, 28, 47, 32, 49, 34, 51, 38, 53, 36, 55, 40, 57, 42, 59, 46, 61, 44, 63, 48, 62, 50, 56, 54, 64, 52, 60, 58 ],
[ 4, 9, 12, 1, 10, 7, 6, 16, 2, 5, 20, 3, 14, 13, 18, 8, 26, 15, 28, 11, 22, 21, 24, 23, 32, 17, 36, 19, 30, 29, 34, 25, 42, 31, 44, 27, 38, 37, 40, 39, 48, 33, 52, 35, 46, 45, 50, 41, 58, 47, 60, 43, 54, 53, 56, 55, 59, 49, 57, 51, 62, 61, 64, 63 ]
];
edge1`UpstairsFilename := "64S38-4,16,2-g7-1457134918.m";
edge1`DownstairsTriple := [ PermutationGroup<32 |  
\[ 2, 3, 4, 5, 6, 7, 8, 9, 10, 11, 12, 13, 14, 15, 16, 17, 18, 19, 20, 21, 22, 23, 24, 25, 26, 27, 28, 29, 30, 31, 32, 1 ],
\[ 2, 1, 3, 4, 5, 6, 7, 8, 9, 10, 11, 12, 13, 14, 15, 16, 17, 18, 19, 20, 21, 22, 23, 24, 25, 26, 27, 28, 29, 30, 31, 32 ]:
 Order := 263130836933693530167218012160000000 > |
[ 2, 1, 4, 3, 8, 7, 6, 5, 10, 9, 12, 11, 16, 15, 14, 13, 18, 17, 20, 19, 24, 23, 22, 21, 26, 25, 28, 27, 32, 31, 30, 29 ],
[ 3, 7, 9, 2, 11, 1, 15, 16, 17, 4, 19, 8, 5, 6, 23, 24, 25, 10, 27, 12, 13, 14, 31, 32, 29, 18, 30, 20, 21, 22, 28, 26 ],
[ 4, 6, 10, 1, 12, 2, 14, 13, 18, 3, 20, 5, 8, 7, 22, 21, 26, 9, 28, 11, 16, 15, 30, 29, 32, 17, 31, 19, 24, 23, 27, 25 ]
];
edge1`DownstairsFilename := "32S18-2,16,2-g0-196535685.m";
Append(~s`Edges, edge1);
edge2 := TwoEdgeInitialize();
edge2`Blocks := {@ PowerSet(IntegerRing()) |
{ IntegerRing() | 1, 5 },
{ IntegerRing() | 2, 10 },
{ IntegerRing() | 3, 14 },
{ IntegerRing() | 4, 16 },
{ IntegerRing() | 6, 18 },
{ IntegerRing() | 7, 19 },
{ IntegerRing() | 8, 23 },
{ IntegerRing() | 9, 26 },
{ IntegerRing() | 11, 27 },
{ IntegerRing() | 12, 30 },
{ IntegerRing() | 13, 32 },
{ IntegerRing() | 15, 34 },
{ IntegerRing() | 17, 35 },
{ IntegerRing() | 20, 36 },
{ IntegerRing() | 21, 37 },
{ IntegerRing() | 22, 38 },
{ IntegerRing() | 24, 42 },
{ IntegerRing() | 25, 43 },
{ IntegerRing() | 28, 47 },
{ IntegerRing() | 29, 49 },
{ IntegerRing() | 31, 51 },
{ IntegerRing() | 33, 52 },
{ IntegerRing() | 39, 53 },
{ IntegerRing() | 40, 54 },
{ IntegerRing() | 41, 59 },
{ IntegerRing() | 44, 60 },
{ IntegerRing() | 45, 56 },
{ IntegerRing() | 46, 57 },
{ IntegerRing() | 48, 63 },
{ IntegerRing() | 50, 64 },
{ IntegerRing() | 55, 61 },
{ IntegerRing() | 58, 62 }
@};
edge2`UpstairsTriple := [ PermutationGroup<64 |  
\[ 2, 3, 4, 5, 6, 7, 8, 9, 10, 11, 12, 13, 14, 15, 16, 17, 18, 19, 20, 21, 22, 23, 24, 25, 26, 27, 28, 29, 30, 31, 32, 33, 34, 35, 36, 37, 38, 39, 40, 41, 42, 43, 44, 45, 46, 47, 48, 49, 50, 51, 52, 53, 54, 55, 56, 57, 58, 59, 60, 61, 62, 63, 64, 1 ],
\[ 2, 1, 3, 4, 5, 6, 7, 8, 9, 10, 11, 12, 13, 14, 15, 16, 17, 18, 19, 20, 21, 22, 23, 24, 25, 26, 27, 28, 29, 30, 31, 32, 33, 34, 35, 36, 37, 38, 39, 40, 41, 42, 43, 44, 45, 46, 47, 48, 49, 50, 51, 52, 53, 54, 55, 56, 57, 58, 59, 60, 61, 62, 63, 64 ]:
 Order := 126886932185884164103433389335161480802865516174545192198801894375214704230400000000000000 > |
[ 2, 8, 4, 15, 10, 1, 20, 6, 7, 23, 3, 13, 31, 16, 11, 34, 12, 5, 36, 21, 9, 24, 18, 25, 39, 19, 14, 29, 48, 32, 17, 51, 28, 27, 30, 37, 26, 42, 22, 55, 40, 43, 53, 41, 46, 62, 49, 33, 63, 45, 35, 47, 38, 61, 44, 57, 58, 64, 54, 59, 60, 50, 52, 56 ],
[ 3, 9, 12, 6, 14, 20, 1, 15, 24, 26, 2, 28, 11, 30, 31, 18, 4, 36, 5, 39, 8, 7, 34, 41, 21, 42, 10, 45, 17, 47, 48, 27, 13, 51, 16, 53, 23, 19, 55, 22, 57, 59, 37, 25, 54, 33, 56, 62, 35, 29, 63, 32, 61, 38, 64, 40, 52, 44, 46, 43, 50, 60, 58, 49 ],
[ 4, 7, 13, 1, 16, 21, 2, 11, 25, 19, 8, 29, 3, 32, 17, 5, 15, 37, 10, 22, 6, 20, 27, 40, 9, 43, 23, 46, 12, 49, 33, 14, 31, 35, 34, 38, 18, 36, 44, 24, 58, 54, 26, 39, 61, 28, 57, 50, 30, 48, 52, 51, 60, 42, 56, 55, 47, 41, 62, 53, 45, 59, 64, 63 ]
];
edge2`UpstairsFilename := "64S38-4,16,2-g7-1262842738.m";
edge2`DownstairsTriple := [ PermutationGroup<32 |  
\[ 2, 3, 4, 5, 6, 7, 8, 9, 10, 11, 12, 13, 14, 15, 16, 17, 18, 19, 20, 21, 22, 23, 24, 25, 26, 27, 28, 29, 30, 31, 32, 1 ],
\[ 2, 1, 3, 4, 5, 6, 7, 8, 9, 10, 11, 12, 13, 14, 15, 16, 17, 18, 19, 20, 21, 22, 23, 24, 25, 26, 27, 28, 29, 30, 31, 32 ]:
 Order := 263130836933693530167218012160000000 > |
[ 2, 8, 4, 15, 10, 1, 20, 6, 7, 23, 3, 13, 29, 16, 11, 30, 12, 5, 28, 21, 9, 24, 18, 25, 31, 19, 14, 32, 17, 27, 22, 26 ],
[ 3, 9, 12, 6, 14, 20, 1, 15, 24, 26, 2, 19, 11, 22, 29, 18, 4, 28, 5, 31, 8, 7, 30, 27, 21, 13, 10, 17, 32, 25, 16, 23 ],
[ 4, 7, 13, 1, 16, 21, 2, 11, 25, 19, 8, 28, 3, 24, 17, 5, 15, 32, 10, 22, 6, 20, 27, 14, 9, 29, 23, 12, 26, 31, 30, 18 ]
];
edge2`DownstairsFilename := "32S9-4,8,2-g3-2380825751.m";
Append(~s`Edges, edge2);
edge3 := TwoEdgeInitialize();
edge3`Blocks := {@ PowerSet(IntegerRing()) |
{ IntegerRing() | 1, 5 },
{ IntegerRing() | 2, 11 },
{ IntegerRing() | 3, 16 },
{ IntegerRing() | 4, 13 },
{ IntegerRing() | 6, 18 },
{ IntegerRing() | 7, 10 },
{ IntegerRing() | 8, 25 },
{ IntegerRing() | 9, 29 },
{ IntegerRing() | 12, 24 },
{ IntegerRing() | 14, 36 },
{ IntegerRing() | 15, 32 },
{ IntegerRing() | 17, 23 },
{ IntegerRing() | 19, 33 },
{ IntegerRing() | 20, 30 },
{ IntegerRing() | 21, 26 },
{ IntegerRing() | 22, 31 },
{ IntegerRing() | 27, 45 },
{ IntegerRing() | 28, 42 },
{ IntegerRing() | 34, 52 },
{ IntegerRing() | 35, 49 },
{ IntegerRing() | 37, 41 },
{ IntegerRing() | 38, 48 },
{ IntegerRing() | 39, 46 },
{ IntegerRing() | 40, 44 },
{ IntegerRing() | 43, 59 },
{ IntegerRing() | 47, 58 },
{ IntegerRing() | 50, 64 },
{ IntegerRing() | 51, 62 },
{ IntegerRing() | 53, 57 },
{ IntegerRing() | 54, 63 },
{ IntegerRing() | 55, 60 },
{ IntegerRing() | 56, 61 }
@};
edge3`UpstairsTriple := [ PermutationGroup<64 |  
\[ 2, 3, 4, 5, 6, 7, 8, 9, 10, 11, 12, 13, 14, 15, 16, 17, 18, 19, 20, 21, 22, 23, 24, 25, 26, 27, 28, 29, 30, 31, 32, 33, 34, 35, 36, 37, 38, 39, 40, 41, 42, 43, 44, 45, 46, 47, 48, 49, 50, 51, 52, 53, 54, 55, 56, 57, 58, 59, 60, 61, 62, 63, 64, 1 ],
\[ 2, 1, 3, 4, 5, 6, 7, 8, 9, 10, 11, 12, 13, 14, 15, 16, 17, 18, 19, 20, 21, 22, 23, 24, 25, 26, 27, 28, 29, 30, 31, 32, 33, 34, 35, 36, 37, 38, 39, 40, 41, 42, 43, 44, 45, 46, 47, 48, 49, 50, 51, 52, 53, 54, 55, 56, 57, 58, 59, 60, 61, 62, 63, 64 ]:
 Order := 126886932185884164103433389335161480802865516174545192198801894375214704230400000000000000 > |
[ 11, 25, 4, 23, 2, 5, 30, 18, 10, 20, 8, 16, 17, 15, 41, 13, 12, 1, 14, 21, 9, 45, 24, 3, 6, 29, 28, 39, 7, 26, 27, 37, 36, 35, 57, 32, 33, 34, 31, 60, 19, 46, 44, 55, 42, 22, 43, 52, 53, 51, 61, 49, 48, 50, 47, 63, 38, 59, 40, 58, 54, 56, 64, 62 ],
[ 3, 9, 14, 18, 16, 20, 1, 23, 27, 5, 29, 2, 6, 34, 24, 36, 37, 30, 4, 39, 25, 7, 41, 11, 17, 8, 43, 21, 45, 46, 10, 12, 13, 50, 19, 52, 53, 15, 55, 22, 57, 26, 54, 31, 59, 60, 28, 32, 33, 47, 38, 64, 56, 35, 51, 40, 61, 42, 63, 62, 44, 48, 49, 58 ],
[ 4, 10, 15, 1, 13, 21, 11, 24, 28, 2, 7, 25, 5, 35, 3, 32, 33, 26, 23, 31, 6, 30, 19, 8, 12, 18, 44, 9, 42, 22, 20, 16, 17, 51, 14, 49, 48, 41, 47, 45, 38, 29, 50, 27, 40, 58, 39, 37, 36, 43, 34, 62, 63, 57, 61, 60, 54, 46, 64, 56, 55, 52, 53, 59 ]
];
edge3`UpstairsFilename := "64S38-4,16,2-g7-3813707302.m";
edge3`DownstairsTriple := [ PermutationGroup<32 |  
\[ 2, 3, 4, 5, 6, 7, 8, 9, 10, 11, 12, 13, 14, 15, 16, 17, 18, 19, 20, 21, 22, 23, 24, 25, 26, 27, 28, 29, 30, 31, 32, 1 ],
\[ 2, 1, 3, 4, 5, 6, 7, 8, 9, 10, 11, 12, 13, 14, 15, 16, 17, 18, 19, 20, 21, 22, 23, 24, 25, 26, 27, 28, 29, 30, 31, 32 ]:
 Order := 263130836933693530167218012160000000 > |
[ 6, 1, 4, 13, 2, 5, 8, 9, 15, 3, 12, 21, 10, 11, 7, 23, 16, 17, 20, 29, 14, 19, 18, 25, 26, 31, 28, 32, 22, 27, 24, 30 ],
[ 3, 8, 11, 2, 13, 15, 1, 17, 5, 6, 19, 10, 21, 4, 23, 7, 25, 9, 27, 14, 29, 12, 31, 16, 28, 18, 26, 22, 32, 20, 30, 24 ],
[ 4, 9, 12, 1, 10, 7, 6, 16, 2, 5, 20, 3, 14, 13, 18, 8, 26, 15, 28, 11, 22, 21, 24, 23, 32, 17, 31, 19, 30, 29, 27, 25 ]
];
edge3`DownstairsFilename := "32S19-4,16,2-g4-2476263674.m";
Append(~s`Edges, edge3);

/*
Return for eval
*/

return s;
