s := TwoDBInitialize();

/*
Magma printing
*/

s`Name := "64S3-8,8,8-g21-2304642072";
s`Filename := "64S3-8,8,8-g21-2304642072.m";
s`Degree := 64;
s`Orders := \[ 8, 8, 8 ];
s`Geometry := "Hyperbolic";
s`Genus := 21;
s`Level := 6;
s`PermutationTriple := [ PermutationGroup<64 |  
\[ 2, 3, 4, 5, 6, 7, 8, 9, 10, 11, 12, 13, 14, 15, 16, 17, 18, 19, 20, 21, 22, 23, 24, 25, 26, 27, 28, 29, 30, 31, 32, 33, 34, 35, 36, 37, 38, 39, 40, 41, 42, 43, 44, 45, 46, 47, 48, 49, 50, 51, 52, 53, 54, 55, 56, 57, 58, 59, 60, 61, 62, 63, 64, 1 ],
\[ 2, 1, 3, 4, 5, 6, 7, 8, 9, 10, 11, 12, 13, 14, 15, 16, 17, 18, 19, 20, 21, 22, 23, 24, 25, 26, 27, 28, 29, 30, 31, 32, 33, 34, 35, 36, 37, 38, 39, 40, 41, 42, 43, 44, 45, 46, 47, 48, 49, 50, 51, 52, 53, 54, 55, 56, 57, 58, 59, 60, 61, 62, 63, 64 ]:
 Order := 126886932185884164103433389335161480802865516174545192198801894375214704230400000000000000 > |
[ 11, 34, 8, 10, 2, 5, 12, 13, 54, 27, 9, 35, 36, 30, 18, 14, 16, 39, 1, 28, 7, 21, 29, 3, 4, 19, 37, 15, 31, 38, 32, 51, 62, 33, 52, 55, 56, 57, 40, 59, 6, 24, 48, 23, 44, 20, 25, 17, 22, 41, 58, 60, 61, 53, 63, 64, 43, 45, 46, 49, 26, 50, 42, 47 ],
[ 3, 8, 15, 19, 16, 24, 1, 31, 13, 5, 14, 2, 39, 18, 10, 29, 28, 12, 17, 25, 6, 26, 4, 23, 41, 42, 11, 21, 7, 32, 27, 35, 36, 30, 9, 51, 34, 40, 37, 52, 48, 20, 46, 22, 47, 49, 61, 44, 50, 63, 56, 33, 55, 38, 59, 54, 58, 60, 64, 53, 43, 57, 45, 62 ],
[ 4, 10, 6, 20, 21, 25, 28, 1, 27, 23, 7, 29, 2, 5, 17, 19, 41, 3, 22, 43, 44, 46, 48, 26, 45, 47, 15, 42, 24, 11, 16, 8, 37, 12, 18, 9, 31, 34, 14, 13, 49, 50, 62, 63, 57, 55, 59, 61, 58, 64, 30, 32, 56, 35, 33, 39, 54, 36, 38, 40, 60, 52, 53, 51 ]
];
s`MonodromyGroup := PermutationGroup<64 |  
\[ 11, 34, 8, 10, 2, 5, 12, 13, 54, 27, 9, 35, 36, 30, 18, 14, 16, 39, 1, 28, 7, 21, 29, 3, 4, 19, 37, 15, 31, 38, 32, 51, 62, 33, 52, 55, 56, 57, 40, 59, 6, 24, 48, 23, 44, 20, 25, 17, 22, 41, 58, 60, 61, 53, 63, 64, 43, 45, 46, 49, 26, 50, 42, 47 ],
\[ 3, 8, 15, 19, 16, 24, 1, 31, 13, 5, 14, 2, 39, 18, 10, 29, 28, 12, 17, 25, 6, 26, 4, 23, 41, 42, 11, 21, 7, 32, 27, 35, 36, 30, 9, 51, 34, 40, 37, 52, 48, 20, 46, 22, 47, 49, 61, 44, 50, 63, 56, 33, 55, 38, 59, 54, 58, 60, 64, 53, 43, 57, 45, 62 ],
\[ 4, 10, 6, 20, 21, 25, 28, 1, 27, 23, 7, 29, 2, 5, 17, 19, 41, 3, 22, 43, 44, 46, 48, 26, 45, 47, 15, 42, 24, 11, 16, 8, 37, 12, 18, 9, 31, 34, 14, 13, 49, 50, 62, 63, 57, 55, 59, 61, 58, 64, 30, 32, 56, 35, 33, 39, 54, 36, 38, 40, 60, 52, 53, 51 ] >;

/*
Edge printing
*/

s`Edges := [];
edge1 := TwoEdgeInitialize();
edge1`Blocks := {@ PowerSet(IntegerRing()) |
{ IntegerRing() | 1, 5 },
{ IntegerRing() | 2, 11 },
{ IntegerRing() | 3, 16 },
{ IntegerRing() | 4, 21 },
{ IntegerRing() | 6, 19 },
{ IntegerRing() | 7, 10 },
{ IntegerRing() | 8, 14 },
{ IntegerRing() | 9, 34 },
{ IntegerRing() | 12, 27 },
{ IntegerRing() | 13, 30 },
{ IntegerRing() | 15, 29 },
{ IntegerRing() | 17, 24 },
{ IntegerRing() | 18, 31 },
{ IntegerRing() | 20, 44 },
{ IntegerRing() | 22, 25 },
{ IntegerRing() | 23, 28 },
{ IntegerRing() | 26, 41 },
{ IntegerRing() | 32, 39 },
{ IntegerRing() | 33, 54 },
{ IntegerRing() | 35, 37 },
{ IntegerRing() | 36, 38 },
{ IntegerRing() | 40, 51 },
{ IntegerRing() | 42, 48 },
{ IntegerRing() | 43, 63 },
{ IntegerRing() | 45, 46 },
{ IntegerRing() | 47, 49 },
{ IntegerRing() | 50, 61 },
{ IntegerRing() | 52, 56 },
{ IntegerRing() | 53, 62 },
{ IntegerRing() | 55, 57 },
{ IntegerRing() | 58, 59 },
{ IntegerRing() | 60, 64 }
@};
edge1`UpstairsTriple := [ PermutationGroup<64 |  
\[ 2, 3, 4, 5, 6, 7, 8, 9, 10, 11, 12, 13, 14, 15, 16, 17, 18, 19, 20, 21, 22, 23, 24, 25, 26, 27, 28, 29, 30, 31, 32, 33, 34, 35, 36, 37, 38, 39, 40, 41, 42, 43, 44, 45, 46, 47, 48, 49, 50, 51, 52, 53, 54, 55, 56, 57, 58, 59, 60, 61, 62, 63, 64, 1 ],
\[ 2, 1, 3, 4, 5, 6, 7, 8, 9, 10, 11, 12, 13, 14, 15, 16, 17, 18, 19, 20, 21, 22, 23, 24, 25, 26, 27, 28, 29, 30, 31, 32, 33, 34, 35, 36, 37, 38, 39, 40, 41, 42, 43, 44, 45, 46, 47, 48, 49, 50, 51, 52, 53, 54, 55, 56, 57, 58, 59, 60, 61, 62, 63, 64 ]:
 Order := 126886932185884164103433389335161480802865516174545192198801894375214704230400000000000000 > |
[ 11, 34, 8, 10, 2, 5, 12, 13, 54, 27, 9, 35, 36, 30, 18, 14, 16, 39, 1, 28, 7, 21, 29, 3, 4, 19, 37, 15, 31, 38, 32, 51, 62, 33, 52, 55, 56, 57, 40, 59, 6, 24, 48, 23, 44, 20, 25, 17, 22, 41, 58, 60, 61, 53, 63, 64, 43, 45, 46, 49, 26, 50, 42, 47 ],
[ 3, 8, 15, 19, 16, 24, 1, 31, 13, 5, 14, 2, 39, 18, 10, 29, 28, 12, 17, 25, 6, 26, 4, 23, 41, 42, 11, 21, 7, 32, 27, 35, 36, 30, 9, 51, 34, 40, 37, 52, 48, 20, 46, 22, 47, 49, 61, 44, 50, 63, 56, 33, 55, 38, 59, 54, 58, 60, 64, 53, 43, 57, 45, 62 ],
[ 4, 10, 6, 20, 21, 25, 28, 1, 27, 23, 7, 29, 2, 5, 17, 19, 41, 3, 22, 43, 44, 46, 48, 26, 45, 47, 15, 42, 24, 11, 16, 8, 37, 12, 18, 9, 31, 34, 14, 13, 49, 50, 62, 63, 57, 55, 59, 61, 58, 64, 30, 32, 56, 35, 33, 39, 54, 36, 38, 40, 60, 52, 53, 51 ]
];
edge1`UpstairsFilename := "64S3-8,8,8-g21-2304642072.m";
edge1`DownstairsTriple := [ PermutationGroup<32 |  
\[ 2, 3, 4, 5, 6, 7, 8, 9, 10, 11, 12, 13, 14, 15, 16, 17, 18, 19, 20, 21, 22, 23, 24, 25, 26, 27, 28, 29, 30, 31, 32, 1 ],
\[ 2, 1, 3, 4, 5, 6, 7, 8, 9, 10, 11, 12, 13, 14, 15, 16, 17, 18, 19, 20, 21, 22, 23, 24, 25, 26, 27, 28, 29, 30, 31, 32 ]:
 Order := 263130836933693530167218012160000000 > |
[ 2, 9, 8, 7, 10, 1, 11, 12, 21, 24, 26, 27, 16, 23, 3, 25, 20, 22, 4, 13, 5, 28, 29, 6, 30, 18, 14, 19, 15, 31, 32, 17 ],
[ 3, 8, 13, 6, 14, 15, 1, 16, 12, 23, 2, 25, 7, 31, 20, 11, 19, 21, 24, 4, 27, 5, 32, 29, 26, 9, 30, 10, 17, 18, 22, 28 ],
[ 4, 7, 6, 17, 18, 19, 20, 1, 11, 22, 13, 2, 15, 21, 24, 3, 23, 25, 32, 29, 26, 30, 5, 28, 8, 16, 9, 31, 10, 12, 27, 14 ]
];
edge1`DownstairsFilename := "32S3-8,4,8-g9-3462902165.m";
Append(~s`Edges, edge1);
edge2 := TwoEdgeInitialize();
edge2`Blocks := {@ PowerSet(IntegerRing()) |
{ IntegerRing() | 1, 5 },
{ IntegerRing() | 2, 12 },
{ IntegerRing() | 3, 18 },
{ IntegerRing() | 4, 24 },
{ IntegerRing() | 6, 22 },
{ IntegerRing() | 7, 11 },
{ IntegerRing() | 8, 15 },
{ IntegerRing() | 9, 41 },
{ IntegerRing() | 10, 45 },
{ IntegerRing() | 13, 40 },
{ IntegerRing() | 14, 42 },
{ IntegerRing() | 16, 52 },
{ IntegerRing() | 17, 59 },
{ IntegerRing() | 19, 57 },
{ IntegerRing() | 20, 43 },
{ IntegerRing() | 21, 53 },
{ IntegerRing() | 23, 38 },
{ IntegerRing() | 25, 58 },
{ IntegerRing() | 26, 60 },
{ IntegerRing() | 27, 56 },
{ IntegerRing() | 28, 62 },
{ IntegerRing() | 29, 61 },
{ IntegerRing() | 30, 46 },
{ IntegerRing() | 31, 48 },
{ IntegerRing() | 32, 49 },
{ IntegerRing() | 33, 50 },
{ IntegerRing() | 34, 51 },
{ IntegerRing() | 35, 39 },
{ IntegerRing() | 36, 54 },
{ IntegerRing() | 37, 55 },
{ IntegerRing() | 44, 64 },
{ IntegerRing() | 47, 63 }
@};
edge2`UpstairsTriple := [ PermutationGroup<64 |  
\[ 2, 3, 4, 5, 6, 7, 8, 9, 10, 11, 12, 13, 14, 15, 16, 17, 18, 19, 20, 21, 22, 23, 24, 25, 26, 27, 28, 29, 30, 31, 32, 33, 34, 35, 36, 37, 38, 39, 40, 41, 42, 43, 44, 45, 46, 47, 48, 49, 50, 51, 52, 53, 54, 55, 56, 57, 58, 59, 60, 61, 62, 63, 64, 1 ],
\[ 2, 1, 3, 4, 5, 6, 7, 8, 9, 10, 11, 12, 13, 14, 15, 16, 17, 18, 19, 20, 21, 22, 23, 24, 25, 26, 27, 28, 29, 30, 31, 32, 33, 34, 35, 36, 37, 38, 39, 40, 41, 42, 43, 44, 45, 46, 47, 48, 49, 50, 51, 52, 53, 54, 55, 56, 57, 58, 59, 60, 61, 62, 63, 64 ]:
 Order := 126886932185884164103433389335161480802865516174545192198801894375214704230400000000000000 > |
[ 12, 41, 8, 53, 2, 5, 48, 39, 59, 14, 31, 9, 62, 57, 35, 20, 64, 15, 18, 63, 13, 1, 32, 21, 24, 34, 30, 33, 22, 10, 58, 16, 11, 36, 56, 38, 61, 49, 27, 28, 17, 19, 47, 55, 42, 45, 26, 25, 52, 7, 54, 43, 40, 23, 29, 46, 3, 4, 44, 51, 6, 50, 60, 37 ],
[ 3, 10, 16, 22, 18, 27, 1, 36, 39, 43, 5, 45, 2, 23, 54, 53, 57, 52, 60, 48, 44, 56, 58, 6, 9, 4, 49, 61, 14, 51, 55, 50, 59, 7, 47, 40, 8, 25, 63, 12, 35, 38, 31, 30, 20, 34, 62, 37, 33, 17, 11, 21, 64, 13, 15, 32, 26, 41, 19, 24, 42, 29, 28, 46 ],
[ 4, 11, 17, 23, 24, 28, 32, 1, 40, 44, 49, 7, 52, 2, 5, 56, 58, 59, 61, 3, 60, 62, 15, 38, 20, 35, 9, 36, 31, 6, 51, 14, 63, 57, 55, 46, 53, 8, 37, 16, 13, 12, 18, 33, 64, 22, 10, 34, 42, 47, 19, 27, 26, 30, 21, 41, 29, 43, 25, 39, 48, 54, 45, 50 ]
];
edge2`UpstairsFilename := "64S3-8,8,8-g21-4037363553.m";
edge2`DownstairsTriple := [ PermutationGroup<32 |  
\[ 2, 3, 4, 5, 6, 7, 8, 9, 10, 11, 12, 13, 14, 15, 16, 17, 18, 19, 20, 21, 22, 23, 24, 25, 26, 27, 28, 29, 30, 31, 32, 1 ],
\[ 2, 1, 3, 4, 5, 6, 7, 8, 9, 10, 11, 12, 13, 14, 15, 16, 17, 18, 19, 20, 21, 22, 23, 24, 25, 26, 27, 28, 29, 30, 31, 32 ]:
 Order := 263130836933693530167218012160000000 > |
[ 2, 9, 8, 19, 11, 1, 27, 30, 15, 13, 26, 25, 17, 18, 5, 10, 3, 32, 12, 28, 7, 4, 29, 16, 21, 6, 22, 14, 31, 24, 20, 23 ],
[ 3, 10, 14, 6, 16, 24, 1, 31, 30, 18, 8, 2, 20, 19, 17, 29, 23, 27, 5, 22, 15, 9, 4, 28, 26, 13, 11, 21, 7, 32, 12, 25 ],
[ 4, 7, 15, 20, 21, 25, 28, 1, 12, 5, 19, 14, 2, 24, 22, 6, 26, 3, 23, 8, 32, 18, 30, 9, 31, 27, 29, 13, 17, 11, 16, 10 ]
];
edge2`DownstairsFilename := "32S4-8,8,4-g9-2915084973.m";
Append(~s`Edges, edge2);
edge3 := TwoEdgeInitialize();
edge3`Blocks := {@ PowerSet(IntegerRing()) |
{ IntegerRing() | 1, 5 },
{ IntegerRing() | 2, 12 },
{ IntegerRing() | 3, 18 },
{ IntegerRing() | 4, 24 },
{ IntegerRing() | 6, 22 },
{ IntegerRing() | 7, 11 },
{ IntegerRing() | 8, 15 },
{ IntegerRing() | 9, 29 },
{ IntegerRing() | 10, 44 },
{ IntegerRing() | 13, 40 },
{ IntegerRing() | 14, 41 },
{ IntegerRing() | 16, 50 },
{ IntegerRing() | 17, 59 },
{ IntegerRing() | 19, 57 },
{ IntegerRing() | 20, 42 },
{ IntegerRing() | 21, 51 },
{ IntegerRing() | 23, 63 },
{ IntegerRing() | 25, 58 },
{ IntegerRing() | 26, 61 },
{ IntegerRing() | 27, 56 },
{ IntegerRing() | 28, 62 },
{ IntegerRing() | 30, 45 },
{ IntegerRing() | 31, 46 },
{ IntegerRing() | 32, 47 },
{ IntegerRing() | 33, 48 },
{ IntegerRing() | 34, 49 },
{ IntegerRing() | 35, 39 },
{ IntegerRing() | 36, 52 },
{ IntegerRing() | 37, 55 },
{ IntegerRing() | 38, 53 },
{ IntegerRing() | 43, 64 },
{ IntegerRing() | 54, 60 }
@};
edge3`UpstairsTriple := [ PermutationGroup<64 |  
\[ 2, 3, 4, 5, 6, 7, 8, 9, 10, 11, 12, 13, 14, 15, 16, 17, 18, 19, 20, 21, 22, 23, 24, 25, 26, 27, 28, 29, 30, 31, 32, 33, 34, 35, 36, 37, 38, 39, 40, 41, 42, 43, 44, 45, 46, 47, 48, 49, 50, 51, 52, 53, 54, 55, 56, 57, 58, 59, 60, 61, 62, 63, 64, 1 ],
\[ 2, 1, 3, 4, 5, 6, 7, 8, 9, 10, 11, 12, 13, 14, 15, 16, 17, 18, 19, 20, 21, 22, 23, 24, 25, 26, 27, 28, 29, 30, 31, 32, 33, 34, 35, 36, 37, 38, 39, 40, 41, 42, 43, 44, 45, 46, 47, 48, 49, 50, 51, 52, 53, 54, 55, 56, 57, 58, 59, 60, 61, 62, 63, 64 ]:
 Order := 126886932185884164103433389335161480802865516174545192198801894375214704230400000000000000 > |
[ 12, 29, 8, 51, 2, 5, 46, 39, 6, 14, 31, 9, 58, 56, 35, 20, 64, 15, 18, 63, 13, 1, 32, 21, 24, 34, 30, 33, 22, 10, 62, 16, 11, 36, 57, 38, 60, 61, 19, 25, 27, 23, 55, 41, 44, 28, 50, 7, 52, 42, 40, 53, 26, 17, 54, 45, 3, 4, 43, 59, 49, 48, 47, 37 ],
[ 3, 10, 16, 22, 18, 27, 1, 36, 39, 42, 5, 44, 2, 53, 52, 51, 57, 50, 61, 46, 43, 56, 58, 6, 60, 4, 47, 9, 35, 49, 55, 48, 59, 7, 23, 40, 8, 28, 63, 12, 38, 31, 30, 20, 34, 37, 33, 17, 11, 21, 64, 13, 62, 14, 15, 32, 26, 54, 19, 41, 24, 29, 25, 45 ],
[ 4, 11, 17, 23, 24, 28, 32, 1, 40, 43, 47, 7, 50, 2, 5, 56, 58, 59, 9, 3, 61, 62, 10, 63, 36, 14, 60, 20, 13, 6, 49, 35, 38, 57, 55, 45, 51, 8, 37, 16, 12, 18, 33, 64, 22, 34, 39, 53, 19, 27, 26, 30, 15, 31, 21, 54, 29, 52, 25, 46, 41, 42, 44, 48 ]
];
edge3`UpstairsFilename := "64S3-8,8,8-g21-1514004949.m";
edge3`DownstairsTriple := [ PermutationGroup<32 |  
\[ 2, 3, 4, 5, 6, 7, 8, 9, 10, 11, 12, 13, 14, 15, 16, 17, 18, 19, 20, 21, 22, 23, 24, 25, 26, 27, 28, 29, 30, 31, 32, 1 ],
\[ 2, 1, 3, 4, 5, 6, 7, 8, 9, 10, 11, 12, 13, 14, 15, 16, 17, 18, 19, 20, 21, 22, 23, 24, 25, 26, 27, 28, 29, 30, 31, 32 ]:
 Order := 263130836933693530167218012160000000 > |
[ 2, 9, 8, 19, 11, 1, 26, 29, 6, 13, 32, 22, 24, 18, 5, 10, 3, 20, 12, 27, 7, 4, 28, 16, 21, 25, 14, 30, 17, 31, 23, 15 ],
[ 3, 10, 14, 6, 16, 24, 1, 30, 29, 18, 8, 2, 31, 19, 17, 28, 23, 26, 5, 22, 15, 32, 4, 27, 9, 11, 21, 7, 20, 12, 25, 13 ],
[ 4, 7, 15, 20, 21, 25, 27, 1, 12, 5, 19, 14, 2, 24, 22, 6, 9, 3, 23, 10, 31, 30, 13, 32, 18, 28, 29, 17, 11, 16, 8, 26 ]
];
edge3`DownstairsFilename := "32S4-4,8,8-g9-3690123996.m";
Append(~s`Edges, edge3);

/*
Return for eval
*/

return s;
