s := TwoDBInitialize();

/*
Magma printing
*/

s`Name := "64S39-16,4,4-g15-2413269492";
s`Filename := "64S39-16,4,4-g15-2413269492.m";
s`Degree := 64;
s`Orders := \[ 16, 4, 4 ];
s`Geometry := "Hyperbolic";
s`Genus := 15;
s`Level := 6;
s`PermutationTriple := [ PermutationGroup<64 |  
\[ 2, 3, 4, 5, 6, 7, 8, 9, 10, 11, 12, 13, 14, 15, 16, 17, 18, 19, 20, 21, 22, 23, 24, 25, 26, 27, 28, 29, 30, 31, 32, 33, 34, 35, 36, 37, 38, 39, 40, 41, 42, 43, 44, 45, 46, 47, 48, 49, 50, 51, 52, 53, 54, 55, 56, 57, 58, 59, 60, 61, 62, 63, 64, 1 ],
\[ 2, 1, 3, 4, 5, 6, 7, 8, 9, 10, 11, 12, 13, 14, 15, 16, 17, 18, 19, 20, 21, 22, 23, 24, 25, 26, 27, 28, 29, 30, 31, 32, 33, 34, 35, 36, 37, 38, 39, 40, 41, 42, 43, 44, 45, 46, 47, 48, 49, 50, 51, 52, 53, 54, 55, 56, 57, 58, 59, 60, 61, 62, 63, 64 ]:
 Order := 126886932185884164103433389335161480802865516174545192198801894375214704230400000000000000 > |
[ 2, 9, 8, 16, 11, 1, 21, 27, 30, 13, 32, 19, 18, 34, 3, 39, 25, 24, 4, 5, 22, 43, 6, 46, 36, 7, 45, 17, 38, 47, 15, 49, 26, 51, 10, 53, 12, 14, 55, 29, 28, 20, 59, 23, 62, 61, 58, 35, 63, 37, 64, 31, 60, 33, 52, 42, 40, 41, 48, 44, 54, 50, 57, 56 ],
[ 3, 10, 5, 6, 7, 18, 1, 28, 31, 11, 12, 2, 17, 15, 25, 40, 19, 20, 38, 4, 29, 23, 27, 41, 26, 14, 42, 21, 8, 48, 32, 33, 9, 35, 36, 37, 34, 13, 44, 24, 16, 22, 57, 46, 58, 56, 55, 49, 50, 30, 52, 53, 54, 51, 63, 39, 45, 43, 60, 62, 47, 64, 61, 59 ],
[ 4, 7, 14, 17, 18, 22, 25, 1, 12, 34, 3, 36, 2, 19, 9, 20, 8, 38, 11, 27, 5, 28, 39, 6, 13, 32, 29, 24, 16, 33, 51, 10, 53, 26, 30, 15, 49, 21, 41, 43, 45, 46, 42, 59, 23, 40, 50, 64, 31, 60, 37, 47, 35, 63, 56, 62, 55, 61, 58, 52, 44, 57, 48, 54 ]
];
s`MonodromyGroup := PermutationGroup<64 |  
\[ 2, 9, 8, 16, 11, 1, 21, 27, 30, 13, 32, 19, 18, 34, 3, 39, 25, 24, 4, 5, 22, 43, 6, 46, 36, 7, 45, 17, 38, 47, 15, 49, 26, 51, 10, 53, 12, 14, 55, 29, 28, 20, 59, 23, 62, 61, 58, 35, 63, 37, 64, 31, 60, 33, 52, 42, 40, 41, 48, 44, 54, 50, 57, 56 ],
\[ 3, 10, 5, 6, 7, 18, 1, 28, 31, 11, 12, 2, 17, 15, 25, 40, 19, 20, 38, 4, 29, 23, 27, 41, 26, 14, 42, 21, 8, 48, 32, 33, 9, 35, 36, 37, 34, 13, 44, 24, 16, 22, 57, 46, 58, 56, 55, 49, 50, 30, 52, 53, 54, 51, 63, 39, 45, 43, 60, 62, 47, 64, 61, 59 ],
\[ 4, 7, 14, 17, 18, 22, 25, 1, 12, 34, 3, 36, 2, 19, 9, 20, 8, 38, 11, 27, 5, 28, 39, 6, 13, 32, 29, 24, 16, 33, 51, 10, 53, 26, 30, 15, 49, 21, 41, 43, 45, 46, 42, 59, 23, 40, 50, 64, 31, 60, 37, 47, 35, 63, 56, 62, 55, 61, 58, 52, 44, 57, 48, 54 ] >;

/*
Edge printing
*/

s`Edges := [];
edge1 := TwoEdgeInitialize();
edge1`Blocks := {@ PowerSet(IntegerRing()) |
{ IntegerRing() | 1, 5 },
{ IntegerRing() | 2, 11 },
{ IntegerRing() | 3, 7 },
{ IntegerRing() | 4, 18 },
{ IntegerRing() | 6, 20 },
{ IntegerRing() | 8, 21 },
{ IntegerRing() | 9, 32 },
{ IntegerRing() | 10, 12 },
{ IntegerRing() | 13, 19 },
{ IntegerRing() | 14, 25 },
{ IntegerRing() | 15, 26 },
{ IntegerRing() | 16, 24 },
{ IntegerRing() | 17, 38 },
{ IntegerRing() | 22, 27 },
{ IntegerRing() | 23, 42 },
{ IntegerRing() | 28, 29 },
{ IntegerRing() | 30, 49 },
{ IntegerRing() | 31, 33 },
{ IntegerRing() | 34, 36 },
{ IntegerRing() | 35, 37 },
{ IntegerRing() | 39, 46 },
{ IntegerRing() | 40, 41 },
{ IntegerRing() | 43, 45 },
{ IntegerRing() | 44, 56 },
{ IntegerRing() | 47, 63 },
{ IntegerRing() | 48, 50 },
{ IntegerRing() | 51, 53 },
{ IntegerRing() | 52, 54 },
{ IntegerRing() | 55, 61 },
{ IntegerRing() | 57, 58 },
{ IntegerRing() | 59, 62 },
{ IntegerRing() | 60, 64 }
@};
edge1`UpstairsTriple := [ PermutationGroup<64 |  
\[ 2, 3, 4, 5, 6, 7, 8, 9, 10, 11, 12, 13, 14, 15, 16, 17, 18, 19, 20, 21, 22, 23, 24, 25, 26, 27, 28, 29, 30, 31, 32, 33, 34, 35, 36, 37, 38, 39, 40, 41, 42, 43, 44, 45, 46, 47, 48, 49, 50, 51, 52, 53, 54, 55, 56, 57, 58, 59, 60, 61, 62, 63, 64, 1 ],
\[ 2, 1, 3, 4, 5, 6, 7, 8, 9, 10, 11, 12, 13, 14, 15, 16, 17, 18, 19, 20, 21, 22, 23, 24, 25, 26, 27, 28, 29, 30, 31, 32, 33, 34, 35, 36, 37, 38, 39, 40, 41, 42, 43, 44, 45, 46, 47, 48, 49, 50, 51, 52, 53, 54, 55, 56, 57, 58, 59, 60, 61, 62, 63, 64 ]:
 Order := 126886932185884164103433389335161480802865516174545192198801894375214704230400000000000000 > |
[ 2, 9, 8, 16, 11, 1, 21, 27, 30, 13, 32, 19, 18, 34, 3, 39, 25, 24, 4, 5, 22, 43, 6, 46, 36, 7, 45, 17, 38, 47, 15, 49, 26, 51, 10, 53, 12, 14, 55, 29, 28, 20, 59, 23, 62, 61, 58, 35, 63, 37, 64, 31, 60, 33, 52, 42, 40, 41, 48, 44, 54, 50, 57, 56 ],
[ 3, 10, 5, 6, 7, 18, 1, 28, 31, 11, 12, 2, 17, 15, 25, 40, 19, 20, 38, 4, 29, 23, 27, 41, 26, 14, 42, 21, 8, 48, 32, 33, 9, 35, 36, 37, 34, 13, 44, 24, 16, 22, 57, 46, 58, 56, 55, 49, 50, 30, 52, 53, 54, 51, 63, 39, 45, 43, 60, 62, 47, 64, 61, 59 ],
[ 4, 7, 14, 17, 18, 22, 25, 1, 12, 34, 3, 36, 2, 19, 9, 20, 8, 38, 11, 27, 5, 28, 39, 6, 13, 32, 29, 24, 16, 33, 51, 10, 53, 26, 30, 15, 49, 21, 41, 43, 45, 46, 42, 59, 23, 40, 50, 64, 31, 60, 37, 47, 35, 63, 56, 62, 55, 61, 58, 52, 44, 57, 48, 54 ]
];
edge1`UpstairsFilename := "64S39-16,4,4-g15-2413269492.m";
edge1`DownstairsTriple := [ PermutationGroup<32 |  
\[ 2, 3, 4, 5, 6, 7, 8, 9, 10, 11, 12, 13, 14, 15, 16, 17, 18, 19, 20, 21, 22, 23, 24, 25, 26, 27, 28, 29, 30, 31, 32, 1 ],
\[ 2, 1, 3, 4, 5, 6, 7, 8, 9, 10, 11, 12, 13, 14, 15, 16, 17, 18, 19, 20, 21, 22, 23, 24, 25, 26, 27, 28, 29, 30, 31, 32 ]:
 Order := 263130836933693530167218012160000000 > |
[ 11, 19, 7, 15, 2, 5, 13, 27, 3, 4, 8, 10, 23, 1, 21, 14, 32, 9, 17, 12, 31, 6, 29, 22, 24, 18, 25, 20, 28, 16, 26, 30 ],
[ 3, 9, 1, 14, 10, 7, 6, 18, 2, 5, 12, 11, 16, 4, 22, 13, 26, 8, 20, 19, 30, 15, 24, 23, 31, 17, 28, 27, 32, 21, 25, 29 ],
[ 4, 10, 2, 5, 7, 15, 1, 12, 8, 11, 3, 19, 6, 13, 14, 21, 20, 17, 9, 27, 22, 23, 16, 31, 28, 25, 18, 32, 24, 29, 30, 26 ]
];
edge1`DownstairsFilename := "32S19-16,2,4-g4-132630749.m";
Append(~s`Edges, edge1);
edge2 := TwoEdgeInitialize();
edge2`Blocks := {@ PowerSet(IntegerRing()) |
{ IntegerRing() | 1, 5 },
{ IntegerRing() | 2, 12 },
{ IntegerRing() | 3, 16 },
{ IntegerRing() | 4, 8 },
{ IntegerRing() | 6, 20 },
{ IntegerRing() | 7, 11 },
{ IntegerRing() | 9, 32 },
{ IntegerRing() | 10, 27 },
{ IntegerRing() | 13, 17 },
{ IntegerRing() | 14, 37 },
{ IntegerRing() | 15, 18 },
{ IntegerRing() | 19, 28 },
{ IntegerRing() | 21, 29 },
{ IntegerRing() | 22, 26 },
{ IntegerRing() | 23, 25 },
{ IntegerRing() | 24, 41 },
{ IntegerRing() | 30, 49 },
{ IntegerRing() | 31, 38 },
{ IntegerRing() | 33, 35 },
{ IntegerRing() | 34, 36 },
{ IntegerRing() | 39, 45 },
{ IntegerRing() | 40, 42 },
{ IntegerRing() | 43, 46 },
{ IntegerRing() | 44, 56 },
{ IntegerRing() | 47, 60 },
{ IntegerRing() | 48, 54 },
{ IntegerRing() | 50, 52 },
{ IntegerRing() | 51, 53 },
{ IntegerRing() | 55, 62 },
{ IntegerRing() | 57, 58 },
{ IntegerRing() | 59, 61 },
{ IntegerRing() | 63, 64 }
@};
edge2`UpstairsTriple := [ PermutationGroup<64 |  
\[ 2, 3, 4, 5, 6, 7, 8, 9, 10, 11, 12, 13, 14, 15, 16, 17, 18, 19, 20, 21, 22, 23, 24, 25, 26, 27, 28, 29, 30, 31, 32, 33, 34, 35, 36, 37, 38, 39, 40, 41, 42, 43, 44, 45, 46, 47, 48, 49, 50, 51, 52, 53, 54, 55, 56, 57, 58, 59, 60, 61, 62, 63, 64, 1 ],
\[ 2, 1, 3, 4, 5, 6, 7, 8, 9, 10, 11, 12, 13, 14, 15, 16, 17, 18, 19, 20, 21, 22, 23, 24, 25, 26, 27, 28, 29, 30, 31, 32, 33, 34, 35, 36, 37, 38, 39, 40, 41, 42, 43, 44, 45, 46, 47, 48, 49, 50, 51, 52, 53, 54, 55, 56, 57, 58, 59, 60, 61, 62, 63, 64 ]:
 Order := 126886932185884164103433389335161480802865516174545192198801894375214704230400000000000000 > |
[ 12, 32, 8, 28, 2, 5, 22, 19, 49, 7, 26, 9, 3, 18, 36, 4, 16, 34, 45, 1, 14, 25, 46, 20, 43, 23, 11, 39, 37, 60, 13, 30, 10, 53, 27, 51, 15, 17, 62, 21, 6, 29, 61, 41, 55, 59, 44, 33, 47, 31, 64, 38, 63, 35, 52, 24, 40, 42, 48, 56, 54, 50, 58, 57 ],
[ 3, 10, 14, 20, 16, 22, 1, 6, 31, 15, 5, 27, 2, 7, 13, 37, 12, 17, 40, 26, 4, 29, 41, 19, 24, 21, 18, 42, 8, 48, 34, 38, 9, 33, 32, 35, 11, 36, 56, 25, 28, 23, 58, 43, 44, 57, 62, 51, 54, 30, 50, 49, 52, 53, 64, 46, 39, 45, 47, 55, 60, 63, 59, 61 ],
[ 4, 11, 15, 5, 8, 23, 2, 1, 17, 34, 12, 7, 9, 26, 16, 18, 32, 3, 29, 25, 19, 14, 20, 39, 6, 37, 36, 21, 28, 35, 51, 13, 30, 27, 49, 10, 22, 53, 41, 46, 45, 43, 40, 59, 24, 42, 52, 63, 33, 47, 38, 60, 31, 64, 58, 61, 55, 62, 56, 50, 44, 57, 54, 48 ]
];
edge2`UpstairsFilename := "64S39-16,4,4-g15-18175418.m";
edge2`DownstairsTriple := [ PermutationGroup<32 |  
\[ 2, 3, 4, 5, 6, 7, 8, 9, 10, 11, 12, 13, 14, 15, 16, 17, 18, 19, 20, 21, 22, 23, 24, 25, 26, 27, 28, 29, 30, 31, 32, 1 ],
\[ 2, 1, 3, 4, 5, 6, 7, 8, 9, 10, 11, 12, 13, 14, 15, 16, 17, 18, 19, 20, 21, 22, 23, 24, 25, 26, 27, 28, 29, 30, 31, 32 ]:
 Order := 263130836933693530167218012160000000 > |
[ 2, 8, 4, 15, 10, 1, 20, 18, 7, 22, 3, 13, 25, 16, 27, 23, 12, 5, 32, 21, 26, 6, 11, 9, 31, 19, 14, 29, 30, 17, 28, 24 ],
[ 3, 9, 12, 6, 14, 20, 1, 23, 13, 26, 2, 7, 11, 28, 30, 18, 4, 32, 5, 17, 22, 15, 25, 8, 24, 29, 10, 19, 27, 21, 16, 31 ],
[ 4, 7, 13, 1, 16, 21, 2, 11, 25, 19, 8, 20, 3, 29, 17, 5, 15, 24, 10, 12, 6, 27, 31, 18, 9, 30, 22, 32, 14, 26, 23, 28 ]
];
edge2`DownstairsFilename := "32S9-8,4,2-g3-2237299598.m";
Append(~s`Edges, edge2);
edge3 := TwoEdgeInitialize();
edge3`Blocks := {@ PowerSet(IntegerRing()) |
{ IntegerRing() | 1, 5 },
{ IntegerRing() | 2, 12 },
{ IntegerRing() | 3, 16 },
{ IntegerRing() | 4, 22 },
{ IntegerRing() | 6, 20 },
{ IntegerRing() | 7, 11 },
{ IntegerRing() | 8, 14 },
{ IntegerRing() | 9, 33 },
{ IntegerRing() | 10, 17 },
{ IntegerRing() | 13, 28 },
{ IntegerRing() | 15, 21 },
{ IntegerRing() | 18, 27 },
{ IntegerRing() | 19, 24 },
{ IntegerRing() | 23, 30 },
{ IntegerRing() | 25, 41 },
{ IntegerRing() | 26, 29 },
{ IntegerRing() | 31, 49 },
{ IntegerRing() | 32, 35 },
{ IntegerRing() | 34, 38 },
{ IntegerRing() | 36, 37 },
{ IntegerRing() | 39, 43 },
{ IntegerRing() | 40, 42 },
{ IntegerRing() | 44, 56 },
{ IntegerRing() | 45, 46 },
{ IntegerRing() | 47, 63 },
{ IntegerRing() | 48, 51 },
{ IntegerRing() | 50, 54 },
{ IntegerRing() | 52, 53 },
{ IntegerRing() | 55, 59 },
{ IntegerRing() | 57, 58 },
{ IntegerRing() | 60, 64 },
{ IntegerRing() | 61, 62 }
@};
edge3`UpstairsTriple := [ PermutationGroup<64 |  
\[ 2, 3, 4, 5, 6, 7, 8, 9, 10, 11, 12, 13, 14, 15, 16, 17, 18, 19, 20, 21, 22, 23, 24, 25, 26, 27, 28, 29, 30, 31, 32, 33, 34, 35, 36, 37, 38, 39, 40, 41, 42, 43, 44, 45, 46, 47, 48, 49, 50, 51, 52, 53, 54, 55, 56, 57, 58, 59, 60, 61, 62, 63, 64, 1 ],
\[ 2, 1, 3, 4, 5, 6, 7, 8, 9, 10, 11, 12, 13, 14, 15, 16, 17, 18, 19, 20, 21, 22, 23, 24, 25, 26, 27, 28, 29, 30, 31, 32, 33, 34, 35, 36, 37, 38, 39, 40, 41, 42, 43, 44, 45, 46, 47, 48, 49, 50, 51, 52, 53, 54, 55, 56, 57, 58, 59, 60, 61, 62, 63, 64 ]:
 Order := 126886932185884164103433389335161480802865516174545192198801894375214704230400000000000000 > |
[ 12, 33, 8, 24, 2, 5, 22, 26, 49, 3, 4, 9, 7, 29, 18, 14, 16, 37, 43, 1, 27, 19, 15, 39, 20, 45, 36, 11, 46, 21, 63, 10, 31, 13, 17, 53, 52, 28, 59, 23, 6, 30, 55, 41, 61, 62, 58, 32, 47, 34, 35, 64, 60, 38, 51, 25, 40, 42, 48, 56, 54, 50, 57, 44 ],
[ 3, 10, 15, 20, 16, 8, 1, 30, 32, 27, 5, 17, 2, 23, 7, 21, 18, 28, 25, 14, 11, 6, 4, 41, 26, 40, 13, 12, 42, 22, 48, 37, 35, 9, 36, 38, 34, 33, 56, 19, 29, 24, 44, 45, 58, 57, 59, 53, 51, 31, 52, 54, 50, 49, 60, 46, 39, 43, 64, 61, 63, 47, 55, 62 ],
[ 4, 11, 2, 21, 22, 24, 27, 1, 28, 9, 18, 7, 37, 5, 14, 12, 33, 3, 30, 19, 8, 15, 26, 23, 39, 6, 16, 36, 20, 29, 38, 31, 13, 53, 49, 10, 17, 52, 42, 46, 43, 45, 40, 59, 25, 41, 54, 47, 34, 64, 63, 32, 35, 60, 58, 55, 61, 62, 57, 48, 44, 56, 50, 51 ]
];
edge3`UpstairsFilename := "64S39-16,4,4-g15-1691976971.m";
edge3`DownstairsTriple := [ PermutationGroup<32 |  
\[ 2, 3, 4, 5, 6, 7, 8, 9, 10, 11, 12, 13, 14, 15, 16, 17, 18, 19, 20, 21, 22, 23, 24, 25, 26, 27, 28, 29, 30, 31, 32, 1 ],
\[ 2, 1, 3, 4, 5, 6, 7, 8, 9, 10, 11, 12, 13, 14, 15, 16, 17, 18, 19, 20, 21, 22, 23, 24, 25, 26, 27, 28, 29, 30, 31, 32 ]:
 Order := 263130836933693530167218012160000000 > |
[ 2, 9, 8, 13, 11, 1, 4, 16, 17, 3, 19, 7, 21, 5, 6, 24, 25, 10, 27, 12, 29, 14, 15, 32, 30, 18, 31, 20, 26, 22, 23, 28 ],
[ 3, 10, 5, 6, 7, 8, 1, 14, 18, 11, 12, 2, 15, 4, 16, 22, 26, 19, 20, 9, 23, 13, 24, 30, 29, 27, 28, 17, 31, 21, 32, 25 ],
[ 4, 7, 2, 5, 8, 13, 11, 1, 12, 9, 3, 19, 14, 16, 21, 6, 20, 17, 10, 27, 22, 24, 29, 15, 28, 25, 18, 31, 30, 32, 26, 23 ]
];
edge3`DownstairsFilename := "32S20-16,4,4-g8-1880743445.m";
Append(~s`Edges, edge3);

/*
Return for eval
*/

return s;
