s := TwoDBInitialize();

/*
Magma printing
*/

s`Name := "64S4-4,8,8-g17-168120481";
s`Filename := "64S4-4,8,8-g17-168120481.m";
s`Degree := 64;
s`Orders := \[ 4, 8, 8 ];
s`Geometry := "Hyperbolic";
s`Genus := 17;
s`Level := 6;
s`PermutationTriple := [ PermutationGroup<64 |  
\[ 2, 3, 4, 5, 6, 7, 8, 9, 10, 11, 12, 13, 14, 15, 16, 17, 18, 19, 20, 21, 22, 23, 24, 25, 26, 27, 28, 29, 30, 31, 32, 33, 34, 35, 36, 37, 38, 39, 40, 41, 42, 43, 44, 45, 46, 47, 48, 49, 50, 51, 52, 53, 54, 55, 56, 57, 58, 59, 60, 61, 62, 63, 64, 1 ],
\[ 2, 1, 3, 4, 5, 6, 7, 8, 9, 10, 11, 12, 13, 14, 15, 16, 17, 18, 19, 20, 21, 22, 23, 24, 25, 26, 27, 28, 29, 30, 31, 32, 33, 34, 35, 36, 37, 38, 39, 40, 41, 42, 43, 44, 45, 46, 47, 48, 49, 50, 51, 52, 53, 54, 55, 56, 57, 58, 59, 60, 61, 62, 63, 64 ]:
 Order := 126886932185884164103433389335161480802865516174545192198801894375214704230400000000000000 > |
[ 12, 38, 8, 50, 2, 5, 46, 36, 22, 14, 29, 9, 25, 26, 33, 20, 61, 15, 18, 45, 13, 1, 47, 21, 24, 28, 31, 10, 27, 35, 11, 51, 19, 63, 54, 40, 49, 6, 48, 3, 52, 55, 41, 43, 64, 39, 56, 7, 4, 37, 58, 44, 59, 62, 53, 60, 32, 57, 42, 23, 34, 30, 17, 16 ],
[ 3, 10, 16, 22, 18, 26, 1, 30, 36, 20, 5, 43, 2, 35, 47, 27, 40, 58, 60, 4, 61, 52, 49, 6, 63, 64, 38, 62, 34, 48, 17, 7, 32, 8, 21, 45, 12, 33, 9, 54, 56, 28, 57, 23, 11, 55, 31, 59, 53, 42, 13, 51, 14, 46, 15, 50, 24, 39, 19, 29, 44, 25, 41, 37 ],
[ 4, 11, 17, 23, 24, 27, 30, 1, 37, 42, 47, 7, 35, 2, 5, 26, 25, 59, 38, 3, 57, 39, 19, 62, 51, 53, 60, 6, 45, 28, 16, 43, 55, 21, 8, 34, 56, 13, 54, 9, 12, 48, 61, 22, 10, 32, 44, 58, 64, 20, 33, 63, 46, 14, 50, 15, 18, 52, 49, 41, 31, 40, 29, 36 ]
];
s`MonodromyGroup := PermutationGroup<64 |  
\[ 12, 38, 8, 50, 2, 5, 46, 36, 22, 14, 29, 9, 25, 26, 33, 20, 61, 15, 18, 45, 13, 1, 47, 21, 24, 28, 31, 10, 27, 35, 11, 51, 19, 63, 54, 40, 49, 6, 48, 3, 52, 55, 41, 43, 64, 39, 56, 7, 4, 37, 58, 44, 59, 62, 53, 60, 32, 57, 42, 23, 34, 30, 17, 16 ],
\[ 3, 10, 16, 22, 18, 26, 1, 30, 36, 20, 5, 43, 2, 35, 47, 27, 40, 58, 60, 4, 61, 52, 49, 6, 63, 64, 38, 62, 34, 48, 17, 7, 32, 8, 21, 45, 12, 33, 9, 54, 56, 28, 57, 23, 11, 55, 31, 59, 53, 42, 13, 51, 14, 46, 15, 50, 24, 39, 19, 29, 44, 25, 41, 37 ],
\[ 4, 11, 17, 23, 24, 27, 30, 1, 37, 42, 47, 7, 35, 2, 5, 26, 25, 59, 38, 3, 57, 39, 19, 62, 51, 53, 60, 6, 45, 28, 16, 43, 55, 21, 8, 34, 56, 13, 54, 9, 12, 48, 61, 22, 10, 32, 44, 58, 64, 20, 33, 63, 46, 14, 50, 15, 18, 52, 49, 41, 31, 40, 29, 36 ] >;

/*
Edge printing
*/

s`Edges := [];
edge1 := TwoEdgeInitialize();
edge1`Blocks := {@ PowerSet(IntegerRing()) |
{ IntegerRing() | 1, 5 },
{ IntegerRing() | 2, 12 },
{ IntegerRing() | 3, 18 },
{ IntegerRing() | 4, 24 },
{ IntegerRing() | 6, 22 },
{ IntegerRing() | 7, 11 },
{ IntegerRing() | 8, 15 },
{ IntegerRing() | 9, 38 },
{ IntegerRing() | 10, 43 },
{ IntegerRing() | 13, 37 },
{ IntegerRing() | 14, 41 },
{ IntegerRing() | 16, 58 },
{ IntegerRing() | 17, 59 },
{ IntegerRing() | 19, 40 },
{ IntegerRing() | 20, 57 },
{ IntegerRing() | 21, 50 },
{ IntegerRing() | 23, 62 },
{ IntegerRing() | 25, 49 },
{ IntegerRing() | 26, 52 },
{ IntegerRing() | 27, 39 },
{ IntegerRing() | 28, 44 },
{ IntegerRing() | 29, 46 },
{ IntegerRing() | 30, 47 },
{ IntegerRing() | 31, 48 },
{ IntegerRing() | 32, 45 },
{ IntegerRing() | 33, 36 },
{ IntegerRing() | 34, 55 },
{ IntegerRing() | 35, 56 },
{ IntegerRing() | 42, 61 },
{ IntegerRing() | 51, 64 },
{ IntegerRing() | 53, 63 },
{ IntegerRing() | 54, 60 }
@};
edge1`UpstairsTriple := [ PermutationGroup<64 |  
\[ 2, 3, 4, 5, 6, 7, 8, 9, 10, 11, 12, 13, 14, 15, 16, 17, 18, 19, 20, 21, 22, 23, 24, 25, 26, 27, 28, 29, 30, 31, 32, 33, 34, 35, 36, 37, 38, 39, 40, 41, 42, 43, 44, 45, 46, 47, 48, 49, 50, 51, 52, 53, 54, 55, 56, 57, 58, 59, 60, 61, 62, 63, 64, 1 ],
\[ 2, 1, 3, 4, 5, 6, 7, 8, 9, 10, 11, 12, 13, 14, 15, 16, 17, 18, 19, 20, 21, 22, 23, 24, 25, 26, 27, 28, 29, 30, 31, 32, 33, 34, 35, 36, 37, 38, 39, 40, 41, 42, 43, 44, 45, 46, 47, 48, 49, 50, 51, 52, 53, 54, 55, 56, 57, 58, 59, 60, 61, 62, 63, 64 ]:
 Order := 126886932185884164103433389335161480802865516174545192198801894375214704230400000000000000 > |
[ 12, 38, 8, 50, 2, 5, 46, 36, 22, 14, 29, 9, 25, 26, 33, 20, 61, 15, 18, 45, 13, 1, 47, 21, 24, 28, 31, 10, 27, 35, 11, 51, 19, 63, 54, 40, 49, 6, 48, 3, 52, 55, 41, 43, 64, 39, 56, 7, 4, 37, 58, 44, 59, 62, 53, 60, 32, 57, 42, 23, 34, 30, 17, 16 ],
[ 3, 10, 16, 22, 18, 26, 1, 30, 36, 20, 5, 43, 2, 35, 47, 27, 40, 58, 60, 4, 61, 52, 49, 6, 63, 64, 38, 62, 34, 48, 17, 7, 32, 8, 21, 45, 12, 33, 9, 54, 56, 28, 57, 23, 11, 55, 31, 59, 53, 42, 13, 51, 14, 46, 15, 50, 24, 39, 19, 29, 44, 25, 41, 37 ],
[ 4, 11, 17, 23, 24, 27, 30, 1, 37, 42, 47, 7, 35, 2, 5, 26, 25, 59, 38, 3, 57, 39, 19, 62, 51, 53, 60, 6, 45, 28, 16, 43, 55, 21, 8, 34, 56, 13, 54, 9, 12, 48, 61, 22, 10, 32, 44, 58, 64, 20, 33, 63, 46, 14, 50, 15, 18, 52, 49, 41, 31, 40, 29, 36 ]
];
edge1`UpstairsFilename := "64S4-4,8,8-g17-168120481.m";
edge1`DownstairsTriple := [ PermutationGroup<32 |  
\[ 2, 3, 4, 5, 6, 7, 8, 9, 10, 11, 12, 13, 14, 15, 16, 17, 18, 19, 20, 21, 22, 23, 24, 25, 26, 27, 28, 29, 30, 31, 32, 1 ],
\[ 2, 1, 3, 4, 5, 6, 7, 8, 9, 10, 11, 12, 13, 14, 15, 16, 17, 18, 19, 20, 21, 22, 23, 24, 25, 26, 27, 28, 29, 30, 31, 32 ]:
 Order := 263130836933693530167218012160000000 > |
[ 6, 1, 8, 20, 2, 5, 25, 15, 11, 23, 21, 3, 16, 32, 12, 26, 4, 24, 17, 19, 22, 9, 7, 28, 10, 29, 30, 31, 13, 14, 18, 27 ],
[ 3, 9, 13, 2, 15, 21, 1, 24, 29, 5, 18, 31, 10, 12, 26, 4, 30, 17, 6, 32, 16, 28, 14, 23, 27, 7, 8, 20, 19, 22, 25, 11 ],
[ 4, 10, 14, 18, 19, 7, 24, 1, 30, 31, 2, 5, 9, 17, 27, 3, 29, 12, 28, 16, 32, 6, 13, 11, 26, 21, 20, 8, 15, 25, 22, 23 ]
];
edge1`DownstairsFilename := "32S5-4,8,8-g9-652585717.m";
Append(~s`Edges, edge1);
edge2 := TwoEdgeInitialize();
edge2`Blocks := {@ PowerSet(IntegerRing()) |
{ IntegerRing() | 1, 5 },
{ IntegerRing() | 2, 6 },
{ IntegerRing() | 3, 15 },
{ IntegerRing() | 4, 19 },
{ IntegerRing() | 7, 10 },
{ IntegerRing() | 8, 12 },
{ IntegerRing() | 9, 21 },
{ IntegerRing() | 11, 22 },
{ IntegerRing() | 13, 39 },
{ IntegerRing() | 14, 27 },
{ IntegerRing() | 16, 36 },
{ IntegerRing() | 17, 20 },
{ IntegerRing() | 18, 47 },
{ IntegerRing() | 23, 25 },
{ IntegerRing() | 24, 32 },
{ IntegerRing() | 26, 31 },
{ IntegerRing() | 28, 35 },
{ IntegerRing() | 29, 50 },
{ IntegerRing() | 30, 33 },
{ IntegerRing() | 34, 45 },
{ IntegerRing() | 37, 59 },
{ IntegerRing() | 38, 42 },
{ IntegerRing() | 40, 54 },
{ IntegerRing() | 41, 53 },
{ IntegerRing() | 43, 48 },
{ IntegerRing() | 44, 49 },
{ IntegerRing() | 46, 58 },
{ IntegerRing() | 51, 55 },
{ IntegerRing() | 52, 57 },
{ IntegerRing() | 56, 60 },
{ IntegerRing() | 61, 64 },
{ IntegerRing() | 62, 63 }
@};
edge2`UpstairsTriple := [ PermutationGroup<64 |  
\[ 2, 3, 4, 5, 6, 7, 8, 9, 10, 11, 12, 13, 14, 15, 16, 17, 18, 19, 20, 21, 22, 23, 24, 25, 26, 27, 28, 29, 30, 31, 32, 33, 34, 35, 36, 37, 38, 39, 40, 41, 42, 43, 44, 45, 46, 47, 48, 49, 50, 51, 52, 53, 54, 55, 56, 57, 58, 59, 60, 61, 62, 63, 64, 1 ],
\[ 2, 1, 3, 4, 5, 6, 7, 8, 9, 10, 11, 12, 13, 14, 15, 16, 17, 18, 19, 20, 21, 22, 23, 24, 25, 26, 27, 28, 29, 30, 31, 32, 33, 34, 35, 36, 37, 38, 39, 40, 41, 42, 43, 44, 45, 46, 47, 48, 49, 50, 51, 52, 53, 54, 55, 56, 57, 58, 59, 60, 61, 62, 63, 64 ]:
 Order := 126886932185884164103433389335161480802865516174545192198801894375214704230400000000000000 > |
[ 6, 1, 8, 20, 2, 5, 25, 15, 11, 23, 21, 3, 16, 33, 12, 39, 4, 34, 17, 19, 22, 9, 7, 28, 10, 29, 30, 32, 31, 14, 50, 35, 27, 47, 24, 13, 40, 51, 36, 59, 60, 55, 44, 48, 18, 57, 45, 49, 43, 26, 42, 46, 56, 37, 38, 41, 58, 52, 54, 53, 62, 64, 61, 63 ],
[ 3, 9, 13, 2, 15, 21, 1, 24, 29, 5, 18, 32, 37, 12, 39, 4, 43, 17, 6, 48, 50, 47, 44, 23, 49, 7, 8, 53, 56, 22, 10, 25, 11, 40, 41, 19, 61, 36, 59, 14, 30, 16, 55, 46, 54, 45, 20, 51, 58, 60, 35, 26, 33, 27, 28, 63, 31, 34, 64, 62, 52, 38, 42, 57 ],
[ 4, 10, 14, 18, 19, 7, 24, 1, 30, 32, 2, 5, 38, 41, 27, 3, 36, 46, 47, 16, 33, 6, 31, 51, 26, 21, 53, 8, 52, 54, 9, 55, 40, 11, 12, 15, 45, 43, 42, 13, 29, 48, 25, 17, 22, 61, 58, 23, 20, 57, 62, 49, 50, 39, 63, 28, 44, 64, 34, 35, 56, 37, 59, 60 ]
];
edge2`UpstairsFilename := "64S4-4,8,8-g17-2506613813.m";
edge2`DownstairsTriple := [ PermutationGroup<32 |  
\[ 2, 3, 4, 5, 6, 7, 8, 9, 10, 11, 12, 13, 14, 15, 16, 17, 18, 19, 20, 21, 22, 23, 24, 25, 26, 27, 28, 29, 30, 31, 32, 1 ],
\[ 2, 1, 3, 4, 5, 6, 7, 8, 9, 10, 11, 12, 13, 14, 15, 16, 17, 18, 19, 20, 21, 22, 23, 24, 25, 26, 27, 28, 29, 30, 31, 32 ]:
 Order := 263130836933693530167218012160000000 > |
[ 2, 1, 7, 15, 9, 20, 3, 10, 5, 8, 14, 25, 19, 11, 4, 28, 30, 29, 13, 6, 23, 24, 21, 22, 12, 27, 26, 16, 18, 17, 32, 31 ],
[ 3, 8, 11, 2, 13, 1, 21, 24, 26, 16, 18, 7, 22, 4, 32, 15, 9, 5, 28, 31, 20, 6, 30, 17, 10, 14, 23, 29, 12, 25, 19, 27 ],
[ 4, 6, 12, 16, 17, 21, 1, 25, 18, 2, 26, 30, 31, 3, 14, 19, 23, 28, 5, 22, 27, 8, 7, 13, 29, 32, 9, 10, 11, 24, 15, 20 ]
];
edge2`DownstairsFilename := "32S7-2,8,8-g5-3703186130.m";
Append(~s`Edges, edge2);
edge3 := TwoEdgeInitialize();
edge3`Blocks := {@ PowerSet(IntegerRing()) |
{ IntegerRing() | 1, 5 },
{ IntegerRing() | 2, 11 },
{ IntegerRing() | 3, 16 },
{ IntegerRing() | 4, 21 },
{ IntegerRing() | 6, 23 },
{ IntegerRing() | 7, 24 },
{ IntegerRing() | 8, 25 },
{ IntegerRing() | 9, 36 },
{ IntegerRing() | 10, 39 },
{ IntegerRing() | 12, 40 },
{ IntegerRing() | 13, 41 },
{ IntegerRing() | 14, 32 },
{ IntegerRing() | 15, 48 },
{ IntegerRing() | 17, 49 },
{ IntegerRing() | 18, 50 },
{ IntegerRing() | 19, 47 },
{ IntegerRing() | 20, 35 },
{ IntegerRing() | 22, 57 },
{ IntegerRing() | 26, 54 },
{ IntegerRing() | 27, 60 },
{ IntegerRing() | 28, 61 },
{ IntegerRing() | 29, 46 },
{ IntegerRing() | 30, 45 },
{ IntegerRing() | 31, 62 },
{ IntegerRing() | 33, 63 },
{ IntegerRing() | 34, 59 },
{ IntegerRing() | 37, 43 },
{ IntegerRing() | 38, 58 },
{ IntegerRing() | 42, 52 },
{ IntegerRing() | 44, 55 },
{ IntegerRing() | 51, 56 },
{ IntegerRing() | 53, 64 }
@};
edge3`UpstairsTriple := [ PermutationGroup<64 |  
\[ 2, 3, 4, 5, 6, 7, 8, 9, 10, 11, 12, 13, 14, 15, 16, 17, 18, 19, 20, 21, 22, 23, 24, 25, 26, 27, 28, 29, 30, 31, 32, 33, 34, 35, 36, 37, 38, 39, 40, 41, 42, 43, 44, 45, 46, 47, 48, 49, 50, 51, 52, 53, 54, 55, 56, 57, 58, 59, 60, 61, 62, 63, 64, 1 ],
\[ 2, 1, 3, 4, 5, 6, 7, 8, 9, 10, 11, 12, 13, 14, 15, 16, 17, 18, 19, 20, 21, 22, 23, 24, 25, 26, 27, 28, 29, 30, 31, 32, 33, 34, 35, 36, 37, 38, 39, 40, 41, 42, 43, 44, 45, 46, 47, 48, 49, 50, 51, 52, 53, 54, 55, 56, 57, 58, 59, 60, 61, 62, 63, 64 ]:
 Order := 126886932185884164103433389335161480802865516174545192198801894375214704230400000000000000 > |
[ 2, 9, 8, 19, 11, 1, 29, 33, 6, 13, 36, 22, 26, 18, 38, 25, 3, 53, 12, 56, 47, 4, 5, 46, 63, 28, 31, 10, 27, 35, 7, 50, 17, 44, 51, 23, 32, 34, 41, 57, 54, 45, 14, 15, 20, 60, 40, 58, 16, 64, 52, 30, 43, 61, 48, 42, 21, 59, 55, 62, 39, 24, 49, 37 ],
[ 3, 10, 14, 6, 16, 26, 1, 30, 33, 37, 39, 2, 42, 24, 17, 32, 51, 4, 55, 22, 23, 58, 54, 5, 45, 50, 9, 20, 48, 31, 59, 7, 53, 8, 57, 63, 40, 28, 43, 11, 52, 19, 12, 13, 62, 15, 44, 49, 56, 21, 29, 47, 60, 18, 41, 46, 38, 61, 25, 36, 35, 34, 64, 27 ],
[ 4, 7, 15, 20, 21, 27, 30, 1, 12, 38, 24, 42, 2, 39, 47, 48, 9, 3, 18, 25, 35, 43, 60, 45, 5, 44, 51, 6, 32, 41, 64, 10, 34, 57, 8, 40, 63, 46, 58, 52, 11, 49, 33, 62, 13, 14, 50, 19, 36, 16, 61, 17, 54, 55, 31, 28, 37, 29, 22, 56, 23, 53, 59, 26 ]
];
edge3`UpstairsFilename := "64S4-4,8,8-g17-4168114361.m";
edge3`DownstairsTriple := [ PermutationGroup<32 |  
\[ 2, 3, 4, 5, 6, 7, 8, 9, 10, 11, 12, 13, 14, 15, 16, 17, 18, 19, 20, 21, 22, 23, 24, 25, 26, 27, 28, 29, 30, 31, 32, 1 ],
\[ 2, 1, 3, 4, 5, 6, 7, 8, 9, 10, 11, 12, 13, 14, 15, 16, 17, 18, 19, 20, 21, 22, 23, 24, 25, 26, 27, 28, 29, 30, 31, 32 ]:
 Order := 263130836933693530167218012160000000 > |
[ 6, 1, 8, 20, 2, 5, 25, 15, 11, 23, 21, 3, 16, 30, 12, 28, 4, 29, 17, 19, 22, 9, 7, 18, 10, 27, 14, 32, 31, 26, 24, 13 ],
[ 3, 9, 13, 2, 15, 21, 1, 24, 16, 5, 18, 29, 7, 12, 28, 4, 30, 17, 6, 27, 32, 31, 26, 23, 14, 8, 22, 10, 25, 11, 20, 19 ],
[ 4, 10, 14, 18, 19, 7, 24, 1, 27, 29, 2, 5, 21, 20, 26, 3, 32, 8, 31, 16, 30, 6, 28, 22, 13, 17, 23, 9, 11, 25, 12, 15 ]
];
edge3`DownstairsFilename := "32S6-4,4,4-g5-95305702.m";
Append(~s`Edges, edge3);

/*
Return for eval
*/

return s;
