s := TwoDBInitialize();

/*
Magma printing
*/

s`Name := "64S48-4,16,4-g15-2730262946";
s`Filename := "64S48-4,16,4-g15-2730262946.m";
s`Degree := 64;
s`Orders := \[ 4, 16, 4 ];
s`Geometry := "Hyperbolic";
s`Genus := 15;
s`Level := 6;
s`PermutationTriple := [ PermutationGroup<64 |  
\[ 2, 3, 4, 5, 6, 7, 8, 9, 10, 11, 12, 13, 14, 15, 16, 17, 18, 19, 20, 21, 22, 23, 24, 25, 26, 27, 28, 29, 30, 31, 32, 33, 34, 35, 36, 37, 38, 39, 40, 41, 42, 43, 44, 45, 46, 47, 48, 49, 50, 51, 52, 53, 54, 55, 56, 57, 58, 59, 60, 61, 62, 63, 64, 1 ],
\[ 2, 1, 3, 4, 5, 6, 7, 8, 9, 10, 11, 12, 13, 14, 15, 16, 17, 18, 19, 20, 21, 22, 23, 24, 25, 26, 27, 28, 29, 30, 31, 32, 33, 34, 35, 36, 37, 38, 39, 40, 41, 42, 43, 44, 45, 46, 47, 48, 49, 50, 51, 52, 53, 54, 55, 56, 57, 58, 59, 60, 61, 62, 63, 64 ]:
 Order := 126886932185884164103433389335161480802865516174545192198801894375214704230400000000000000 > |
[ 12, 20, 8, 17, 2, 5, 10, 22, 19, 13, 26, 9, 24, 29, 18, 37, 14, 39, 1, 6, 3, 21, 15, 7, 27, 25, 11, 44, 4, 41, 32, 43, 31, 45, 38, 53, 30, 55, 23, 35, 16, 57, 33, 34, 28, 47, 49, 60, 59, 61, 54, 62, 42, 63, 40, 51, 36, 64, 46, 50, 48, 58, 56, 52 ],
[ 3, 10, 15, 19, 17, 24, 1, 2, 22, 31, 5, 26, 9, 12, 35, 21, 37, 14, 27, 29, 6, 39, 4, 43, 20, 44, 45, 7, 41, 8, 47, 25, 11, 13, 51, 23, 53, 30, 55, 16, 57, 18, 59, 60, 61, 28, 54, 33, 34, 32, 48, 40, 62, 42, 63, 36, 64, 38, 56, 58, 52, 46, 50, 49 ],
[ 4, 11, 16, 20, 21, 25, 6, 1, 14, 28, 19, 7, 2, 5, 36, 29, 23, 3, 13, 8, 9, 30, 22, 34, 12, 33, 32, 27, 18, 17, 48, 10, 24, 26, 52, 41, 40, 15, 42, 39, 38, 37, 50, 46, 49, 43, 62, 45, 31, 44, 59, 57, 56, 35, 58, 55, 54, 53, 64, 51, 63, 61, 47, 60 ]
];
s`MonodromyGroup := PermutationGroup<64 |  
\[ 12, 20, 8, 17, 2, 5, 10, 22, 19, 13, 26, 9, 24, 29, 18, 37, 14, 39, 1, 6, 3, 21, 15, 7, 27, 25, 11, 44, 4, 41, 32, 43, 31, 45, 38, 53, 30, 55, 23, 35, 16, 57, 33, 34, 28, 47, 49, 60, 59, 61, 54, 62, 42, 63, 40, 51, 36, 64, 46, 50, 48, 58, 56, 52 ],
\[ 3, 10, 15, 19, 17, 24, 1, 2, 22, 31, 5, 26, 9, 12, 35, 21, 37, 14, 27, 29, 6, 39, 4, 43, 20, 44, 45, 7, 41, 8, 47, 25, 11, 13, 51, 23, 53, 30, 55, 16, 57, 18, 59, 60, 61, 28, 54, 33, 34, 32, 48, 40, 62, 42, 63, 36, 64, 38, 56, 58, 52, 46, 50, 49 ],
\[ 4, 11, 16, 20, 21, 25, 6, 1, 14, 28, 19, 7, 2, 5, 36, 29, 23, 3, 13, 8, 9, 30, 22, 34, 12, 33, 32, 27, 18, 17, 48, 10, 24, 26, 52, 41, 40, 15, 42, 39, 38, 37, 50, 46, 49, 43, 62, 45, 31, 44, 59, 57, 56, 35, 58, 55, 54, 53, 64, 51, 63, 61, 47, 60 ] >;

/*
Edge printing
*/

s`Edges := [];
edge1 := TwoEdgeInitialize();
edge1`Blocks := {@ PowerSet(IntegerRing()) |
{ IntegerRing() | 1, 5 },
{ IntegerRing() | 2, 12 },
{ IntegerRing() | 3, 17 },
{ IntegerRing() | 4, 21 },
{ IntegerRing() | 6, 19 },
{ IntegerRing() | 7, 11 },
{ IntegerRing() | 8, 14 },
{ IntegerRing() | 9, 20 },
{ IntegerRing() | 10, 26 },
{ IntegerRing() | 13, 25 },
{ IntegerRing() | 15, 37 },
{ IntegerRing() | 16, 23 },
{ IntegerRing() | 18, 30 },
{ IntegerRing() | 22, 29 },
{ IntegerRing() | 24, 27 },
{ IntegerRing() | 28, 33 },
{ IntegerRing() | 31, 44 },
{ IntegerRing() | 32, 34 },
{ IntegerRing() | 35, 53 },
{ IntegerRing() | 36, 40 },
{ IntegerRing() | 38, 42 },
{ IntegerRing() | 39, 41 },
{ IntegerRing() | 43, 45 },
{ IntegerRing() | 46, 48 },
{ IntegerRing() | 47, 60 },
{ IntegerRing() | 49, 50 },
{ IntegerRing() | 51, 62 },
{ IntegerRing() | 52, 56 },
{ IntegerRing() | 54, 58 },
{ IntegerRing() | 55, 57 },
{ IntegerRing() | 59, 61 },
{ IntegerRing() | 63, 64 }
@};
edge1`UpstairsTriple := [ PermutationGroup<64 |  
\[ 2, 3, 4, 5, 6, 7, 8, 9, 10, 11, 12, 13, 14, 15, 16, 17, 18, 19, 20, 21, 22, 23, 24, 25, 26, 27, 28, 29, 30, 31, 32, 33, 34, 35, 36, 37, 38, 39, 40, 41, 42, 43, 44, 45, 46, 47, 48, 49, 50, 51, 52, 53, 54, 55, 56, 57, 58, 59, 60, 61, 62, 63, 64, 1 ],
\[ 2, 1, 3, 4, 5, 6, 7, 8, 9, 10, 11, 12, 13, 14, 15, 16, 17, 18, 19, 20, 21, 22, 23, 24, 25, 26, 27, 28, 29, 30, 31, 32, 33, 34, 35, 36, 37, 38, 39, 40, 41, 42, 43, 44, 45, 46, 47, 48, 49, 50, 51, 52, 53, 54, 55, 56, 57, 58, 59, 60, 61, 62, 63, 64 ]:
 Order := 126886932185884164103433389335161480802865516174545192198801894375214704230400000000000000 > |
[ 12, 20, 8, 17, 2, 5, 10, 22, 19, 13, 26, 9, 24, 29, 18, 37, 14, 39, 1, 6, 3, 21, 15, 7, 27, 25, 11, 44, 4, 41, 32, 43, 31, 45, 38, 53, 30, 55, 23, 35, 16, 57, 33, 34, 28, 47, 49, 60, 59, 61, 54, 62, 42, 63, 40, 51, 36, 64, 46, 50, 48, 58, 56, 52 ],
[ 3, 10, 15, 19, 17, 24, 1, 2, 22, 31, 5, 26, 9, 12, 35, 21, 37, 14, 27, 29, 6, 39, 4, 43, 20, 44, 45, 7, 41, 8, 47, 25, 11, 13, 51, 23, 53, 30, 55, 16, 57, 18, 59, 60, 61, 28, 54, 33, 34, 32, 48, 40, 62, 42, 63, 36, 64, 38, 56, 58, 52, 46, 50, 49 ],
[ 4, 11, 16, 20, 21, 25, 6, 1, 14, 28, 19, 7, 2, 5, 36, 29, 23, 3, 13, 8, 9, 30, 22, 34, 12, 33, 32, 27, 18, 17, 48, 10, 24, 26, 52, 41, 40, 15, 42, 39, 38, 37, 50, 46, 49, 43, 62, 45, 31, 44, 59, 57, 56, 35, 58, 55, 54, 53, 64, 51, 63, 61, 47, 60 ]
];
edge1`UpstairsFilename := "64S48-4,16,4-g15-2730262946.m";
edge1`DownstairsTriple := [ PermutationGroup<32 |  
\[ 2, 3, 4, 5, 6, 7, 8, 9, 10, 11, 12, 13, 14, 15, 16, 17, 18, 19, 20, 21, 22, 23, 24, 25, 26, 27, 28, 29, 30, 31, 32, 1 ],
\[ 2, 1, 3, 4, 5, 6, 7, 8, 9, 10, 11, 12, 13, 14, 15, 16, 17, 18, 19, 20, 21, 22, 23, 24, 25, 26, 27, 28, 29, 30, 31, 32 ]:
 Order := 263130836933693530167218012160000000 > |
[ 2, 5, 8, 3, 6, 1, 9, 13, 10, 15, 14, 11, 4, 21, 7, 17, 18, 23, 22, 19, 12, 29, 16, 25, 26, 31, 30, 27, 20, 32, 24, 28 ],
[ 3, 9, 11, 6, 13, 15, 1, 2, 17, 5, 19, 4, 21, 8, 23, 7, 25, 10, 27, 12, 29, 14, 31, 16, 30, 18, 24, 20, 32, 22, 28, 26 ],
[ 4, 7, 12, 5, 8, 10, 6, 1, 16, 2, 20, 13, 14, 3, 18, 15, 24, 9, 28, 21, 22, 11, 26, 23, 27, 17, 31, 29, 30, 19, 32, 25 ]
];
edge1`DownstairsFilename := "32S14-4,8,4-g7-1980567223.m";
Append(~s`Edges, edge1);
edge2 := TwoEdgeInitialize();
edge2`Blocks := {@ PowerSet(IntegerRing()) |
{ IntegerRing() | 1, 5 },
{ IntegerRing() | 2, 11 },
{ IntegerRing() | 3, 16 },
{ IntegerRing() | 4, 8 },
{ IntegerRing() | 6, 21 },
{ IntegerRing() | 7, 13 },
{ IntegerRing() | 9, 30 },
{ IntegerRing() | 10, 26 },
{ IntegerRing() | 12, 17 },
{ IntegerRing() | 14, 37 },
{ IntegerRing() | 15, 18 },
{ IntegerRing() | 19, 28 },
{ IntegerRing() | 20, 29 },
{ IntegerRing() | 22, 25 },
{ IntegerRing() | 23, 24 },
{ IntegerRing() | 27, 34 },
{ IntegerRing() | 31, 45 },
{ IntegerRing() | 32, 33 },
{ IntegerRing() | 35, 53 },
{ IntegerRing() | 36, 38 },
{ IntegerRing() | 39, 41 },
{ IntegerRing() | 40, 42 },
{ IntegerRing() | 43, 44 },
{ IntegerRing() | 46, 48 },
{ IntegerRing() | 47, 61 },
{ IntegerRing() | 49, 50 },
{ IntegerRing() | 51, 63 },
{ IntegerRing() | 52, 54 },
{ IntegerRing() | 55, 57 },
{ IntegerRing() | 56, 58 },
{ IntegerRing() | 59, 60 },
{ IntegerRing() | 62, 64 }
@};
edge2`UpstairsTriple := [ PermutationGroup<64 |  
\[ 2, 3, 4, 5, 6, 7, 8, 9, 10, 11, 12, 13, 14, 15, 16, 17, 18, 19, 20, 21, 22, 23, 24, 25, 26, 27, 28, 29, 30, 31, 32, 33, 34, 35, 36, 37, 38, 39, 40, 41, 42, 43, 44, 45, 46, 47, 48, 49, 50, 51, 52, 53, 54, 55, 56, 57, 58, 59, 60, 61, 62, 63, 64, 1 ],
\[ 2, 1, 3, 4, 5, 6, 7, 8, 9, 10, 11, 12, 13, 14, 15, 16, 17, 18, 19, 20, 21, 22, 23, 24, 25, 26, 27, 28, 29, 30, 31, 32, 33, 34, 35, 36, 37, 38, 39, 40, 41, 42, 43, 44, 45, 46, 47, 48, 49, 50, 51, 52, 53, 54, 55, 56, 57, 58, 59, 60, 61, 62, 63, 64 ]:
 Order := 126886932185884164103433389335161480802865516174545192198801894375214704230400000000000000 > |
[ 2, 9, 8, 19, 11, 1, 25, 28, 6, 13, 30, 16, 22, 18, 39, 4, 3, 41, 12, 14, 5, 24, 26, 10, 23, 7, 31, 17, 37, 21, 33, 44, 43, 45, 38, 55, 15, 57, 29, 35, 20, 53, 27, 34, 32, 60, 48, 59, 47, 61, 54, 62, 36, 64, 42, 51, 40, 63, 49, 50, 46, 58, 52, 56 ],
[ 3, 10, 14, 6, 16, 22, 1, 21, 28, 31, 26, 2, 5, 35, 17, 37, 11, 12, 39, 4, 25, 43, 9, 30, 44, 45, 7, 41, 8, 19, 47, 24, 23, 13, 51, 20, 53, 29, 55, 15, 57, 18, 59, 60, 61, 27, 58, 34, 32, 33, 49, 40, 63, 42, 62, 36, 64, 38, 52, 54, 56, 46, 50, 48 ],
[ 4, 7, 15, 5, 8, 23, 11, 1, 12, 32, 13, 30, 2, 36, 16, 18, 9, 3, 20, 28, 24, 34, 21, 6, 27, 33, 22, 29, 19, 17, 46, 26, 10, 25, 52, 37, 38, 14, 40, 41, 42, 39, 50, 49, 48, 45, 51, 31, 43, 44, 61, 53, 54, 35, 56, 57, 58, 55, 64, 62, 63, 59, 47, 60 ]
];
edge2`UpstairsFilename := "64S48-4,16,4-g15-3671638611.m";
edge2`DownstairsTriple := [ PermutationGroup<32 |  
\[ 2, 3, 4, 5, 6, 7, 8, 9, 10, 11, 12, 13, 14, 15, 16, 17, 18, 19, 20, 21, 22, 23, 24, 25, 26, 27, 28, 29, 30, 31, 32, 1 ],
\[ 2, 1, 3, 4, 5, 6, 7, 8, 9, 10, 11, 12, 13, 14, 15, 16, 17, 18, 19, 20, 21, 22, 23, 24, 25, 26, 27, 28, 29, 30, 31, 32 ]:
 Order := 263130836933693530167218012160000000 > |
[ 6, 1, 4, 13, 2, 5, 8, 9, 15, 3, 12, 21, 10, 11, 7, 23, 16, 17, 20, 29, 14, 19, 18, 25, 26, 31, 28, 32, 22, 27, 24, 30 ],
[ 3, 8, 11, 2, 13, 15, 1, 17, 5, 6, 19, 10, 21, 4, 23, 7, 25, 9, 27, 14, 29, 12, 31, 16, 28, 18, 26, 22, 32, 20, 30, 24 ],
[ 4, 9, 12, 1, 10, 7, 6, 16, 2, 5, 20, 3, 14, 13, 18, 8, 26, 15, 28, 11, 22, 21, 24, 23, 32, 17, 31, 19, 30, 29, 27, 25 ]
];
edge2`DownstairsFilename := "32S19-4,16,2-g4-2476263674.m";
Append(~s`Edges, edge2);
edge3 := TwoEdgeInitialize();
edge3`Blocks := {@ PowerSet(IntegerRing()) |
{ IntegerRing() | 1, 5 },
{ IntegerRing() | 2, 6 },
{ IntegerRing() | 3, 15 },
{ IntegerRing() | 4, 19 },
{ IntegerRing() | 7, 10 },
{ IntegerRing() | 8, 12 },
{ IntegerRing() | 9, 22 },
{ IntegerRing() | 11, 23 },
{ IntegerRing() | 13, 37 },
{ IntegerRing() | 14, 29 },
{ IntegerRing() | 16, 21 },
{ IntegerRing() | 17, 20 },
{ IntegerRing() | 18, 33 },
{ IntegerRing() | 24, 26 },
{ IntegerRing() | 25, 28 },
{ IntegerRing() | 27, 32 },
{ IntegerRing() | 30, 43 },
{ IntegerRing() | 31, 34 },
{ IntegerRing() | 35, 53 },
{ IntegerRing() | 36, 42 },
{ IntegerRing() | 38, 41 },
{ IntegerRing() | 39, 40 },
{ IntegerRing() | 44, 45 },
{ IntegerRing() | 46, 48 },
{ IntegerRing() | 47, 59 },
{ IntegerRing() | 49, 50 },
{ IntegerRing() | 51, 63 },
{ IntegerRing() | 52, 58 },
{ IntegerRing() | 54, 57 },
{ IntegerRing() | 55, 56 },
{ IntegerRing() | 60, 61 },
{ IntegerRing() | 62, 64 }
@};
edge3`UpstairsTriple := [ PermutationGroup<64 |  
\[ 2, 3, 4, 5, 6, 7, 8, 9, 10, 11, 12, 13, 14, 15, 16, 17, 18, 19, 20, 21, 22, 23, 24, 25, 26, 27, 28, 29, 30, 31, 32, 33, 34, 35, 36, 37, 38, 39, 40, 41, 42, 43, 44, 45, 46, 47, 48, 49, 50, 51, 52, 53, 54, 55, 56, 57, 58, 59, 60, 61, 62, 63, 64, 1 ],
\[ 2, 1, 3, 4, 5, 6, 7, 8, 9, 10, 11, 12, 13, 14, 15, 16, 17, 18, 19, 20, 21, 22, 23, 24, 25, 26, 27, 28, 29, 30, 31, 32, 33, 34, 35, 36, 37, 38, 39, 40, 41, 42, 43, 44, 45, 46, 47, 48, 49, 50, 51, 52, 53, 54, 55, 56, 57, 58, 59, 60, 61, 62, 63, 64 ]:
 Order := 126886932185884164103433389335161480802865516174545192198801894375214704230400000000000000 > |
[ 6, 1, 8, 20, 2, 5, 26, 15, 11, 24, 22, 3, 16, 40, 12, 37, 4, 25, 17, 19, 13, 23, 9, 7, 33, 10, 43, 18, 39, 27, 44, 30, 28, 45, 38, 56, 21, 53, 14, 29, 35, 55, 32, 34, 31, 61, 49, 60, 59, 47, 54, 62, 41, 63, 36, 42, 51, 64, 50, 46, 48, 58, 57, 52 ],
[ 3, 9, 13, 2, 15, 22, 1, 28, 30, 5, 33, 25, 35, 12, 37, 19, 39, 17, 6, 40, 4, 43, 18, 44, 24, 45, 7, 26, 8, 47, 23, 10, 20, 11, 51, 21, 53, 29, 55, 56, 14, 16, 59, 60, 61, 27, 52, 32, 34, 31, 49, 41, 63, 42, 64, 62, 36, 38, 58, 57, 54, 46, 50, 48 ],
[ 4, 10, 14, 18, 19, 7, 25, 1, 31, 28, 2, 5, 36, 17, 29, 3, 16, 8, 33, 21, 15, 34, 6, 32, 23, 27, 9, 11, 20, 48, 26, 22, 12, 24, 52, 39, 42, 13, 38, 41, 37, 40, 46, 50, 49, 44, 63, 45, 30, 43, 60, 55, 58, 35, 54, 57, 53, 56, 51, 64, 62, 47, 61, 59 ]
];
edge3`UpstairsFilename := "64S48-4,16,4-g15-1827074507.m";
edge3`DownstairsTriple := [ PermutationGroup<32 |  
\[ 2, 3, 4, 5, 6, 7, 8, 9, 10, 11, 12, 13, 14, 15, 16, 17, 18, 19, 20, 21, 22, 23, 24, 25, 26, 27, 28, 29, 30, 31, 32, 1 ],
\[ 2, 1, 3, 4, 5, 6, 7, 8, 9, 10, 11, 12, 13, 14, 15, 16, 17, 18, 19, 20, 21, 22, 23, 24, 25, 26, 27, 28, 29, 30, 31, 32 ]:
 Order := 263130836933693530167218012160000000 > |
[ 10, 5, 7, 13, 2, 8, 3, 6, 15, 1, 14, 21, 4, 11, 9, 23, 18, 17, 22, 29, 12, 19, 16, 25, 24, 31, 30, 32, 20, 27, 26, 28 ],
[ 3, 8, 11, 10, 13, 1, 2, 17, 5, 15, 19, 7, 21, 4, 23, 6, 25, 9, 27, 14, 29, 12, 31, 16, 30, 18, 26, 22, 32, 20, 28, 24 ],
[ 4, 9, 12, 5, 7, 2, 1, 16, 10, 6, 20, 13, 14, 3, 18, 15, 26, 8, 28, 21, 22, 11, 24, 17, 32, 23, 25, 29, 30, 19, 27, 31 ]
];
edge3`DownstairsFilename := "32S19-2,16,4-g4-2257751403.m";
Append(~s`Edges, edge3);

/*
Return for eval
*/

return s;
