s := TwoDBInitialize();

/*
Magma printing
*/

s`Name := "64S44-16,8,16-g25-52017077";
s`Filename := "64S44-16,8,16-g25-52017077.m";
s`Degree := 64;
s`Orders := \[ 16, 8, 16 ];
s`Geometry := "Hyperbolic";
s`Genus := 25;
s`Level := 6;
s`PermutationTriple := [ PermutationGroup<64 |  
\[ 2, 3, 4, 5, 6, 7, 8, 9, 10, 11, 12, 13, 14, 15, 16, 17, 18, 19, 20, 21, 22, 23, 24, 25, 26, 27, 28, 29, 30, 31, 32, 33, 34, 35, 36, 37, 38, 39, 40, 41, 42, 43, 44, 45, 46, 47, 48, 49, 50, 51, 52, 53, 54, 55, 56, 57, 58, 59, 60, 61, 62, 63, 64, 1 ],
\[ 2, 1, 3, 4, 5, 6, 7, 8, 9, 10, 11, 12, 13, 14, 15, 16, 17, 18, 19, 20, 21, 22, 23, 24, 25, 26, 27, 28, 29, 30, 31, 32, 33, 34, 35, 36, 37, 38, 39, 40, 41, 42, 43, 44, 45, 46, 47, 48, 49, 50, 51, 52, 53, 54, 55, 56, 57, 58, 59, 60, 61, 62, 63, 64 ]:
 Order := 126886932185884164103433389335161480802865516174545192198801894375214704230400000000000000 > |
[ 12, 38, 8, 50, 2, 5, 46, 36, 30, 14, 29, 9, 58, 31, 24, 20, 64, 15, 18, 62, 13, 1, 21, 23, 32, 28, 22, 10, 61, 59, 11, 41, 27, 63, 49, 4, 48, 35, 26, 47, 45, 54, 40, 43, 57, 39, 7, 19, 33, 37, 6, 60, 51, 52, 44, 3, 42, 56, 53, 16, 55, 17, 25, 34 ],
[ 3, 10, 16, 22, 18, 26, 1, 33, 36, 41, 5, 43, 2, 51, 53, 11, 56, 32, 30, 13, 42, 55, 6, 45, 4, 25, 58, 59, 54, 47, 57, 7, 29, 8, 31, 62, 12, 24, 9, 27, 37, 28, 20, 49, 39, 34, 17, 63, 21, 64, 48, 14, 46, 15, 60, 35, 19, 52, 50, 23, 38, 61, 40, 44 ],
[ 4, 11, 17, 9, 23, 14, 30, 1, 37, 42, 35, 7, 49, 2, 5, 55, 36, 57, 51, 3, 60, 40, 38, 54, 48, 45, 8, 6, 16, 39, 52, 26, 44, 50, 61, 34, 59, 13, 53, 12, 18, 31, 64, 22, 10, 32, 63, 41, 56, 25, 15, 29, 28, 21, 62, 27, 24, 20, 19, 58, 33, 43, 46, 47 ]
];
s`MonodromyGroup := PermutationGroup<64 |  
\[ 12, 38, 8, 50, 2, 5, 46, 36, 30, 14, 29, 9, 58, 31, 24, 20, 64, 15, 18, 62, 13, 1, 21, 23, 32, 28, 22, 10, 61, 59, 11, 41, 27, 63, 49, 4, 48, 35, 26, 47, 45, 54, 40, 43, 57, 39, 7, 19, 33, 37, 6, 60, 51, 52, 44, 3, 42, 56, 53, 16, 55, 17, 25, 34 ],
\[ 3, 10, 16, 22, 18, 26, 1, 33, 36, 41, 5, 43, 2, 51, 53, 11, 56, 32, 30, 13, 42, 55, 6, 45, 4, 25, 58, 59, 54, 47, 57, 7, 29, 8, 31, 62, 12, 24, 9, 27, 37, 28, 20, 49, 39, 34, 17, 63, 21, 64, 48, 14, 46, 15, 60, 35, 19, 52, 50, 23, 38, 61, 40, 44 ],
\[ 4, 11, 17, 9, 23, 14, 30, 1, 37, 42, 35, 7, 49, 2, 5, 55, 36, 57, 51, 3, 60, 40, 38, 54, 48, 45, 8, 6, 16, 39, 52, 26, 44, 50, 61, 34, 59, 13, 53, 12, 18, 31, 64, 22, 10, 32, 63, 41, 56, 25, 15, 29, 28, 21, 62, 27, 24, 20, 19, 58, 33, 43, 46, 47 ] >;

/*
Edge printing
*/

s`Edges := [];
edge1 := TwoEdgeInitialize();
edge1`Blocks := {@ PowerSet(IntegerRing()) |
{ IntegerRing() | 1, 5 },
{ IntegerRing() | 2, 12 },
{ IntegerRing() | 3, 18 },
{ IntegerRing() | 4, 23 },
{ IntegerRing() | 6, 22 },
{ IntegerRing() | 7, 11 },
{ IntegerRing() | 8, 15 },
{ IntegerRing() | 9, 38 },
{ IntegerRing() | 10, 43 },
{ IntegerRing() | 13, 37 },
{ IntegerRing() | 14, 40 },
{ IntegerRing() | 16, 32 },
{ IntegerRing() | 17, 57 },
{ IntegerRing() | 19, 56 },
{ IntegerRing() | 20, 41 },
{ IntegerRing() | 21, 50 },
{ IntegerRing() | 24, 36 },
{ IntegerRing() | 25, 60 },
{ IntegerRing() | 26, 55 },
{ IntegerRing() | 27, 51 },
{ IntegerRing() | 28, 44 },
{ IntegerRing() | 29, 46 },
{ IntegerRing() | 30, 35 },
{ IntegerRing() | 31, 47 },
{ IntegerRing() | 33, 53 },
{ IntegerRing() | 34, 54 },
{ IntegerRing() | 39, 61 },
{ IntegerRing() | 42, 64 },
{ IntegerRing() | 45, 62 },
{ IntegerRing() | 48, 58 },
{ IntegerRing() | 49, 59 },
{ IntegerRing() | 52, 63 }
@};
edge1`UpstairsTriple := [ PermutationGroup<64 |  
\[ 2, 3, 4, 5, 6, 7, 8, 9, 10, 11, 12, 13, 14, 15, 16, 17, 18, 19, 20, 21, 22, 23, 24, 25, 26, 27, 28, 29, 30, 31, 32, 33, 34, 35, 36, 37, 38, 39, 40, 41, 42, 43, 44, 45, 46, 47, 48, 49, 50, 51, 52, 53, 54, 55, 56, 57, 58, 59, 60, 61, 62, 63, 64, 1 ],
\[ 2, 1, 3, 4, 5, 6, 7, 8, 9, 10, 11, 12, 13, 14, 15, 16, 17, 18, 19, 20, 21, 22, 23, 24, 25, 26, 27, 28, 29, 30, 31, 32, 33, 34, 35, 36, 37, 38, 39, 40, 41, 42, 43, 44, 45, 46, 47, 48, 49, 50, 51, 52, 53, 54, 55, 56, 57, 58, 59, 60, 61, 62, 63, 64 ]:
 Order := 126886932185884164103433389335161480802865516174545192198801894375214704230400000000000000 > |
[ 12, 38, 8, 50, 2, 5, 46, 36, 30, 14, 29, 9, 58, 31, 24, 20, 64, 15, 18, 62, 13, 1, 21, 23, 32, 28, 22, 10, 61, 59, 11, 41, 27, 63, 49, 4, 48, 35, 26, 47, 45, 54, 40, 43, 57, 39, 7, 19, 33, 37, 6, 60, 51, 52, 44, 3, 42, 56, 53, 16, 55, 17, 25, 34 ],
[ 3, 10, 16, 22, 18, 26, 1, 33, 36, 41, 5, 43, 2, 51, 53, 11, 56, 32, 30, 13, 42, 55, 6, 45, 4, 25, 58, 59, 54, 47, 57, 7, 29, 8, 31, 62, 12, 24, 9, 27, 37, 28, 20, 49, 39, 34, 17, 63, 21, 64, 48, 14, 46, 15, 60, 35, 19, 52, 50, 23, 38, 61, 40, 44 ],
[ 4, 11, 17, 9, 23, 14, 30, 1, 37, 42, 35, 7, 49, 2, 5, 55, 36, 57, 51, 3, 60, 40, 38, 54, 48, 45, 8, 6, 16, 39, 52, 26, 44, 50, 61, 34, 59, 13, 53, 12, 18, 31, 64, 22, 10, 32, 63, 41, 56, 25, 15, 29, 28, 21, 62, 27, 24, 20, 19, 58, 33, 43, 46, 47 ]
];
edge1`UpstairsFilename := "64S44-16,8,16-g25-52017077.m";
edge1`DownstairsTriple := [ PermutationGroup<32 |  
\[ 2, 3, 4, 5, 6, 7, 8, 9, 10, 11, 12, 13, 14, 15, 16, 17, 18, 19, 20, 21, 22, 23, 24, 25, 26, 27, 28, 29, 30, 31, 32, 1 ],
\[ 2, 1, 3, 4, 5, 6, 7, 8, 9, 10, 11, 12, 13, 14, 15, 16, 17, 18, 19, 20, 21, 22, 23, 24, 25, 26, 27, 28, 29, 30, 31, 32 ]:
 Order := 263130836933693530167218012160000000 > |
[ 11, 28, 8, 10, 2, 5, 12, 13, 26, 25, 9, 29, 4, 21, 18, 14, 16, 32, 1, 7, 20, 15, 3, 19, 31, 30, 24, 22, 17, 27, 23, 6 ],
[ 3, 8, 15, 19, 16, 23, 1, 27, 13, 5, 14, 2, 32, 18, 7, 30, 22, 25, 17, 6, 24, 4, 26, 31, 11, 20, 12, 21, 9, 10, 28, 29 ],
[ 4, 10, 6, 9, 20, 13, 26, 1, 25, 22, 7, 15, 2, 5, 17, 19, 32, 3, 21, 28, 11, 31, 24, 8, 30, 29, 16, 12, 27, 23, 18, 14 ]
];
edge1`DownstairsFilename := "32S12-8,4,8-g9-2546277561.m";
Append(~s`Edges, edge1);
edge2 := TwoEdgeInitialize();
edge2`Blocks := {@ PowerSet(IntegerRing()) |
{ IntegerRing() | 1, 5 },
{ IntegerRing() | 2, 12 },
{ IntegerRing() | 3, 18 },
{ IntegerRing() | 4, 23 },
{ IntegerRing() | 6, 22 },
{ IntegerRing() | 7, 11 },
{ IntegerRing() | 8, 15 },
{ IntegerRing() | 9, 38 },
{ IntegerRing() | 10, 43 },
{ IntegerRing() | 13, 37 },
{ IntegerRing() | 14, 40 },
{ IntegerRing() | 16, 56 },
{ IntegerRing() | 17, 58 },
{ IntegerRing() | 19, 57 },
{ IntegerRing() | 20, 41 },
{ IntegerRing() | 21, 50 },
{ IntegerRing() | 24, 36 },
{ IntegerRing() | 25, 60 },
{ IntegerRing() | 26, 55 },
{ IntegerRing() | 27, 51 },
{ IntegerRing() | 28, 44 },
{ IntegerRing() | 29, 46 },
{ IntegerRing() | 30, 35 },
{ IntegerRing() | 31, 47 },
{ IntegerRing() | 32, 48 },
{ IntegerRing() | 33, 53 },
{ IntegerRing() | 34, 54 },
{ IntegerRing() | 39, 59 },
{ IntegerRing() | 42, 64 },
{ IntegerRing() | 45, 62 },
{ IntegerRing() | 49, 61 },
{ IntegerRing() | 52, 63 }
@};
edge2`UpstairsTriple := [ PermutationGroup<64 |  
\[ 2, 3, 4, 5, 6, 7, 8, 9, 10, 11, 12, 13, 14, 15, 16, 17, 18, 19, 20, 21, 22, 23, 24, 25, 26, 27, 28, 29, 30, 31, 32, 33, 34, 35, 36, 37, 38, 39, 40, 41, 42, 43, 44, 45, 46, 47, 48, 49, 50, 51, 52, 53, 54, 55, 56, 57, 58, 59, 60, 61, 62, 63, 64, 1 ],
\[ 2, 1, 3, 4, 5, 6, 7, 8, 9, 10, 11, 12, 13, 14, 15, 16, 17, 18, 19, 20, 21, 22, 23, 24, 25, 26, 27, 28, 29, 30, 31, 32, 33, 34, 35, 36, 37, 38, 39, 40, 41, 42, 43, 44, 45, 46, 47, 48, 49, 50, 51, 52, 53, 54, 55, 56, 57, 58, 59, 60, 61, 62, 63, 64 ]:
 Order := 126886932185884164103433389335161480802865516174545192198801894375214704230400000000000000 > |
[ 12, 38, 8, 50, 2, 5, 46, 36, 30, 14, 29, 9, 61, 31, 24, 20, 64, 15, 18, 62, 13, 1, 21, 23, 32, 28, 22, 10, 59, 56, 11, 53, 27, 63, 16, 4, 49, 35, 19, 47, 45, 54, 40, 43, 58, 39, 7, 33, 26, 37, 6, 60, 51, 52, 44, 41, 3, 42, 57, 48, 55, 17, 25, 34 ],
[ 3, 10, 16, 22, 18, 26, 1, 33, 36, 41, 5, 43, 2, 51, 53, 21, 57, 56, 25, 29, 42, 55, 6, 45, 4, 30, 59, 32, 54, 47, 58, 7, 13, 8, 31, 62, 12, 24, 9, 27, 46, 28, 20, 48, 49, 34, 17, 11, 63, 64, 39, 14, 37, 15, 35, 50, 60, 19, 38, 23, 52, 61, 40, 44 ],
[ 4, 11, 17, 9, 23, 14, 30, 1, 37, 42, 35, 7, 16, 2, 5, 55, 36, 58, 51, 3, 60, 40, 38, 54, 49, 45, 8, 6, 48, 39, 52, 19, 44, 50, 59, 34, 56, 13, 41, 12, 18, 31, 64, 22, 10, 32, 63, 57, 53, 25, 15, 29, 28, 21, 62, 26, 27, 24, 20, 61, 33, 43, 46, 47 ]
];
edge2`UpstairsFilename := "64S44-16,8,16-g25-4098084723.m";
edge2`DownstairsTriple := [ PermutationGroup<32 |  
\[ 2, 3, 4, 5, 6, 7, 8, 9, 10, 11, 12, 13, 14, 15, 16, 17, 18, 19, 20, 21, 22, 23, 24, 25, 26, 27, 28, 29, 30, 31, 32, 1 ],
\[ 2, 1, 3, 4, 5, 6, 7, 8, 9, 10, 11, 12, 13, 14, 15, 16, 17, 18, 19, 20, 21, 22, 23, 24, 25, 26, 27, 28, 29, 30, 31, 32 ]:
 Order := 263130836933693530167218012160000000 > |
[ 11, 29, 8, 10, 2, 5, 12, 13, 26, 25, 9, 30, 4, 21, 18, 14, 16, 32, 1, 7, 20, 27, 3, 19, 31, 15, 28, 24, 22, 23, 17, 6 ],
[ 3, 8, 15, 19, 16, 23, 1, 28, 13, 5, 14, 2, 32, 18, 10, 27, 26, 12, 17, 6, 24, 4, 22, 30, 11, 20, 7, 25, 21, 9, 29, 31 ],
[ 4, 10, 6, 9, 20, 13, 26, 1, 25, 22, 7, 27, 2, 5, 17, 19, 32, 3, 21, 29, 11, 31, 24, 8, 15, 30, 23, 16, 12, 18, 28, 14 ]
];
edge2`DownstairsFilename := "32S17-16,8,16-g13-298338810.m";
Append(~s`Edges, edge2);
edge3 := TwoEdgeInitialize();
edge3`Blocks := {@ PowerSet(IntegerRing()) |
{ IntegerRing() | 1, 5 },
{ IntegerRing() | 2, 11 },
{ IntegerRing() | 3, 16 },
{ IntegerRing() | 4, 20 },
{ IntegerRing() | 6, 19 },
{ IntegerRing() | 7, 10 },
{ IntegerRing() | 8, 14 },
{ IntegerRing() | 9, 29 },
{ IntegerRing() | 12, 25 },
{ IntegerRing() | 13, 21 },
{ IntegerRing() | 15, 36 },
{ IntegerRing() | 17, 23 },
{ IntegerRing() | 18, 28 },
{ IntegerRing() | 22, 26 },
{ IntegerRing() | 24, 34 },
{ IntegerRing() | 27, 31 },
{ IntegerRing() | 30, 32 },
{ IntegerRing() | 33, 44 },
{ IntegerRing() | 35, 52 },
{ IntegerRing() | 37, 39 },
{ IntegerRing() | 38, 41 },
{ IntegerRing() | 40, 43 },
{ IntegerRing() | 42, 45 },
{ IntegerRing() | 46, 48 },
{ IntegerRing() | 47, 49 },
{ IntegerRing() | 50, 60 },
{ IntegerRing() | 51, 63 },
{ IntegerRing() | 53, 55 },
{ IntegerRing() | 54, 57 },
{ IntegerRing() | 56, 58 },
{ IntegerRing() | 59, 61 },
{ IntegerRing() | 62, 64 }
@};
edge3`UpstairsTriple := [ PermutationGroup<64 |  
\[ 2, 3, 4, 5, 6, 7, 8, 9, 10, 11, 12, 13, 14, 15, 16, 17, 18, 19, 20, 21, 22, 23, 24, 25, 26, 27, 28, 29, 30, 31, 32, 33, 34, 35, 36, 37, 38, 39, 40, 41, 42, 43, 44, 45, 46, 47, 48, 49, 50, 51, 52, 53, 54, 55, 56, 57, 58, 59, 60, 61, 62, 63, 64, 1 ],
\[ 2, 1, 3, 4, 5, 6, 7, 8, 9, 10, 11, 12, 13, 14, 15, 16, 17, 18, 19, 20, 21, 22, 23, 24, 25, 26, 27, 28, 29, 30, 31, 32, 33, 34, 35, 36, 37, 38, 39, 40, 41, 42, 43, 44, 45, 46, 47, 48, 49, 50, 51, 52, 53, 54, 55, 56, 57, 58, 59, 60, 61, 62, 63, 64 ]:
 Order := 126886932185884164103433389335161480802865516174545192198801894375214704230400000000000000 > |
[ 11, 29, 8, 10, 2, 5, 12, 13, 26, 25, 9, 30, 4, 21, 18, 14, 16, 34, 1, 7, 20, 27, 3, 19, 32, 31, 44, 24, 22, 42, 33, 45, 49, 6, 38, 28, 36, 43, 15, 23, 40, 48, 17, 47, 46, 50, 61, 60, 59, 62, 54, 41, 52, 58, 35, 39, 56, 37, 51, 64, 63, 53, 57, 55 ],
[ 3, 8, 15, 19, 16, 23, 1, 28, 13, 5, 14, 2, 34, 18, 35, 36, 39, 41, 17, 6, 24, 4, 37, 40, 11, 20, 7, 38, 21, 9, 10, 29, 12, 43, 51, 52, 55, 57, 53, 56, 54, 22, 58, 25, 26, 27, 30, 31, 32, 33, 46, 63, 59, 60, 61, 64, 50, 62, 42, 44, 45, 47, 48, 49 ],
[ 4, 10, 6, 9, 20, 13, 26, 1, 25, 22, 7, 27, 2, 5, 17, 19, 34, 3, 21, 29, 11, 32, 24, 8, 31, 30, 42, 16, 12, 33, 45, 44, 48, 14, 37, 23, 43, 15, 40, 18, 36, 47, 28, 46, 49, 61, 60, 59, 50, 51, 53, 39, 58, 35, 56, 38, 52, 41, 64, 63, 62, 57, 55, 54 ]
];
edge3`UpstairsFilename := "64S44-16,8,16-g25-195788277.m";
edge3`DownstairsTriple := [ PermutationGroup<32 |  
\[ 2, 3, 4, 5, 6, 7, 8, 9, 10, 11, 12, 13, 14, 15, 16, 17, 18, 19, 20, 21, 22, 23, 24, 25, 26, 27, 28, 29, 30, 31, 32, 1 ],
\[ 2, 1, 3, 4, 5, 6, 7, 8, 9, 10, 11, 12, 13, 14, 15, 16, 17, 18, 19, 20, 21, 22, 23, 24, 25, 26, 27, 28, 29, 30, 31, 32 ]:
 Order := 263130836933693530167218012160000000 > |
[ 2, 6, 5, 7, 1, 8, 13, 14, 11, 12, 3, 4, 15, 16, 21, 22, 19, 20, 9, 10, 23, 24, 29, 25, 27, 28, 17, 18, 30, 31, 32, 26 ],
[ 10, 12, 18, 3, 20, 4, 5, 7, 26, 9, 28, 11, 1, 13, 2, 15, 31, 17, 32, 19, 6, 21, 8, 23, 29, 25, 30, 27, 14, 16, 22, 24 ],
[ 7, 13, 12, 2, 4, 15, 6, 21, 20, 5, 10, 1, 8, 23, 14, 29, 28, 11, 18, 3, 16, 30, 22, 31, 32, 19, 26, 9, 24, 25, 27, 17 ]
];
edge3`DownstairsFilename := "32S16-16,8,16-g13-4248825990.m";
Append(~s`Edges, edge3);

/*
Return for eval
*/

return s;
