s := TwoDBInitialize();

/*
Magma printing
*/

s`Name := "64S44-16,16,8-g25-3157302440";
s`Filename := "64S44-16,16,8-g25-3157302440.m";
s`Degree := 64;
s`Orders := \[ 16, 16, 8 ];
s`Geometry := "Hyperbolic";
s`Genus := 25;
s`Level := 6;
s`PermutationTriple := [ PermutationGroup<64 |  
\[ 2, 3, 4, 5, 6, 7, 8, 9, 10, 11, 12, 13, 14, 15, 16, 17, 18, 19, 20, 21, 22, 23, 24, 25, 26, 27, 28, 29, 30, 31, 32, 33, 34, 35, 36, 37, 38, 39, 40, 41, 42, 43, 44, 45, 46, 47, 48, 49, 50, 51, 52, 53, 54, 55, 56, 57, 58, 59, 60, 61, 62, 63, 64, 1 ],
\[ 2, 1, 3, 4, 5, 6, 7, 8, 9, 10, 11, 12, 13, 14, 15, 16, 17, 18, 19, 20, 21, 22, 23, 24, 25, 26, 27, 28, 29, 30, 31, 32, 33, 34, 35, 36, 37, 38, 39, 40, 41, 42, 43, 44, 45, 46, 47, 48, 49, 50, 51, 52, 53, 54, 55, 56, 57, 58, 59, 60, 61, 62, 63, 64 ]:
 Order := 126886932185884164103433389335161480802865516174545192198801894375214704230400000000000000 > |
[ 2, 9, 8, 18, 11, 1, 16, 31, 17, 13, 35, 28, 43, 37, 25, 3, 39, 12, 29, 50, 4, 27, 5, 47, 54, 30, 6, 10, 42, 7, 36, 34, 44, 45, 48, 56, 33, 41, 52, 58, 53, 14, 49, 32, 62, 63, 15, 55, 20, 40, 19, 57, 21, 61, 22, 59, 23, 38, 24, 64, 26, 46, 60, 51 ],
[ 3, 10, 9, 6, 15, 12, 1, 32, 31, 17, 38, 2, 34, 16, 35, 33, 43, 37, 21, 23, 42, 4, 40, 5, 51, 27, 7, 44, 30, 14, 39, 36, 8, 49, 54, 45, 28, 48, 56, 11, 19, 18, 52, 13, 59, 47, 60, 53, 62, 63, 61, 20, 22, 55, 26, 57, 24, 64, 46, 25, 29, 50, 58, 41 ],
[ 4, 7, 14, 19, 20, 26, 29, 1, 12, 37, 24, 42, 2, 21, 46, 27, 3, 22, 25, 34, 48, 54, 56, 45, 5, 51, 53, 6, 41, 55, 33, 28, 18, 8, 40, 9, 30, 63, 10, 62, 11, 61, 44, 16, 13, 49, 57, 15, 17, 52, 58, 31, 64, 60, 38, 32, 43, 23, 39, 50, 35, 36, 59, 47 ]
];
s`MonodromyGroup := PermutationGroup<64 |  
\[ 2, 9, 8, 18, 11, 1, 16, 31, 17, 13, 35, 28, 43, 37, 25, 3, 39, 12, 29, 50, 4, 27, 5, 47, 54, 30, 6, 10, 42, 7, 36, 34, 44, 45, 48, 56, 33, 41, 52, 58, 53, 14, 49, 32, 62, 63, 15, 55, 20, 40, 19, 57, 21, 61, 22, 59, 23, 38, 24, 64, 26, 46, 60, 51 ],
\[ 3, 10, 9, 6, 15, 12, 1, 32, 31, 17, 38, 2, 34, 16, 35, 33, 43, 37, 21, 23, 42, 4, 40, 5, 51, 27, 7, 44, 30, 14, 39, 36, 8, 49, 54, 45, 28, 48, 56, 11, 19, 18, 52, 13, 59, 47, 60, 53, 62, 63, 61, 20, 22, 55, 26, 57, 24, 64, 46, 25, 29, 50, 58, 41 ],
\[ 4, 7, 14, 19, 20, 26, 29, 1, 12, 37, 24, 42, 2, 21, 46, 27, 3, 22, 25, 34, 48, 54, 56, 45, 5, 51, 53, 6, 41, 55, 33, 28, 18, 8, 40, 9, 30, 63, 10, 62, 11, 61, 44, 16, 13, 49, 57, 15, 17, 52, 58, 31, 64, 60, 38, 32, 43, 23, 39, 50, 35, 36, 59, 47 ] >;

/*
Edge printing
*/

s`Edges := [];
edge1 := TwoEdgeInitialize();
edge1`Blocks := {@ PowerSet(IntegerRing()) |
{ IntegerRing() | 1, 5 },
{ IntegerRing() | 2, 11 },
{ IntegerRing() | 3, 15 },
{ IntegerRing() | 4, 20 },
{ IntegerRing() | 6, 23 },
{ IntegerRing() | 7, 24 },
{ IntegerRing() | 8, 25 },
{ IntegerRing() | 9, 35 },
{ IntegerRing() | 10, 38 },
{ IntegerRing() | 12, 40 },
{ IntegerRing() | 13, 41 },
{ IntegerRing() | 14, 46 },
{ IntegerRing() | 16, 47 },
{ IntegerRing() | 17, 48 },
{ IntegerRing() | 18, 50 },
{ IntegerRing() | 19, 34 },
{ IntegerRing() | 21, 49 },
{ IntegerRing() | 22, 52 },
{ IntegerRing() | 26, 56 },
{ IntegerRing() | 27, 57 },
{ IntegerRing() | 28, 58 },
{ IntegerRing() | 29, 45 },
{ IntegerRing() | 30, 59 },
{ IntegerRing() | 31, 54 },
{ IntegerRing() | 32, 51 },
{ IntegerRing() | 33, 60 },
{ IntegerRing() | 36, 61 },
{ IntegerRing() | 37, 63 },
{ IntegerRing() | 39, 55 },
{ IntegerRing() | 42, 62 },
{ IntegerRing() | 43, 53 },
{ IntegerRing() | 44, 64 }
@};
edge1`UpstairsTriple := [ PermutationGroup<64 |  
\[ 2, 3, 4, 5, 6, 7, 8, 9, 10, 11, 12, 13, 14, 15, 16, 17, 18, 19, 20, 21, 22, 23, 24, 25, 26, 27, 28, 29, 30, 31, 32, 33, 34, 35, 36, 37, 38, 39, 40, 41, 42, 43, 44, 45, 46, 47, 48, 49, 50, 51, 52, 53, 54, 55, 56, 57, 58, 59, 60, 61, 62, 63, 64, 1 ],
\[ 2, 1, 3, 4, 5, 6, 7, 8, 9, 10, 11, 12, 13, 14, 15, 16, 17, 18, 19, 20, 21, 22, 23, 24, 25, 26, 27, 28, 29, 30, 31, 32, 33, 34, 35, 36, 37, 38, 39, 40, 41, 42, 43, 44, 45, 46, 47, 48, 49, 50, 51, 52, 53, 54, 55, 56, 57, 58, 59, 60, 61, 62, 63, 64 ]:
 Order := 126886932185884164103433389335161480802865516174545192198801894375214704230400000000000000 > |
[ 2, 9, 8, 18, 11, 1, 16, 31, 17, 13, 35, 28, 43, 37, 25, 3, 39, 12, 29, 50, 4, 27, 5, 47, 54, 30, 6, 10, 42, 7, 36, 34, 44, 45, 48, 56, 33, 41, 52, 58, 53, 14, 49, 32, 62, 63, 15, 55, 20, 40, 19, 57, 21, 61, 22, 59, 23, 38, 24, 64, 26, 46, 60, 51 ],
[ 3, 10, 9, 6, 15, 12, 1, 32, 31, 17, 38, 2, 34, 16, 35, 33, 43, 37, 21, 23, 42, 4, 40, 5, 51, 27, 7, 44, 30, 14, 39, 36, 8, 49, 54, 45, 28, 48, 56, 11, 19, 18, 52, 13, 59, 47, 60, 53, 62, 63, 61, 20, 22, 55, 26, 57, 24, 64, 46, 25, 29, 50, 58, 41 ],
[ 4, 7, 14, 19, 20, 26, 29, 1, 12, 37, 24, 42, 2, 21, 46, 27, 3, 22, 25, 34, 48, 54, 56, 45, 5, 51, 53, 6, 41, 55, 33, 28, 18, 8, 40, 9, 30, 63, 10, 62, 11, 61, 44, 16, 13, 49, 57, 15, 17, 52, 58, 31, 64, 60, 38, 32, 43, 23, 39, 50, 35, 36, 59, 47 ]
];
edge1`UpstairsFilename := "64S44-16,16,8-g25-3157302440.m";
edge1`DownstairsTriple := [ PermutationGroup<32 |  
\[ 2, 3, 4, 5, 6, 7, 8, 9, 10, 11, 12, 13, 14, 15, 16, 17, 18, 19, 20, 21, 22, 23, 24, 25, 26, 27, 28, 29, 30, 31, 32, 1 ],
\[ 2, 1, 3, 4, 5, 6, 7, 8, 9, 10, 11, 12, 13, 14, 15, 16, 17, 18, 19, 20, 21, 22, 23, 24, 25, 26, 27, 28, 29, 30, 31, 32 ]:
 Order := 263130836933693530167218012160000000 > |
[ 11, 28, 8, 10, 2, 5, 12, 13, 17, 16, 9, 3, 29, 26, 14, 15, 32, 1, 25, 7, 20, 24, 4, 18, 30, 31, 19, 27, 21, 6, 23, 22 ],
[ 3, 8, 9, 18, 15, 12, 1, 27, 13, 5, 14, 2, 32, 17, 28, 11, 31, 16, 23, 6, 24, 4, 30, 7, 20, 19, 29, 26, 25, 10, 22, 21 ],
[ 4, 10, 6, 19, 20, 23, 25, 1, 16, 22, 7, 24, 2, 5, 18, 30, 3, 21, 8, 32, 27, 13, 17, 31, 26, 11, 15, 12, 9, 29, 28, 14 ]
];
edge1`DownstairsFilename := "32S12-8,8,4-g9-3706648111.m";
Append(~s`Edges, edge1);
edge2 := TwoEdgeInitialize();
edge2`Blocks := {@ PowerSet(IntegerRing()) |
{ IntegerRing() | 1, 5 },
{ IntegerRing() | 2, 12 },
{ IntegerRing() | 3, 17 },
{ IntegerRing() | 4, 23 },
{ IntegerRing() | 6, 21 },
{ IntegerRing() | 7, 11 },
{ IntegerRing() | 8, 15 },
{ IntegerRing() | 9, 38 },
{ IntegerRing() | 10, 42 },
{ IntegerRing() | 13, 37 },
{ IntegerRing() | 14, 40 },
{ IntegerRing() | 16, 56 },
{ IntegerRing() | 18, 44 },
{ IntegerRing() | 19, 35 },
{ IntegerRing() | 20, 49 },
{ IntegerRing() | 22, 59 },
{ IntegerRing() | 24, 55 },
{ IntegerRing() | 25, 57 },
{ IntegerRing() | 26, 58 },
{ IntegerRing() | 27, 47 },
{ IntegerRing() | 28, 43 },
{ IntegerRing() | 29, 45 },
{ IntegerRing() | 30, 46 },
{ IntegerRing() | 31, 36 },
{ IntegerRing() | 32, 53 },
{ IntegerRing() | 33, 54 },
{ IntegerRing() | 34, 51 },
{ IntegerRing() | 39, 60 },
{ IntegerRing() | 41, 64 },
{ IntegerRing() | 48, 62 },
{ IntegerRing() | 50, 61 },
{ IntegerRing() | 52, 63 }
@};
edge2`UpstairsTriple := [ PermutationGroup<64 |  
\[ 2, 3, 4, 5, 6, 7, 8, 9, 10, 11, 12, 13, 14, 15, 16, 17, 18, 19, 20, 21, 22, 23, 24, 25, 26, 27, 28, 29, 30, 31, 32, 33, 34, 35, 36, 37, 38, 39, 40, 41, 42, 43, 44, 45, 46, 47, 48, 49, 50, 51, 52, 53, 54, 55, 56, 57, 58, 59, 60, 61, 62, 63, 64, 1 ],
\[ 2, 1, 3, 4, 5, 6, 7, 8, 9, 10, 11, 12, 13, 14, 15, 16, 17, 18, 19, 20, 21, 22, 23, 24, 25, 26, 27, 28, 29, 30, 31, 32, 33, 34, 35, 36, 37, 38, 39, 40, 41, 42, 43, 44, 45, 46, 47, 48, 49, 50, 51, 52, 53, 54, 55, 56, 57, 58, 59, 60, 61, 62, 63, 64 ]:
 Order := 126886932185884164103433389335161480802865516174545192198801894375214704230400000000000000 > |
[ 12, 38, 8, 49, 2, 5, 44, 36, 19, 14, 18, 9, 28, 61, 31, 64, 15, 17, 59, 13, 1, 29, 20, 23, 27, 30, 21, 10, 62, 11, 60, 34, 63, 57, 22, 39, 43, 35, 24, 50, 54, 40, 42, 3, 48, 7, 6, 56, 37, 26, 25, 53, 51, 52, 4, 41, 47, 46, 45, 55, 58, 16, 32, 33 ],
[ 3, 10, 9, 21, 17, 13, 1, 32, 36, 35, 5, 42, 2, 51, 53, 44, 38, 54, 50, 41, 37, 55, 6, 48, 4, 47, 7, 52, 46, 56, 22, 39, 8, 26, 61, 59, 12, 31, 57, 34, 28, 19, 63, 33, 30, 16, 11, 20, 64, 45, 58, 14, 60, 15, 62, 18, 23, 27, 24, 25, 29, 49, 40, 43 ],
[ 4, 11, 16, 22, 23, 26, 29, 1, 37, 41, 45, 7, 48, 2, 5, 55, 56, 47, 3, 57, 58, 10, 59, 32, 14, 19, 60, 6, 31, 34, 54, 43, 49, 8, 17, 33, 62, 13, 9, 12, 30, 64, 21, 27, 36, 51, 39, 50, 25, 63, 15, 18, 28, 20, 53, 24, 40, 35, 42, 38, 52, 61, 44, 46 ]
];
edge2`UpstairsFilename := "64S44-16,16,8-g25-1650804978.m";
edge2`DownstairsTriple := [ PermutationGroup<32 |  
\[ 2, 3, 4, 5, 6, 7, 8, 9, 10, 11, 12, 13, 14, 15, 16, 17, 18, 19, 20, 21, 22, 23, 24, 25, 26, 27, 28, 29, 30, 31, 32, 1 ],
\[ 2, 1, 3, 4, 5, 6, 7, 8, 9, 10, 11, 12, 13, 14, 15, 16, 17, 18, 19, 20, 21, 22, 23, 24, 25, 26, 27, 28, 29, 30, 31, 32 ]:
 Order := 263130836933693530167218012160000000 > |
[ 11, 29, 8, 10, 2, 5, 12, 13, 17, 16, 9, 3, 30, 26, 14, 15, 19, 1, 25, 7, 20, 24, 4, 18, 31, 32, 28, 22, 27, 23, 6, 21 ],
[ 3, 8, 9, 18, 15, 12, 1, 27, 13, 5, 14, 2, 19, 17, 29, 11, 32, 16, 23, 6, 24, 4, 31, 7, 20, 28, 30, 21, 26, 22, 10, 25 ],
[ 4, 10, 6, 19, 20, 23, 25, 1, 16, 22, 7, 24, 2, 5, 18, 31, 3, 21, 14, 28, 17, 26, 27, 30, 13, 11, 15, 8, 12, 9, 32, 29 ]
];
edge2`DownstairsFilename := "32S17-16,16,8-g13-2223030602.m";
Append(~s`Edges, edge2);
edge3 := TwoEdgeInitialize();
edge3`Blocks := {@ PowerSet(IntegerRing()) |
{ IntegerRing() | 1, 5 },
{ IntegerRing() | 2, 11 },
{ IntegerRing() | 3, 15 },
{ IntegerRing() | 4, 20 },
{ IntegerRing() | 6, 14 },
{ IntegerRing() | 7, 18 },
{ IntegerRing() | 8, 10 },
{ IntegerRing() | 9, 29 },
{ IntegerRing() | 12, 16 },
{ IntegerRing() | 13, 26 },
{ IntegerRing() | 17, 27 },
{ IntegerRing() | 19, 37 },
{ IntegerRing() | 21, 23 },
{ IntegerRing() | 22, 25 },
{ IntegerRing() | 24, 32 },
{ IntegerRing() | 28, 31 },
{ IntegerRing() | 30, 33 },
{ IntegerRing() | 34, 44 },
{ IntegerRing() | 35, 45 },
{ IntegerRing() | 36, 53 },
{ IntegerRing() | 38, 40 },
{ IntegerRing() | 39, 42 },
{ IntegerRing() | 41, 43 },
{ IntegerRing() | 46, 48 },
{ IntegerRing() | 47, 49 },
{ IntegerRing() | 50, 60 },
{ IntegerRing() | 51, 61 },
{ IntegerRing() | 52, 63 },
{ IntegerRing() | 54, 56 },
{ IntegerRing() | 55, 58 },
{ IntegerRing() | 57, 59 },
{ IntegerRing() | 62, 64 }
@};
edge3`UpstairsTriple := [ PermutationGroup<64 |  
\[ 2, 3, 4, 5, 6, 7, 8, 9, 10, 11, 12, 13, 14, 15, 16, 17, 18, 19, 20, 21, 22, 23, 24, 25, 26, 27, 28, 29, 30, 31, 32, 33, 34, 35, 36, 37, 38, 39, 40, 41, 42, 43, 44, 45, 46, 47, 48, 49, 50, 51, 52, 53, 54, 55, 56, 57, 58, 59, 60, 61, 62, 63, 64, 1 ],
\[ 2, 1, 3, 4, 5, 6, 7, 8, 9, 10, 11, 12, 13, 14, 15, 16, 17, 18, 19, 20, 21, 22, 23, 24, 25, 26, 27, 28, 29, 30, 31, 32, 33, 34, 35, 36, 37, 38, 39, 40, 41, 42, 43, 44, 45, 46, 47, 48, 49, 50, 51, 52, 53, 54, 55, 56, 57, 58, 59, 60, 61, 62, 63, 64 ]:
 Order := 126886932185884164103433389335161480802865516174545192198801894375214704230400000000000000 > |
[ 2, 9, 8, 18, 11, 1, 16, 26, 17, 13, 29, 15, 33, 5, 10, 3, 31, 12, 25, 7, 4, 24, 20, 6, 32, 30, 28, 34, 27, 45, 44, 14, 35, 47, 46, 42, 22, 19, 41, 37, 21, 43, 23, 49, 48, 60, 51, 50, 61, 64, 63, 58, 39, 36, 57, 53, 38, 59, 40, 62, 52, 56, 55, 54 ],
[ 3, 10, 9, 6, 15, 12, 1, 27, 26, 17, 8, 2, 28, 16, 29, 11, 33, 5, 21, 14, 32, 4, 24, 7, 20, 31, 30, 35, 13, 34, 45, 18, 44, 48, 47, 38, 23, 43, 19, 41, 22, 37, 25, 46, 49, 61, 60, 51, 50, 52, 64, 54, 40, 59, 36, 57, 39, 53, 42, 63, 62, 58, 56, 55 ],
[ 4, 7, 14, 19, 20, 23, 25, 1, 12, 5, 18, 32, 2, 21, 6, 24, 3, 22, 36, 37, 40, 42, 38, 41, 39, 11, 15, 8, 16, 9, 10, 43, 29, 13, 17, 52, 53, 56, 58, 54, 57, 55, 59, 26, 27, 28, 30, 31, 33, 34, 35, 46, 63, 51, 60, 61, 64, 50, 62, 44, 45, 47, 48, 49 ]
];
edge3`UpstairsFilename := "64S44-16,16,8-g25-3761679731.m";
edge3`DownstairsTriple := [ PermutationGroup<32 |  
\[ 2, 3, 4, 5, 6, 7, 8, 9, 10, 11, 12, 13, 14, 15, 16, 17, 18, 19, 20, 21, 22, 23, 24, 25, 26, 27, 28, 29, 30, 31, 32, 1 ],
\[ 2, 1, 3, 4, 5, 6, 7, 8, 9, 10, 11, 12, 13, 14, 15, 16, 17, 18, 19, 20, 21, 22, 23, 24, 25, 26, 27, 28, 29, 30, 31, 32 ]:
 Order := 263130836933693530167218012160000000 > |
[ 2, 6, 5, 7, 1, 8, 13, 14, 11, 12, 3, 4, 15, 16, 21, 22, 19, 20, 9, 10, 23, 24, 29, 25, 27, 28, 17, 18, 30, 31, 32, 26 ],
[ 7, 13, 12, 2, 4, 15, 6, 21, 20, 5, 10, 1, 8, 23, 14, 29, 28, 11, 18, 3, 16, 30, 22, 31, 32, 19, 26, 9, 24, 25, 27, 17 ],
[ 10, 12, 18, 3, 20, 4, 5, 7, 26, 9, 28, 11, 1, 13, 2, 15, 31, 17, 32, 19, 6, 21, 8, 23, 29, 25, 30, 27, 14, 16, 22, 24 ]
];
edge3`DownstairsFilename := "32S16-16,16,8-g13-847166019.m";
Append(~s`Edges, edge3);

/*
Return for eval
*/

return s;
