s := TwoDBInitialize();

/*
Magma printing
*/

s`Name := "64S48-4,4,16-g15-317855442";
s`Filename := "64S48-4,4,16-g15-317855442.m";
s`Degree := 64;
s`Orders := \[ 4, 4, 16 ];
s`Geometry := "Hyperbolic";
s`Genus := 15;
s`Level := 6;
s`PermutationTriple := [ PermutationGroup<64 |  
\[ 2, 3, 4, 5, 6, 7, 8, 9, 10, 11, 12, 13, 14, 15, 16, 17, 18, 19, 20, 21, 22, 23, 24, 25, 26, 27, 28, 29, 30, 31, 32, 33, 34, 35, 36, 37, 38, 39, 40, 41, 42, 43, 44, 45, 46, 47, 48, 49, 50, 51, 52, 53, 54, 55, 56, 57, 58, 59, 60, 61, 62, 63, 64, 1 ],
\[ 2, 1, 3, 4, 5, 6, 7, 8, 9, 10, 11, 12, 13, 14, 15, 16, 17, 18, 19, 20, 21, 22, 23, 24, 25, 26, 27, 28, 29, 30, 31, 32, 33, 34, 35, 36, 37, 38, 39, 40, 41, 42, 43, 44, 45, 46, 47, 48, 49, 50, 51, 52, 53, 54, 55, 56, 57, 58, 59, 60, 61, 62, 63, 64 ]:
 Order := 126886932185884164103433389335161480802865516174545192198801894375214704230400000000000000 > |
[ 2, 9, 8, 19, 11, 1, 26, 22, 6, 13, 14, 21, 24, 18, 35, 23, 3, 5, 12, 34, 4, 17, 7, 25, 10, 16, 38, 30, 37, 27, 39, 41, 42, 32, 29, 46, 15, 28, 33, 55, 20, 31, 54, 51, 53, 45, 50, 57, 58, 49, 43, 56, 36, 44, 48, 61, 40, 47, 64, 62, 63, 59, 52, 60 ],
[ 3, 10, 14, 6, 16, 24, 1, 28, 22, 18, 4, 2, 20, 7, 17, 9, 27, 12, 31, 21, 33, 5, 15, 11, 32, 29, 23, 26, 8, 36, 25, 19, 13, 47, 44, 37, 43, 45, 40, 41, 49, 48, 30, 38, 35, 60, 42, 34, 39, 56, 52, 53, 59, 61, 62, 57, 64, 63, 51, 54, 46, 58, 55, 50 ],
[ 4, 7, 15, 20, 10, 16, 27, 1, 12, 31, 22, 32, 2, 24, 36, 28, 9, 3, 11, 40, 18, 29, 5, 33, 6, 14, 43, 44, 45, 8, 47, 48, 49, 13, 23, 52, 26, 17, 19, 56, 25, 21, 59, 60, 61, 30, 62, 63, 64, 34, 35, 58, 38, 37, 39, 51, 42, 41, 55, 57, 50, 46, 54, 53 ]
];
s`MonodromyGroup := PermutationGroup<64 |  
\[ 2, 9, 8, 19, 11, 1, 26, 22, 6, 13, 14, 21, 24, 18, 35, 23, 3, 5, 12, 34, 4, 17, 7, 25, 10, 16, 38, 30, 37, 27, 39, 41, 42, 32, 29, 46, 15, 28, 33, 55, 20, 31, 54, 51, 53, 45, 50, 57, 58, 49, 43, 56, 36, 44, 48, 61, 40, 47, 64, 62, 63, 59, 52, 60 ],
\[ 3, 10, 14, 6, 16, 24, 1, 28, 22, 18, 4, 2, 20, 7, 17, 9, 27, 12, 31, 21, 33, 5, 15, 11, 32, 29, 23, 26, 8, 36, 25, 19, 13, 47, 44, 37, 43, 45, 40, 41, 49, 48, 30, 38, 35, 60, 42, 34, 39, 56, 52, 53, 59, 61, 62, 57, 64, 63, 51, 54, 46, 58, 55, 50 ],
\[ 4, 7, 15, 20, 10, 16, 27, 1, 12, 31, 22, 32, 2, 24, 36, 28, 9, 3, 11, 40, 18, 29, 5, 33, 6, 14, 43, 44, 45, 8, 47, 48, 49, 13, 23, 52, 26, 17, 19, 56, 25, 21, 59, 60, 61, 30, 62, 63, 64, 34, 35, 58, 38, 37, 39, 51, 42, 41, 55, 57, 50, 46, 54, 53 ] >;

/*
Edge printing
*/

s`Edges := [];
edge1 := TwoEdgeInitialize();
edge1`Blocks := {@ PowerSet(IntegerRing()) |
{ IntegerRing() | 1, 5 },
{ IntegerRing() | 2, 11 },
{ IntegerRing() | 3, 16 },
{ IntegerRing() | 4, 10 },
{ IntegerRing() | 6, 18 },
{ IntegerRing() | 7, 22 },
{ IntegerRing() | 8, 23 },
{ IntegerRing() | 9, 14 },
{ IntegerRing() | 12, 24 },
{ IntegerRing() | 13, 19 },
{ IntegerRing() | 15, 28 },
{ IntegerRing() | 17, 26 },
{ IntegerRing() | 20, 31 },
{ IntegerRing() | 21, 25 },
{ IntegerRing() | 27, 29 },
{ IntegerRing() | 30, 35 },
{ IntegerRing() | 32, 33 },
{ IntegerRing() | 34, 39 },
{ IntegerRing() | 36, 44 },
{ IntegerRing() | 37, 38 },
{ IntegerRing() | 40, 47 },
{ IntegerRing() | 41, 42 },
{ IntegerRing() | 43, 45 },
{ IntegerRing() | 46, 51 },
{ IntegerRing() | 48, 49 },
{ IntegerRing() | 50, 55 },
{ IntegerRing() | 52, 60 },
{ IntegerRing() | 53, 54 },
{ IntegerRing() | 56, 62 },
{ IntegerRing() | 57, 58 },
{ IntegerRing() | 59, 61 },
{ IntegerRing() | 63, 64 }
@};
edge1`UpstairsTriple := [ PermutationGroup<64 |  
\[ 2, 3, 4, 5, 6, 7, 8, 9, 10, 11, 12, 13, 14, 15, 16, 17, 18, 19, 20, 21, 22, 23, 24, 25, 26, 27, 28, 29, 30, 31, 32, 33, 34, 35, 36, 37, 38, 39, 40, 41, 42, 43, 44, 45, 46, 47, 48, 49, 50, 51, 52, 53, 54, 55, 56, 57, 58, 59, 60, 61, 62, 63, 64, 1 ],
\[ 2, 1, 3, 4, 5, 6, 7, 8, 9, 10, 11, 12, 13, 14, 15, 16, 17, 18, 19, 20, 21, 22, 23, 24, 25, 26, 27, 28, 29, 30, 31, 32, 33, 34, 35, 36, 37, 38, 39, 40, 41, 42, 43, 44, 45, 46, 47, 48, 49, 50, 51, 52, 53, 54, 55, 56, 57, 58, 59, 60, 61, 62, 63, 64 ]:
 Order := 126886932185884164103433389335161480802865516174545192198801894375214704230400000000000000 > |
[ 2, 9, 8, 19, 11, 1, 26, 22, 6, 13, 14, 21, 24, 18, 35, 23, 3, 5, 12, 34, 4, 17, 7, 25, 10, 16, 38, 30, 37, 27, 39, 41, 42, 32, 29, 46, 15, 28, 33, 55, 20, 31, 54, 51, 53, 45, 50, 57, 58, 49, 43, 56, 36, 44, 48, 61, 40, 47, 64, 62, 63, 59, 52, 60 ],
[ 3, 10, 14, 6, 16, 24, 1, 28, 22, 18, 4, 2, 20, 7, 17, 9, 27, 12, 31, 21, 33, 5, 15, 11, 32, 29, 23, 26, 8, 36, 25, 19, 13, 47, 44, 37, 43, 45, 40, 41, 49, 48, 30, 38, 35, 60, 42, 34, 39, 56, 52, 53, 59, 61, 62, 57, 64, 63, 51, 54, 46, 58, 55, 50 ],
[ 4, 7, 15, 20, 10, 16, 27, 1, 12, 31, 22, 32, 2, 24, 36, 28, 9, 3, 11, 40, 18, 29, 5, 33, 6, 14, 43, 44, 45, 8, 47, 48, 49, 13, 23, 52, 26, 17, 19, 56, 25, 21, 59, 60, 61, 30, 62, 63, 64, 34, 35, 58, 38, 37, 39, 51, 42, 41, 55, 57, 50, 46, 54, 53 ]
];
edge1`UpstairsFilename := "64S48-4,4,16-g15-317855442.m";
edge1`DownstairsTriple := [ PermutationGroup<32 |  
\[ 2, 3, 4, 5, 6, 7, 8, 9, 10, 11, 12, 13, 14, 15, 16, 17, 18, 19, 20, 21, 22, 23, 24, 25, 26, 27, 28, 29, 30, 31, 32, 1 ],
\[ 2, 1, 3, 4, 5, 6, 7, 8, 9, 10, 11, 12, 13, 14, 15, 16, 17, 18, 19, 20, 21, 22, 23, 24, 25, 26, 27, 28, 29, 30, 31, 32 ]:
 Order := 263130836933693530167218012160000000 > |
[ 2, 5, 8, 10, 6, 1, 12, 7, 14, 9, 16, 3, 18, 4, 20, 15, 22, 17, 24, 11, 26, 13, 28, 23, 30, 25, 29, 19, 31, 21, 32, 27 ],
[ 3, 4, 5, 6, 7, 9, 1, 11, 2, 13, 12, 15, 14, 17, 8, 19, 10, 21, 20, 23, 22, 25, 16, 27, 18, 29, 28, 31, 30, 32, 24, 26 ],
[ 4, 7, 11, 13, 9, 3, 15, 1, 17, 2, 19, 5, 21, 6, 23, 8, 25, 10, 27, 12, 29, 14, 31, 16, 32, 18, 30, 20, 24, 22, 26, 28 ]
];
edge1`DownstairsFilename := "32S14-4,4,8-g7-2955434971.m";
Append(~s`Edges, edge1);
edge2 := TwoEdgeInitialize();
edge2`Blocks := {@ PowerSet(IntegerRing()) |
{ IntegerRing() | 1, 5 },
{ IntegerRing() | 2, 11 },
{ IntegerRing() | 3, 7 },
{ IntegerRing() | 4, 20 },
{ IntegerRing() | 6, 18 },
{ IntegerRing() | 8, 14 },
{ IntegerRing() | 9, 30 },
{ IntegerRing() | 10, 12 },
{ IntegerRing() | 13, 21 },
{ IntegerRing() | 15, 24 },
{ IntegerRing() | 16, 25 },
{ IntegerRing() | 17, 23 },
{ IntegerRing() | 19, 33 },
{ IntegerRing() | 22, 26 },
{ IntegerRing() | 27, 28 },
{ IntegerRing() | 29, 35 },
{ IntegerRing() | 31, 32 },
{ IntegerRing() | 34, 42 },
{ IntegerRing() | 36, 38 },
{ IntegerRing() | 37, 43 },
{ IntegerRing() | 39, 41 },
{ IntegerRing() | 40, 49 },
{ IntegerRing() | 44, 45 },
{ IntegerRing() | 46, 51 },
{ IntegerRing() | 47, 48 },
{ IntegerRing() | 50, 57 },
{ IntegerRing() | 52, 54 },
{ IntegerRing() | 53, 59 },
{ IntegerRing() | 55, 58 },
{ IntegerRing() | 56, 64 },
{ IntegerRing() | 60, 61 },
{ IntegerRing() | 62, 63 }
@};
edge2`UpstairsTriple := [ PermutationGroup<64 |  
\[ 2, 3, 4, 5, 6, 7, 8, 9, 10, 11, 12, 13, 14, 15, 16, 17, 18, 19, 20, 21, 22, 23, 24, 25, 26, 27, 28, 29, 30, 31, 32, 33, 34, 35, 36, 37, 38, 39, 40, 41, 42, 43, 44, 45, 46, 47, 48, 49, 50, 51, 52, 53, 54, 55, 56, 57, 58, 59, 60, 61, 62, 63, 64, 1 ],
\[ 2, 1, 3, 4, 5, 6, 7, 8, 9, 10, 11, 12, 13, 14, 15, 16, 17, 18, 19, 20, 21, 22, 23, 24, 25, 26, 27, 28, 29, 30, 31, 32, 33, 34, 35, 36, 37, 38, 39, 40, 41, 42, 43, 44, 45, 46, 47, 48, 49, 50, 51, 52, 53, 54, 55, 56, 57, 58, 59, 60, 61, 62, 63, 64 ]:
 Order := 126886932185884164103433389335161480802865516174545192198801894375214704230400000000000000 > |
[ 11, 30, 8, 23, 2, 5, 14, 22, 18, 13, 9, 21, 4, 26, 38, 7, 12, 1, 42, 17, 20, 25, 10, 36, 3, 16, 29, 35, 24, 6, 39, 41, 34, 32, 15, 27, 46, 28, 19, 58, 33, 31, 51, 54, 52, 45, 50, 57, 55, 40, 44, 37, 56, 43, 48, 61, 49, 47, 64, 62, 63, 59, 53, 60 ],
[ 3, 10, 5, 18, 7, 4, 1, 27, 22, 11, 12, 2, 33, 28, 25, 15, 31, 20, 13, 6, 19, 30, 32, 16, 24, 9, 14, 8, 37, 26, 23, 17, 21, 47, 43, 45, 35, 44, 49, 39, 40, 48, 29, 36, 38, 60, 42, 34, 41, 64, 61, 59, 52, 53, 63, 50, 56, 62, 54, 51, 46, 55, 58, 57 ],
[ 4, 3, 15, 19, 20, 22, 24, 1, 10, 31, 7, 32, 2, 5, 37, 30, 18, 26, 40, 33, 11, 28, 6, 43, 9, 27, 44, 45, 8, 12, 47, 48, 49, 13, 14, 25, 53, 16, 17, 56, 23, 21, 59, 60, 61, 29, 63, 62, 64, 34, 35, 36, 55, 38, 39, 54, 42, 41, 58, 50, 57, 46, 51, 52 ]
];
edge2`UpstairsFilename := "64S48-4,4,16-g15-3752766742.m";
edge2`DownstairsTriple := [ PermutationGroup<32 |  
\[ 2, 3, 4, 5, 6, 7, 8, 9, 10, 11, 12, 13, 14, 15, 16, 17, 18, 19, 20, 21, 22, 23, 24, 25, 26, 27, 28, 29, 30, 31, 32, 1 ],
\[ 2, 1, 3, 4, 5, 6, 7, 8, 9, 10, 11, 12, 13, 14, 15, 16, 17, 18, 19, 20, 21, 22, 23, 24, 25, 26, 27, 28, 29, 30, 31, 32 ]:
 Order := 263130836933693530167218012160000000 > |
[ 2, 5, 7, 13, 6, 1, 11, 9, 4, 19, 12, 3, 8, 18, 16, 10, 21, 17, 15, 24, 14, 29, 27, 23, 26, 22, 20, 30, 25, 31, 32, 28 ],
[ 3, 8, 1, 6, 11, 4, 15, 2, 14, 12, 5, 10, 17, 9, 7, 20, 13, 25, 23, 16, 22, 21, 19, 31, 18, 30, 28, 27, 32, 26, 24, 29 ],
[ 4, 3, 10, 14, 8, 11, 1, 17, 2, 20, 15, 5, 6, 22, 23, 7, 25, 9, 12, 28, 13, 30, 31, 16, 32, 18, 19, 29, 21, 27, 26, 24 ]
];
edge2`DownstairsFilename := "32S19-4,2,16-g4-204151030.m";
Append(~s`Edges, edge2);
edge3 := TwoEdgeInitialize();
edge3`Blocks := {@ PowerSet(IntegerRing()) |
{ IntegerRing() | 1, 5 },
{ IntegerRing() | 2, 6 },
{ IntegerRing() | 3, 14 },
{ IntegerRing() | 4, 10 },
{ IntegerRing() | 7, 21 },
{ IntegerRing() | 8, 15 },
{ IntegerRing() | 9, 22 },
{ IntegerRing() | 11, 23 },
{ IntegerRing() | 12, 31 },
{ IntegerRing() | 13, 28 },
{ IntegerRing() | 16, 20 },
{ IntegerRing() | 17, 19 },
{ IntegerRing() | 18, 32 },
{ IntegerRing() | 24, 26 },
{ IntegerRing() | 25, 27 },
{ IntegerRing() | 29, 38 },
{ IntegerRing() | 30, 33 },
{ IntegerRing() | 34, 41 },
{ IntegerRing() | 35, 37 },
{ IntegerRing() | 36, 45 },
{ IntegerRing() | 39, 42 },
{ IntegerRing() | 40, 48 },
{ IntegerRing() | 43, 44 },
{ IntegerRing() | 46, 53 },
{ IntegerRing() | 47, 49 },
{ IntegerRing() | 50, 58 },
{ IntegerRing() | 51, 54 },
{ IntegerRing() | 52, 61 },
{ IntegerRing() | 55, 57 },
{ IntegerRing() | 56, 63 },
{ IntegerRing() | 59, 60 },
{ IntegerRing() | 62, 64 }
@};
edge3`UpstairsTriple := [ PermutationGroup<64 |  
\[ 2, 3, 4, 5, 6, 7, 8, 9, 10, 11, 12, 13, 14, 15, 16, 17, 18, 19, 20, 21, 22, 23, 24, 25, 26, 27, 28, 29, 30, 31, 32, 33, 34, 35, 36, 37, 38, 39, 40, 41, 42, 43, 44, 45, 46, 47, 48, 49, 50, 51, 52, 53, 54, 55, 56, 57, 58, 59, 60, 61, 62, 63, 64, 1 ],
\[ 2, 1, 3, 4, 5, 6, 7, 8, 9, 10, 11, 12, 13, 14, 15, 16, 17, 18, 19, 20, 21, 22, 23, 24, 25, 26, 27, 28, 29, 30, 31, 32, 33, 34, 35, 36, 37, 38, 39, 40, 41, 42, 43, 44, 45, 46, 47, 48, 49, 50, 51, 52, 53, 54, 55, 56, 57, 58, 59, 60, 61, 62, 63, 64 ]:
 Order := 126886932185884164103433389335161480802865516174545192198801894375214704230400000000000000 > |
[ 2, 5, 8, 17, 6, 1, 24, 14, 11, 19, 22, 16, 35, 15, 3, 31, 10, 34, 4, 12, 26, 23, 9, 21, 38, 7, 29, 37, 25, 39, 20, 41, 42, 32, 28, 46, 13, 27, 33, 55, 18, 30, 54, 51, 53, 45, 50, 57, 58, 49, 43, 56, 36, 44, 48, 61, 40, 47, 64, 62, 63, 59, 52, 60 ],
[ 3, 9, 12, 6, 14, 22, 1, 27, 16, 2, 18, 7, 15, 31, 25, 10, 30, 19, 33, 4, 5, 20, 32, 28, 26, 13, 24, 8, 36, 23, 21, 17, 11, 47, 44, 37, 43, 45, 40, 41, 49, 48, 29, 38, 35, 60, 42, 34, 39, 56, 52, 53, 59, 61, 62, 57, 64, 63, 51, 54, 46, 58, 55, 50 ],
[ 4, 7, 13, 18, 10, 21, 25, 1, 30, 32, 2, 22, 36, 28, 5, 3, 20, 40, 16, 14, 27, 33, 6, 12, 43, 31, 44, 45, 8, 47, 9, 48, 49, 11, 26, 52, 24, 15, 17, 56, 23, 19, 59, 60, 61, 29, 62, 63, 64, 34, 35, 58, 38, 37, 39, 51, 42, 41, 55, 57, 50, 46, 54, 53 ]
];
edge3`UpstairsFilename := "64S48-4,4,16-g15-1847037026.m";
edge3`DownstairsTriple := [ PermutationGroup<32 |  
\[ 2, 3, 4, 5, 6, 7, 8, 9, 10, 11, 12, 13, 14, 15, 16, 17, 18, 19, 20, 21, 22, 23, 24, 25, 26, 27, 28, 29, 30, 31, 32, 1 ],
\[ 2, 1, 3, 4, 5, 6, 7, 8, 9, 10, 11, 12, 13, 14, 15, 16, 17, 18, 19, 20, 21, 22, 23, 24, 25, 26, 27, 28, 29, 30, 31, 32 ]:
 Order := 263130836933693530167218012160000000 > |
[ 2, 1, 7, 12, 9, 14, 3, 10, 5, 8, 19, 4, 18, 6, 16, 15, 21, 13, 11, 24, 17, 29, 27, 20, 26, 25, 23, 30, 22, 28, 32, 31 ],
[ 3, 8, 5, 2, 6, 1, 15, 9, 4, 13, 7, 17, 12, 11, 14, 20, 10, 25, 23, 19, 22, 18, 16, 31, 21, 30, 28, 24, 32, 29, 27, 26 ],
[ 4, 6, 11, 13, 8, 15, 1, 17, 3, 2, 20, 9, 22, 5, 23, 7, 25, 10, 14, 28, 12, 30, 31, 16, 32, 18, 19, 26, 21, 27, 29, 24 ]
];
edge3`DownstairsFilename := "32S19-2,4,16-g4-2419321330.m";
Append(~s`Edges, edge3);

/*
Return for eval
*/

return s;
