s := TwoDBInitialize();

/*
Magma printing
*/

s`Name := "64S47-16,4,4-g15-1487647228";
s`Filename := "64S47-16,4,4-g15-1487647228.m";
s`Degree := 64;
s`Orders := \[ 16, 4, 4 ];
s`Geometry := "Hyperbolic";
s`Genus := 15;
s`Level := 6;
s`PermutationTriple := [ PermutationGroup<64 |  
\[ 2, 3, 4, 5, 6, 7, 8, 9, 10, 11, 12, 13, 14, 15, 16, 17, 18, 19, 20, 21, 22, 23, 24, 25, 26, 27, 28, 29, 30, 31, 32, 33, 34, 35, 36, 37, 38, 39, 40, 41, 42, 43, 44, 45, 46, 47, 48, 49, 50, 51, 52, 53, 54, 55, 56, 57, 58, 59, 60, 61, 62, 63, 64, 1 ],
\[ 2, 1, 3, 4, 5, 6, 7, 8, 9, 10, 11, 12, 13, 14, 15, 16, 17, 18, 19, 20, 21, 22, 23, 24, 25, 26, 27, 28, 29, 30, 31, 32, 33, 34, 35, 36, 37, 38, 39, 40, 41, 42, 43, 44, 45, 46, 47, 48, 49, 50, 51, 52, 53, 54, 55, 56, 57, 58, 59, 60, 61, 62, 63, 64 ]:
 Order := 126886932185884164103433389335161480802865516174545192198801894375214704230400000000000000 > |
[ 2, 9, 8, 16, 11, 1, 4, 23, 24, 3, 26, 7, 15, 21, 29, 33, 34, 13, 5, 17, 38, 6, 40, 41, 10, 43, 12, 14, 46, 20, 32, 48, 49, 50, 18, 31, 19, 54, 22, 56, 53, 25, 55, 27, 28, 60, 30, 62, 61, 58, 35, 36, 37, 57, 39, 59, 42, 44, 45, 64, 47, 63, 51, 52 ],
[ 3, 10, 13, 6, 14, 8, 1, 18, 25, 15, 28, 2, 7, 31, 12, 22, 19, 4, 21, 5, 36, 23, 35, 42, 29, 45, 9, 32, 27, 11, 20, 30, 39, 37, 16, 17, 38, 52, 40, 51, 57, 46, 59, 24, 48, 44, 26, 47, 55, 53, 33, 34, 54, 64, 56, 63, 60, 41, 62, 58, 43, 61, 49, 50 ],
[ 4, 7, 2, 13, 17, 16, 15, 1, 12, 9, 20, 29, 8, 11, 3, 18, 31, 23, 34, 32, 5, 33, 6, 27, 24, 30, 46, 26, 10, 48, 21, 14, 35, 36, 40, 38, 50, 19, 49, 22, 44, 41, 47, 60, 43, 25, 62, 28, 51, 52, 56, 54, 58, 37, 61, 39, 53, 64, 55, 42, 63, 45, 59, 57 ]
];
s`MonodromyGroup := PermutationGroup<64 |  
\[ 2, 9, 8, 16, 11, 1, 4, 23, 24, 3, 26, 7, 15, 21, 29, 33, 34, 13, 5, 17, 38, 6, 40, 41, 10, 43, 12, 14, 46, 20, 32, 48, 49, 50, 18, 31, 19, 54, 22, 56, 53, 25, 55, 27, 28, 60, 30, 62, 61, 58, 35, 36, 37, 57, 39, 59, 42, 44, 45, 64, 47, 63, 51, 52 ],
\[ 3, 10, 13, 6, 14, 8, 1, 18, 25, 15, 28, 2, 7, 31, 12, 22, 19, 4, 21, 5, 36, 23, 35, 42, 29, 45, 9, 32, 27, 11, 20, 30, 39, 37, 16, 17, 38, 52, 40, 51, 57, 46, 59, 24, 48, 44, 26, 47, 55, 53, 33, 34, 54, 64, 56, 63, 60, 41, 62, 58, 43, 61, 49, 50 ],
\[ 4, 7, 2, 13, 17, 16, 15, 1, 12, 9, 20, 29, 8, 11, 3, 18, 31, 23, 34, 32, 5, 33, 6, 27, 24, 30, 46, 26, 10, 48, 21, 14, 35, 36, 40, 38, 50, 19, 49, 22, 44, 41, 47, 60, 43, 25, 62, 28, 51, 52, 56, 54, 58, 37, 61, 39, 53, 64, 55, 42, 63, 45, 59, 57 ] >;

/*
Edge printing
*/

s`Edges := [];
edge1 := TwoEdgeInitialize();
edge1`Blocks := {@ PowerSet(IntegerRing()) |
{ IntegerRing() | 1, 5 },
{ IntegerRing() | 2, 11 },
{ IntegerRing() | 3, 14 },
{ IntegerRing() | 4, 17 },
{ IntegerRing() | 6, 19 },
{ IntegerRing() | 7, 20 },
{ IntegerRing() | 8, 21 },
{ IntegerRing() | 9, 26 },
{ IntegerRing() | 10, 28 },
{ IntegerRing() | 12, 30 },
{ IntegerRing() | 13, 31 },
{ IntegerRing() | 15, 32 },
{ IntegerRing() | 16, 34 },
{ IntegerRing() | 18, 36 },
{ IntegerRing() | 22, 37 },
{ IntegerRing() | 23, 38 },
{ IntegerRing() | 24, 43 },
{ IntegerRing() | 25, 45 },
{ IntegerRing() | 27, 47 },
{ IntegerRing() | 29, 48 },
{ IntegerRing() | 33, 50 },
{ IntegerRing() | 35, 52 },
{ IntegerRing() | 39, 53 },
{ IntegerRing() | 40, 54 },
{ IntegerRing() | 41, 55 },
{ IntegerRing() | 42, 59 },
{ IntegerRing() | 44, 61 },
{ IntegerRing() | 46, 62 },
{ IntegerRing() | 49, 58 },
{ IntegerRing() | 51, 64 },
{ IntegerRing() | 56, 57 },
{ IntegerRing() | 60, 63 }
@};
edge1`UpstairsTriple := [ PermutationGroup<64 |  
\[ 2, 3, 4, 5, 6, 7, 8, 9, 10, 11, 12, 13, 14, 15, 16, 17, 18, 19, 20, 21, 22, 23, 24, 25, 26, 27, 28, 29, 30, 31, 32, 33, 34, 35, 36, 37, 38, 39, 40, 41, 42, 43, 44, 45, 46, 47, 48, 49, 50, 51, 52, 53, 54, 55, 56, 57, 58, 59, 60, 61, 62, 63, 64, 1 ],
\[ 2, 1, 3, 4, 5, 6, 7, 8, 9, 10, 11, 12, 13, 14, 15, 16, 17, 18, 19, 20, 21, 22, 23, 24, 25, 26, 27, 28, 29, 30, 31, 32, 33, 34, 35, 36, 37, 38, 39, 40, 41, 42, 43, 44, 45, 46, 47, 48, 49, 50, 51, 52, 53, 54, 55, 56, 57, 58, 59, 60, 61, 62, 63, 64 ]:
 Order := 126886932185884164103433389335161480802865516174545192198801894375214704230400000000000000 > |
[ 2, 9, 8, 16, 11, 1, 4, 23, 24, 3, 26, 7, 15, 21, 29, 33, 34, 13, 5, 17, 38, 6, 40, 41, 10, 43, 12, 14, 46, 20, 32, 48, 49, 50, 18, 31, 19, 54, 22, 56, 53, 25, 55, 27, 28, 60, 30, 62, 61, 58, 35, 36, 37, 57, 39, 59, 42, 44, 45, 64, 47, 63, 51, 52 ],
[ 3, 10, 13, 6, 14, 8, 1, 18, 25, 15, 28, 2, 7, 31, 12, 22, 19, 4, 21, 5, 36, 23, 35, 42, 29, 45, 9, 32, 27, 11, 20, 30, 39, 37, 16, 17, 38, 52, 40, 51, 57, 46, 59, 24, 48, 44, 26, 47, 55, 53, 33, 34, 54, 64, 56, 63, 60, 41, 62, 58, 43, 61, 49, 50 ],
[ 4, 7, 2, 13, 17, 16, 15, 1, 12, 9, 20, 29, 8, 11, 3, 18, 31, 23, 34, 32, 5, 33, 6, 27, 24, 30, 46, 26, 10, 48, 21, 14, 35, 36, 40, 38, 50, 19, 49, 22, 44, 41, 47, 60, 43, 25, 62, 28, 51, 52, 56, 54, 58, 37, 61, 39, 53, 64, 55, 42, 63, 45, 59, 57 ]
];
edge1`UpstairsFilename := "64S47-16,4,4-g15-1487647228.m";
edge1`DownstairsTriple := [ PermutationGroup<32 |  
\[ 2, 3, 4, 5, 6, 7, 8, 9, 10, 11, 12, 13, 14, 15, 16, 17, 18, 19, 20, 21, 22, 23, 24, 25, 26, 27, 28, 29, 30, 31, 32, 1 ],
\[ 2, 1, 3, 4, 5, 6, 7, 8, 9, 10, 11, 12, 13, 14, 15, 16, 17, 18, 19, 20, 21, 22, 23, 24, 25, 26, 27, 28, 29, 30, 31, 32 ]:
 Order := 263130836933693530167218012160000000 > |
[ 2, 9, 8, 13, 11, 1, 4, 16, 17, 3, 19, 7, 21, 5, 6, 24, 25, 10, 27, 12, 29, 14, 15, 31, 23, 18, 32, 20, 28, 22, 26, 30 ],
[ 3, 10, 5, 6, 7, 8, 1, 14, 18, 11, 12, 2, 15, 4, 16, 22, 26, 19, 20, 9, 23, 13, 24, 30, 31, 27, 28, 17, 25, 21, 32, 29 ],
[ 4, 7, 2, 5, 8, 13, 11, 1, 12, 9, 3, 19, 14, 16, 21, 6, 20, 17, 10, 27, 22, 24, 29, 15, 28, 25, 18, 32, 30, 31, 23, 26 ]
];
edge1`DownstairsFilename := "32S14-8,4,4-g7-1438201893.m";
Append(~s`Edges, edge1);
edge2 := TwoEdgeInitialize();
edge2`Blocks := {@ PowerSet(IntegerRing()) |
{ IntegerRing() | 1, 5 },
{ IntegerRing() | 2, 12 },
{ IntegerRing() | 3, 14 },
{ IntegerRing() | 4, 20 },
{ IntegerRing() | 6, 19 },
{ IntegerRing() | 7, 11 },
{ IntegerRing() | 8, 15 },
{ IntegerRing() | 9, 27 },
{ IntegerRing() | 10, 29 },
{ IntegerRing() | 13, 26 },
{ IntegerRing() | 16, 32 },
{ IntegerRing() | 17, 30 },
{ IntegerRing() | 18, 37 },
{ IntegerRing() | 21, 34 },
{ IntegerRing() | 22, 36 },
{ IntegerRing() | 23, 33 },
{ IntegerRing() | 24, 44 },
{ IntegerRing() | 25, 46 },
{ IntegerRing() | 28, 43 },
{ IntegerRing() | 31, 47 },
{ IntegerRing() | 35, 53 },
{ IntegerRing() | 38, 50 },
{ IntegerRing() | 39, 52 },
{ IntegerRing() | 40, 49 },
{ IntegerRing() | 41, 58 },
{ IntegerRing() | 42, 59 },
{ IntegerRing() | 45, 57 },
{ IntegerRing() | 48, 60 },
{ IntegerRing() | 51, 64 },
{ IntegerRing() | 54, 62 },
{ IntegerRing() | 55, 63 },
{ IntegerRing() | 56, 61 }
@};
edge2`UpstairsTriple := [ PermutationGroup<64 |  
\[ 2, 3, 4, 5, 6, 7, 8, 9, 10, 11, 12, 13, 14, 15, 16, 17, 18, 19, 20, 21, 22, 23, 24, 25, 26, 27, 28, 29, 30, 31, 32, 33, 34, 35, 36, 37, 38, 39, 40, 41, 42, 43, 44, 45, 46, 47, 48, 49, 50, 51, 52, 53, 54, 55, 56, 57, 58, 59, 60, 61, 62, 63, 64, 1 ],
\[ 2, 1, 3, 4, 5, 6, 7, 8, 9, 10, 11, 12, 13, 14, 15, 16, 17, 18, 19, 20, 21, 22, 23, 24, 25, 26, 27, 28, 29, 30, 31, 32, 33, 34, 35, 36, 37, 38, 39, 40, 41, 42, 43, 44, 45, 46, 47, 48, 49, 50, 51, 52, 53, 54, 55, 56, 57, 58, 59, 60, 61, 62, 63, 64 ]:
 Order := 126886932185884164103433389335161480802865516174545192198801894375214704230400000000000000 > |
[ 12, 27, 8, 37, 2, 5, 4, 33, 44, 14, 20, 9, 11, 15, 23, 17, 47, 53, 1, 18, 16, 19, 49, 58, 29, 7, 24, 26, 3, 31, 60, 30, 40, 32, 64, 6, 35, 34, 36, 61, 62, 46, 13, 41, 43, 10, 48, 63, 56, 21, 59, 22, 51, 50, 52, 57, 28, 54, 25, 55, 45, 38, 39, 42 ],
[ 3, 10, 16, 19, 14, 15, 1, 21, 25, 30, 5, 29, 2, 32, 34, 7, 26, 36, 8, 6, 4, 33, 38, 42, 47, 12, 46, 9, 17, 13, 43, 11, 50, 20, 52, 23, 22, 18, 49, 54, 51, 60, 27, 59, 24, 31, 28, 57, 62, 37, 63, 40, 39, 35, 61, 41, 44, 64, 48, 45, 58, 53, 56, 55 ],
[ 4, 11, 12, 16, 20, 18, 17, 1, 26, 27, 30, 7, 31, 2, 5, 8, 3, 34, 37, 32, 33, 35, 6, 43, 44, 47, 13, 48, 9, 14, 10, 15, 19, 23, 50, 53, 21, 49, 51, 22, 57, 58, 60, 28, 55, 24, 29, 25, 36, 40, 62, 64, 38, 61, 42, 39, 63, 45, 41, 46, 52, 56, 59, 54 ]
];
edge2`UpstairsFilename := "64S47-16,4,4-g15-1386283802.m";
edge2`DownstairsTriple := [ PermutationGroup<32 |  
\[ 2, 3, 4, 5, 6, 7, 8, 9, 10, 11, 12, 13, 14, 15, 16, 17, 18, 19, 20, 21, 22, 23, 24, 25, 26, 27, 28, 29, 30, 31, 32, 1 ],
\[ 2, 1, 3, 4, 5, 6, 7, 8, 9, 10, 11, 12, 13, 14, 15, 16, 17, 18, 19, 20, 21, 22, 23, 24, 25, 26, 27, 28, 29, 30, 31, 32 ]:
 Order := 263130836933693530167218012160000000 > |
[ 2, 9, 8, 13, 11, 1, 4, 16, 17, 3, 19, 7, 21, 5, 6, 24, 25, 10, 27, 12, 29, 14, 15, 32, 30, 18, 31, 20, 26, 22, 23, 28 ],
[ 3, 10, 5, 6, 7, 8, 1, 14, 18, 11, 12, 2, 15, 4, 16, 22, 26, 19, 20, 9, 23, 13, 24, 30, 29, 27, 28, 17, 31, 21, 32, 25 ],
[ 4, 7, 2, 5, 8, 13, 11, 1, 12, 9, 3, 19, 14, 16, 21, 6, 20, 17, 10, 27, 22, 24, 29, 15, 28, 25, 18, 31, 30, 32, 26, 23 ]
];
edge2`DownstairsFilename := "32S20-16,4,4-g8-1880743445.m";
Append(~s`Edges, edge2);
edge3 := TwoEdgeInitialize();
edge3`Blocks := {@ PowerSet(IntegerRing()) |
{ IntegerRing() | 1, 5 },
{ IntegerRing() | 2, 11 },
{ IntegerRing() | 3, 7 },
{ IntegerRing() | 4, 8 },
{ IntegerRing() | 6, 14 },
{ IntegerRing() | 9, 19 },
{ IntegerRing() | 10, 12 },
{ IntegerRing() | 13, 16 },
{ IntegerRing() | 15, 22 },
{ IntegerRing() | 17, 27 },
{ IntegerRing() | 18, 20 },
{ IntegerRing() | 21, 24 },
{ IntegerRing() | 23, 30 },
{ IntegerRing() | 25, 35 },
{ IntegerRing() | 26, 28 },
{ IntegerRing() | 29, 32 },
{ IntegerRing() | 31, 38 },
{ IntegerRing() | 33, 43 },
{ IntegerRing() | 34, 36 },
{ IntegerRing() | 37, 40 },
{ IntegerRing() | 39, 46 },
{ IntegerRing() | 41, 51 },
{ IntegerRing() | 42, 44 },
{ IntegerRing() | 45, 48 },
{ IntegerRing() | 47, 54 },
{ IntegerRing() | 49, 59 },
{ IntegerRing() | 50, 52 },
{ IntegerRing() | 53, 56 },
{ IntegerRing() | 55, 62 },
{ IntegerRing() | 57, 64 },
{ IntegerRing() | 58, 60 },
{ IntegerRing() | 61, 63 }
@};
edge3`UpstairsTriple := [ PermutationGroup<64 |  
\[ 2, 3, 4, 5, 6, 7, 8, 9, 10, 11, 12, 13, 14, 15, 16, 17, 18, 19, 20, 21, 22, 23, 24, 25, 26, 27, 28, 29, 30, 31, 32, 33, 34, 35, 36, 37, 38, 39, 40, 41, 42, 43, 44, 45, 46, 47, 48, 49, 50, 51, 52, 53, 54, 55, 56, 57, 58, 59, 60, 61, 62, 63, 64, 1 ],
\[ 2, 1, 3, 4, 5, 6, 7, 8, 9, 10, 11, 12, 13, 14, 15, 16, 17, 18, 19, 20, 21, 22, 23, 24, 25, 26, 27, 28, 29, 30, 31, 32, 33, 34, 35, 36, 37, 38, 39, 40, 41, 42, 43, 44, 45, 46, 47, 48, 49, 50, 51, 52, 53, 54, 55, 56, 57, 58, 59, 60, 61, 62, 63, 64 ]:
 Order := 126886932185884164103433389335161480802865516174545192198801894375214704230400000000000000 > |
[ 2, 9, 8, 13, 11, 1, 4, 16, 17, 3, 19, 7, 21, 5, 6, 24, 25, 10, 27, 12, 29, 14, 15, 32, 33, 18, 35, 20, 37, 22, 23, 40, 41, 26, 43, 28, 45, 30, 31, 48, 49, 34, 51, 36, 53, 38, 39, 56, 57, 42, 59, 44, 61, 46, 47, 63, 55, 50, 64, 52, 60, 54, 58, 62 ],
[ 3, 10, 5, 6, 7, 8, 1, 14, 18, 11, 12, 2, 15, 4, 16, 22, 26, 19, 20, 9, 23, 13, 24, 30, 34, 27, 28, 17, 31, 21, 32, 38, 42, 35, 36, 25, 39, 29, 40, 46, 50, 43, 44, 33, 47, 37, 48, 54, 58, 51, 52, 41, 55, 45, 56, 62, 63, 59, 60, 49, 57, 53, 64, 61 ],
[ 4, 7, 2, 5, 8, 13, 11, 1, 12, 9, 3, 19, 14, 16, 21, 6, 20, 17, 10, 27, 22, 24, 29, 15, 28, 25, 18, 35, 30, 32, 37, 23, 36, 33, 26, 43, 38, 40, 45, 31, 44, 41, 34, 51, 46, 48, 53, 39, 52, 49, 42, 59, 54, 56, 61, 47, 60, 57, 50, 64, 62, 63, 55, 58 ]
];
edge3`UpstairsFilename := "64S47-16,4,4-g15-1198464190.m";
edge3`DownstairsTriple := [ PermutationGroup<32 |  
\[ 2, 3, 4, 5, 6, 7, 8, 9, 10, 11, 12, 13, 14, 15, 16, 17, 18, 19, 20, 21, 22, 23, 24, 25, 26, 27, 28, 29, 30, 31, 32, 1 ],
\[ 2, 1, 3, 4, 5, 6, 7, 8, 9, 10, 11, 12, 13, 14, 15, 16, 17, 18, 19, 20, 21, 22, 23, 24, 25, 26, 27, 28, 29, 30, 31, 32 ]:
 Order := 263130836933693530167218012160000000 > |
[ 2, 7, 4, 11, 9, 1, 15, 3, 17, 12, 19, 20, 5, 6, 23, 8, 25, 10, 27, 28, 13, 14, 29, 16, 30, 18, 32, 31, 21, 22, 24, 26 ],
[ 3, 8, 1, 6, 10, 4, 16, 2, 18, 5, 14, 13, 12, 11, 24, 7, 26, 9, 22, 21, 20, 19, 31, 15, 32, 17, 30, 29, 28, 27, 23, 25 ],
[ 4, 3, 2, 1, 12, 11, 8, 7, 10, 9, 6, 5, 20, 19, 16, 15, 18, 17, 14, 13, 28, 27, 24, 23, 26, 25, 22, 21, 31, 32, 29, 30 ]
];
edge3`DownstairsFilename := "32S18-16,2,2-g0-3937725584.m";
Append(~s`Edges, edge3);

/*
Return for eval
*/

return s;
