s := TwoDBInitialize();

/*
Magma printing
*/

s`Name := "64S4-8,8,4-g17-3401575212";
s`Filename := "64S4-8,8,4-g17-3401575212.m";
s`Degree := 64;
s`Orders := \[ 8, 8, 4 ];
s`Geometry := "Hyperbolic";
s`Genus := 17;
s`Level := 6;
s`PermutationTriple := [ PermutationGroup<64 |  
\[ 2, 3, 4, 5, 6, 7, 8, 9, 10, 11, 12, 13, 14, 15, 16, 17, 18, 19, 20, 21, 22, 23, 24, 25, 26, 27, 28, 29, 30, 31, 32, 33, 34, 35, 36, 37, 38, 39, 40, 41, 42, 43, 44, 45, 46, 47, 48, 49, 50, 51, 52, 53, 54, 55, 56, 57, 58, 59, 60, 61, 62, 63, 64, 1 ],
\[ 2, 1, 3, 4, 5, 6, 7, 8, 9, 10, 11, 12, 13, 14, 15, 16, 17, 18, 19, 20, 21, 22, 23, 24, 25, 26, 27, 28, 29, 30, 31, 32, 33, 34, 35, 36, 37, 38, 39, 40, 41, 42, 43, 44, 45, 46, 47, 48, 49, 50, 51, 52, 53, 54, 55, 56, 57, 58, 59, 60, 61, 62, 63, 64 ]:
 Order := 126886932185884164103433389335161480802865516174545192198801894375214704230400000000000000 > |
[ 12, 37, 8, 60, 2, 5, 43, 50, 51, 14, 26, 9, 18, 55, 33, 19, 40, 15, 42, 36, 1, 30, 20, 23, 46, 29, 45, 21, 41, 61, 11, 47, 38, 22, 16, 3, 34, 57, 48, 52, 39, 59, 63, 28, 7, 17, 56, 62, 44, 64, 49, 54, 58, 53, 27, 35, 4, 25, 32, 13, 6, 31, 10, 24 ],
[ 3, 10, 16, 21, 18, 26, 1, 34, 33, 19, 5, 41, 2, 49, 51, 14, 36, 54, 38, 40, 43, 57, 6, 32, 4, 35, 61, 60, 9, 45, 17, 7, 42, 48, 8, 12, 50, 30, 22, 63, 53, 62, 52, 31, 47, 11, 13, 59, 24, 58, 55, 15, 64, 39, 25, 29, 46, 27, 23, 56, 20, 28, 37, 44 ],
[ 4, 11, 17, 22, 23, 27, 30, 1, 36, 40, 44, 7, 28, 2, 5, 26, 57, 47, 3, 59, 62, 8, 49, 53, 50, 46, 51, 64, 6, 39, 42, 48, 52, 63, 60, 61, 13, 9, 12, 31, 56, 10, 32, 14, 58, 55, 24, 54, 15, 35, 29, 20, 18, 43, 16, 45, 19, 41, 33, 25, 38, 34, 21, 37 ]
];
s`MonodromyGroup := PermutationGroup<64 |  
\[ 12, 37, 8, 60, 2, 5, 43, 50, 51, 14, 26, 9, 18, 55, 33, 19, 40, 15, 42, 36, 1, 30, 20, 23, 46, 29, 45, 21, 41, 61, 11, 47, 38, 22, 16, 3, 34, 57, 48, 52, 39, 59, 63, 28, 7, 17, 56, 62, 44, 64, 49, 54, 58, 53, 27, 35, 4, 25, 32, 13, 6, 31, 10, 24 ],
\[ 3, 10, 16, 21, 18, 26, 1, 34, 33, 19, 5, 41, 2, 49, 51, 14, 36, 54, 38, 40, 43, 57, 6, 32, 4, 35, 61, 60, 9, 45, 17, 7, 42, 48, 8, 12, 50, 30, 22, 63, 53, 62, 52, 31, 47, 11, 13, 59, 24, 58, 55, 15, 64, 39, 25, 29, 46, 27, 23, 56, 20, 28, 37, 44 ],
\[ 4, 11, 17, 22, 23, 27, 30, 1, 36, 40, 44, 7, 28, 2, 5, 26, 57, 47, 3, 59, 62, 8, 49, 53, 50, 46, 51, 64, 6, 39, 42, 48, 52, 63, 60, 61, 13, 9, 12, 31, 56, 10, 32, 14, 58, 55, 24, 54, 15, 35, 29, 20, 18, 43, 16, 45, 19, 41, 33, 25, 38, 34, 21, 37 ] >;

/*
Edge printing
*/

s`Edges := [];
edge1 := TwoEdgeInitialize();
edge1`Blocks := {@ PowerSet(IntegerRing()) |
{ IntegerRing() | 1, 5 },
{ IntegerRing() | 2, 12 },
{ IntegerRing() | 3, 18 },
{ IntegerRing() | 4, 23 },
{ IntegerRing() | 6, 21 },
{ IntegerRing() | 7, 11 },
{ IntegerRing() | 8, 15 },
{ IntegerRing() | 9, 37 },
{ IntegerRing() | 10, 41 },
{ IntegerRing() | 13, 36 },
{ IntegerRing() | 14, 39 },
{ IntegerRing() | 16, 54 },
{ IntegerRing() | 17, 47 },
{ IntegerRing() | 19, 53 },
{ IntegerRing() | 20, 60 },
{ IntegerRing() | 22, 49 },
{ IntegerRing() | 24, 57 },
{ IntegerRing() | 25, 59 },
{ IntegerRing() | 26, 43 },
{ IntegerRing() | 27, 62 },
{ IntegerRing() | 28, 61 },
{ IntegerRing() | 29, 63 },
{ IntegerRing() | 30, 44 },
{ IntegerRing() | 31, 45 },
{ IntegerRing() | 32, 46 },
{ IntegerRing() | 33, 50 },
{ IntegerRing() | 34, 51 },
{ IntegerRing() | 35, 52 },
{ IntegerRing() | 38, 64 },
{ IntegerRing() | 40, 56 },
{ IntegerRing() | 42, 58 },
{ IntegerRing() | 48, 55 }
@};
edge1`UpstairsTriple := [ PermutationGroup<64 |  
\[ 2, 3, 4, 5, 6, 7, 8, 9, 10, 11, 12, 13, 14, 15, 16, 17, 18, 19, 20, 21, 22, 23, 24, 25, 26, 27, 28, 29, 30, 31, 32, 33, 34, 35, 36, 37, 38, 39, 40, 41, 42, 43, 44, 45, 46, 47, 48, 49, 50, 51, 52, 53, 54, 55, 56, 57, 58, 59, 60, 61, 62, 63, 64, 1 ],
\[ 2, 1, 3, 4, 5, 6, 7, 8, 9, 10, 11, 12, 13, 14, 15, 16, 17, 18, 19, 20, 21, 22, 23, 24, 25, 26, 27, 28, 29, 30, 31, 32, 33, 34, 35, 36, 37, 38, 39, 40, 41, 42, 43, 44, 45, 46, 47, 48, 49, 50, 51, 52, 53, 54, 55, 56, 57, 58, 59, 60, 61, 62, 63, 64 ]:
 Order := 126886932185884164103433389335161480802865516174545192198801894375214704230400000000000000 > |
[ 12, 37, 8, 60, 2, 5, 43, 50, 51, 14, 26, 9, 18, 55, 33, 19, 40, 15, 42, 36, 1, 30, 20, 23, 46, 29, 45, 21, 41, 61, 11, 47, 38, 22, 16, 3, 34, 57, 48, 52, 39, 59, 63, 28, 7, 17, 56, 62, 44, 64, 49, 54, 58, 53, 27, 35, 4, 25, 32, 13, 6, 31, 10, 24 ],
[ 3, 10, 16, 21, 18, 26, 1, 34, 33, 19, 5, 41, 2, 49, 51, 14, 36, 54, 38, 40, 43, 57, 6, 32, 4, 35, 61, 60, 9, 45, 17, 7, 42, 48, 8, 12, 50, 30, 22, 63, 53, 62, 52, 31, 47, 11, 13, 59, 24, 58, 55, 15, 64, 39, 25, 29, 46, 27, 23, 56, 20, 28, 37, 44 ],
[ 4, 11, 17, 22, 23, 27, 30, 1, 36, 40, 44, 7, 28, 2, 5, 26, 57, 47, 3, 59, 62, 8, 49, 53, 50, 46, 51, 64, 6, 39, 42, 48, 52, 63, 60, 61, 13, 9, 12, 31, 56, 10, 32, 14, 58, 55, 24, 54, 15, 35, 29, 20, 18, 43, 16, 45, 19, 41, 33, 25, 38, 34, 21, 37 ]
];
edge1`UpstairsFilename := "64S4-8,8,4-g17-3401575212.m";
edge1`DownstairsTriple := [ PermutationGroup<32 |  
\[ 2, 3, 4, 5, 6, 7, 8, 9, 10, 11, 12, 13, 14, 15, 16, 17, 18, 19, 20, 21, 22, 23, 24, 25, 26, 27, 28, 29, 30, 31, 32, 1 ],
\[ 2, 1, 3, 4, 5, 6, 7, 8, 9, 10, 11, 12, 13, 14, 15, 16, 17, 18, 19, 20, 21, 22, 23, 24, 25, 26, 27, 28, 29, 30, 31, 32 ]:
 Order := 263130836933693530167218012160000000 > |
[ 12, 23, 8, 27, 2, 5, 32, 18, 6, 7, 21, 9, 16, 17, 31, 4, 30, 13, 1, 26, 24, 25, 19, 10, 11, 15, 29, 14, 3, 20, 28, 22 ],
[ 3, 10, 14, 19, 16, 21, 1, 6, 18, 15, 5, 25, 2, 11, 29, 26, 13, 30, 32, 4, 20, 9, 27, 23, 17, 7, 31, 8, 12, 24, 22, 28 ],
[ 4, 11, 15, 5, 8, 22, 2, 1, 29, 30, 12, 7, 9, 32, 16, 17, 3, 28, 24, 18, 14, 19, 13, 6, 31, 21, 20, 27, 23, 25, 10, 26 ]
];
edge1`DownstairsFilename := "32S5-8,8,4-g9-574899642.m";
Append(~s`Edges, edge1);
edge2 := TwoEdgeInitialize();
edge2`Blocks := {@ PowerSet(IntegerRing()) |
{ IntegerRing() | 1, 5 },
{ IntegerRing() | 2, 12 },
{ IntegerRing() | 3, 16 },
{ IntegerRing() | 4, 8 },
{ IntegerRing() | 6, 19 },
{ IntegerRing() | 7, 11 },
{ IntegerRing() | 9, 32 },
{ IntegerRing() | 10, 25 },
{ IntegerRing() | 13, 31 },
{ IntegerRing() | 14, 42 },
{ IntegerRing() | 15, 17 },
{ IntegerRing() | 18, 27 },
{ IntegerRing() | 20, 28 },
{ IntegerRing() | 21, 37 },
{ IntegerRing() | 22, 24 },
{ IntegerRing() | 23, 49 },
{ IntegerRing() | 26, 38 },
{ IntegerRing() | 29, 58 },
{ IntegerRing() | 30, 39 },
{ IntegerRing() | 33, 54 },
{ IntegerRing() | 34, 53 },
{ IntegerRing() | 35, 36 },
{ IntegerRing() | 40, 62 },
{ IntegerRing() | 41, 43 },
{ IntegerRing() | 44, 46 },
{ IntegerRing() | 45, 47 },
{ IntegerRing() | 48, 51 },
{ IntegerRing() | 50, 55 },
{ IntegerRing() | 52, 63 },
{ IntegerRing() | 56, 60 },
{ IntegerRing() | 57, 64 },
{ IntegerRing() | 59, 61 }
@};
edge2`UpstairsTriple := [ PermutationGroup<64 |  
\[ 2, 3, 4, 5, 6, 7, 8, 9, 10, 11, 12, 13, 14, 15, 16, 17, 18, 19, 20, 21, 22, 23, 24, 25, 26, 27, 28, 29, 30, 31, 32, 33, 34, 35, 36, 37, 38, 39, 40, 41, 42, 43, 44, 45, 46, 47, 48, 49, 50, 51, 52, 53, 54, 55, 56, 57, 58, 59, 60, 61, 62, 63, 64, 1 ],
\[ 2, 1, 3, 4, 5, 6, 7, 8, 9, 10, 11, 12, 13, 14, 15, 16, 17, 18, 19, 20, 21, 22, 23, 24, 25, 26, 27, 28, 29, 30, 31, 32, 33, 34, 35, 36, 37, 38, 39, 40, 41, 42, 43, 44, 45, 46, 47, 48, 49, 50, 51, 52, 53, 54, 55, 56, 57, 58, 59, 60, 61, 62, 63, 64 ]:
 Order := 126886932185884164103433389335161480802865516174545192198801894375214704230400000000000000 > |
[ 12, 32, 8, 27, 2, 5, 37, 18, 58, 7, 21, 9, 16, 17, 46, 4, 44, 51, 1, 42, 24, 47, 19, 45, 11, 34, 48, 14, 64, 13, 3, 29, 25, 36, 20, 28, 22, 53, 31, 43, 33, 15, 54, 50, 62, 55, 40, 60, 6, 26, 56, 49, 35, 10, 38, 59, 63, 57, 39, 61, 30, 41, 23, 52 ],
[ 3, 10, 14, 19, 16, 21, 1, 6, 30, 34, 5, 25, 2, 40, 31, 42, 13, 35, 37, 4, 50, 49, 27, 23, 53, 7, 36, 8, 41, 44, 12, 39, 9, 48, 54, 33, 55, 11, 46, 57, 28, 62, 20, 24, 15, 22, 17, 52, 18, 59, 63, 47, 51, 32, 61, 26, 56, 43, 29, 38, 58, 64, 45, 60 ],
[ 4, 11, 15, 5, 8, 22, 2, 1, 31, 35, 12, 7, 9, 41, 16, 17, 3, 28, 24, 18, 38, 19, 51, 6, 36, 21, 20, 27, 54, 55, 32, 13, 29, 56, 25, 10, 26, 37, 50, 52, 42, 43, 14, 47, 44, 45, 46, 23, 48, 30, 49, 62, 60, 58, 39, 53, 61, 33, 57, 34, 64, 63, 40, 59 ]
];
edge2`UpstairsFilename := "64S4-8,8,4-g17-1285386847.m";
edge2`DownstairsTriple := [ PermutationGroup<32 |  
\[ 2, 3, 4, 5, 6, 7, 8, 9, 10, 11, 12, 13, 14, 15, 16, 17, 18, 19, 20, 21, 22, 23, 24, 25, 26, 27, 28, 29, 30, 31, 32, 1 ],
\[ 2, 1, 3, 4, 5, 6, 7, 8, 9, 10, 11, 12, 13, 14, 15, 16, 17, 18, 19, 20, 21, 22, 23, 24, 25, 26, 27, 28, 29, 30, 31, 32 ]:
 Order := 263130836933693530167218012160000000 > |
[ 2, 8, 4, 15, 10, 1, 20, 18, 7, 22, 3, 13, 31, 16, 29, 24, 12, 5, 30, 21, 28, 6, 26, 11, 9, 27, 17, 19, 14, 25, 32, 23 ],
[ 3, 9, 12, 6, 14, 20, 1, 24, 26, 28, 2, 19, 11, 23, 27, 18, 4, 30, 5, 32, 22, 15, 7, 31, 8, 29, 25, 13, 10, 17, 21, 16 ],
[ 4, 7, 13, 1, 16, 21, 2, 11, 27, 19, 8, 30, 3, 26, 17, 5, 15, 25, 10, 23, 6, 29, 20, 32, 18, 14, 9, 31, 22, 12, 28, 24 ]
];
edge2`DownstairsFilename := "32S7-8,8,2-g5-1487757405.m";
Append(~s`Edges, edge2);
edge3 := TwoEdgeInitialize();
edge3`Blocks := {@ PowerSet(IntegerRing()) |
{ IntegerRing() | 1, 5 },
{ IntegerRing() | 2, 11 },
{ IntegerRing() | 3, 16 },
{ IntegerRing() | 4, 20 },
{ IntegerRing() | 6, 23 },
{ IntegerRing() | 7, 24 },
{ IntegerRing() | 8, 25 },
{ IntegerRing() | 9, 28 },
{ IntegerRing() | 10, 41 },
{ IntegerRing() | 12, 43 },
{ IntegerRing() | 13, 44 },
{ IntegerRing() | 14, 32 },
{ IntegerRing() | 15, 39 },
{ IntegerRing() | 17, 53 },
{ IntegerRing() | 18, 36 },
{ IntegerRing() | 19, 57 },
{ IntegerRing() | 21, 58 },
{ IntegerRing() | 22, 59 },
{ IntegerRing() | 26, 50 },
{ IntegerRing() | 27, 37 },
{ IntegerRing() | 29, 60 },
{ IntegerRing() | 30, 61 },
{ IntegerRing() | 31, 55 },
{ IntegerRing() | 33, 46 },
{ IntegerRing() | 34, 62 },
{ IntegerRing() | 35, 63 },
{ IntegerRing() | 38, 56 },
{ IntegerRing() | 40, 54 },
{ IntegerRing() | 42, 51 },
{ IntegerRing() | 45, 64 },
{ IntegerRing() | 47, 49 },
{ IntegerRing() | 48, 52 }
@};
edge3`UpstairsTriple := [ PermutationGroup<64 |  
\[ 2, 3, 4, 5, 6, 7, 8, 9, 10, 11, 12, 13, 14, 15, 16, 17, 18, 19, 20, 21, 22, 23, 24, 25, 26, 27, 28, 29, 30, 31, 32, 33, 34, 35, 36, 37, 38, 39, 40, 41, 42, 43, 44, 45, 46, 47, 48, 49, 50, 51, 52, 53, 54, 55, 56, 57, 58, 59, 60, 61, 62, 63, 64, 1 ],
\[ 2, 1, 3, 4, 5, 6, 7, 8, 9, 10, 11, 12, 13, 14, 15, 16, 17, 18, 19, 20, 21, 22, 23, 24, 25, 26, 27, 28, 29, 30, 31, 32, 33, 34, 35, 36, 37, 38, 39, 40, 41, 42, 43, 44, 45, 46, 47, 48, 49, 50, 51, 52, 53, 54, 55, 56, 57, 58, 59, 60, 61, 62, 63, 64 ]:
 Order := 126886932185884164103433389335161480802865516174545192198801894375214704230400000000000000 > |
[ 2, 9, 8, 18, 11, 1, 26, 33, 23, 13, 28, 3, 47, 17, 51, 25, 54, 56, 30, 36, 4, 52, 5, 50, 46, 29, 41, 6, 55, 45, 7, 53, 43, 19, 14, 38, 10, 21, 42, 35, 44, 22, 16, 49, 62, 12, 27, 39, 37, 60, 59, 15, 40, 63, 24, 58, 61, 20, 48, 31, 64, 57, 32, 34 ],
[ 3, 10, 14, 6, 16, 26, 1, 34, 36, 39, 41, 2, 19, 24, 12, 32, 38, 40, 21, 23, 52, 4, 50, 5, 62, 59, 28, 18, 64, 31, 53, 7, 42, 47, 8, 54, 9, 30, 43, 37, 15, 60, 11, 57, 46, 51, 63, 13, 35, 22, 29, 44, 56, 27, 17, 61, 58, 48, 20, 45, 55, 49, 25, 33 ],
[ 4, 7, 15, 19, 20, 27, 30, 1, 12, 40, 24, 45, 2, 49, 21, 39, 3, 22, 8, 57, 17, 33, 37, 61, 5, 32, 34, 43, 6, 13, 42, 47, 35, 29, 18, 59, 62, 9, 58, 31, 54, 10, 64, 11, 38, 63, 48, 26, 52, 14, 41, 50, 16, 55, 51, 28, 25, 53, 46, 23, 44, 60, 36, 56 ]
];
edge3`UpstairsFilename := "64S4-8,8,4-g17-4032743837.m";
edge3`DownstairsTriple := [ PermutationGroup<32 |  
\[ 2, 3, 4, 5, 6, 7, 8, 9, 10, 11, 12, 13, 14, 15, 16, 17, 18, 19, 20, 21, 22, 23, 24, 25, 26, 27, 28, 29, 30, 31, 32, 1 ],
\[ 2, 1, 3, 4, 5, 6, 7, 8, 9, 10, 11, 12, 13, 14, 15, 16, 17, 18, 19, 20, 21, 22, 23, 24, 25, 26, 27, 28, 29, 30, 31, 32 ]:
 Order := 263130836933693530167218012160000000 > |
[ 12, 28, 8, 25, 2, 5, 31, 18, 19, 7, 21, 9, 16, 17, 29, 4, 30, 27, 1, 32, 23, 10, 24, 11, 13, 14, 3, 6, 20, 26, 22, 15 ],
[ 3, 10, 14, 19, 16, 21, 1, 6, 25, 17, 5, 24, 2, 7, 27, 32, 13, 29, 31, 4, 26, 28, 9, 15, 30, 8, 12, 18, 22, 23, 20, 11 ],
[ 4, 11, 15, 5, 8, 22, 2, 1, 27, 29, 12, 7, 9, 21, 16, 17, 3, 26, 23, 18, 32, 19, 6, 30, 20, 25, 28, 13, 24, 10, 14, 31 ]
];
edge3`DownstairsFilename := "32S6-4,4,4-g5-3544149469.m";
Append(~s`Edges, edge3);

/*
Return for eval
*/

return s;
