s := TwoDBInitialize();

/*
Magma printing
*/

s`Name := "64S48-16,4,4-g15-385633729";
s`Filename := "64S48-16,4,4-g15-385633729.m";
s`Degree := 64;
s`Orders := \[ 16, 4, 4 ];
s`Geometry := "Hyperbolic";
s`Genus := 15;
s`Level := 6;
s`PermutationTriple := [ PermutationGroup<64 |  
\[ 2, 3, 4, 5, 6, 7, 8, 9, 10, 11, 12, 13, 14, 15, 16, 17, 18, 19, 20, 21, 22, 23, 24, 25, 26, 27, 28, 29, 30, 31, 32, 33, 34, 35, 36, 37, 38, 39, 40, 41, 42, 43, 44, 45, 46, 47, 48, 49, 50, 51, 52, 53, 54, 55, 56, 57, 58, 59, 60, 61, 62, 63, 64, 1 ],
\[ 2, 1, 3, 4, 5, 6, 7, 8, 9, 10, 11, 12, 13, 14, 15, 16, 17, 18, 19, 20, 21, 22, 23, 24, 25, 26, 27, 28, 29, 30, 31, 32, 33, 34, 35, 36, 37, 38, 39, 40, 41, 42, 43, 44, 45, 46, 47, 48, 49, 50, 51, 52, 53, 54, 55, 56, 57, 58, 59, 60, 61, 62, 63, 64 ]:
 Order := 126886932185884164103433389335161480802865516174545192198801894375214704230400000000000000 > |
[ 12, 33, 8, 24, 2, 5, 22, 26, 49, 3, 4, 9, 7, 29, 18, 14, 16, 37, 43, 1, 27, 19, 15, 39, 20, 45, 36, 11, 46, 21, 60, 10, 31, 13, 17, 53, 52, 28, 59, 23, 6, 30, 55, 41, 61, 62, 44, 32, 47, 34, 35, 64, 63, 38, 54, 25, 40, 42, 50, 56, 51, 48, 57, 58 ],
[ 3, 10, 15, 20, 16, 8, 1, 30, 32, 27, 5, 17, 2, 23, 7, 21, 18, 28, 25, 14, 11, 6, 4, 41, 26, 40, 13, 12, 42, 22, 48, 37, 35, 9, 36, 38, 34, 33, 56, 19, 29, 24, 44, 45, 58, 57, 62, 53, 51, 31, 52, 54, 50, 49, 60, 46, 39, 43, 47, 61, 63, 64, 55, 59 ],
[ 4, 11, 2, 21, 22, 24, 27, 1, 28, 9, 18, 7, 37, 5, 14, 12, 33, 3, 30, 19, 8, 15, 26, 23, 39, 6, 16, 36, 20, 29, 38, 31, 13, 53, 49, 10, 17, 52, 42, 46, 43, 45, 40, 59, 25, 41, 54, 47, 34, 64, 60, 32, 35, 63, 58, 55, 61, 62, 57, 50, 44, 56, 48, 51 ]
];
s`MonodromyGroup := PermutationGroup<64 |  
\[ 12, 33, 8, 24, 2, 5, 22, 26, 49, 3, 4, 9, 7, 29, 18, 14, 16, 37, 43, 1, 27, 19, 15, 39, 20, 45, 36, 11, 46, 21, 60, 10, 31, 13, 17, 53, 52, 28, 59, 23, 6, 30, 55, 41, 61, 62, 44, 32, 47, 34, 35, 64, 63, 38, 54, 25, 40, 42, 50, 56, 51, 48, 57, 58 ],
\[ 3, 10, 15, 20, 16, 8, 1, 30, 32, 27, 5, 17, 2, 23, 7, 21, 18, 28, 25, 14, 11, 6, 4, 41, 26, 40, 13, 12, 42, 22, 48, 37, 35, 9, 36, 38, 34, 33, 56, 19, 29, 24, 44, 45, 58, 57, 62, 53, 51, 31, 52, 54, 50, 49, 60, 46, 39, 43, 47, 61, 63, 64, 55, 59 ],
\[ 4, 11, 2, 21, 22, 24, 27, 1, 28, 9, 18, 7, 37, 5, 14, 12, 33, 3, 30, 19, 8, 15, 26, 23, 39, 6, 16, 36, 20, 29, 38, 31, 13, 53, 49, 10, 17, 52, 42, 46, 43, 45, 40, 59, 25, 41, 54, 47, 34, 64, 60, 32, 35, 63, 58, 55, 61, 62, 57, 50, 44, 56, 48, 51 ] >;

/*
Edge printing
*/

s`Edges := [];
edge1 := TwoEdgeInitialize();
edge1`Blocks := {@ PowerSet(IntegerRing()) |
{ IntegerRing() | 1, 5 },
{ IntegerRing() | 2, 12 },
{ IntegerRing() | 3, 16 },
{ IntegerRing() | 4, 22 },
{ IntegerRing() | 6, 20 },
{ IntegerRing() | 7, 11 },
{ IntegerRing() | 8, 14 },
{ IntegerRing() | 9, 33 },
{ IntegerRing() | 10, 17 },
{ IntegerRing() | 13, 28 },
{ IntegerRing() | 15, 21 },
{ IntegerRing() | 18, 27 },
{ IntegerRing() | 19, 24 },
{ IntegerRing() | 23, 30 },
{ IntegerRing() | 25, 41 },
{ IntegerRing() | 26, 29 },
{ IntegerRing() | 31, 49 },
{ IntegerRing() | 32, 35 },
{ IntegerRing() | 34, 38 },
{ IntegerRing() | 36, 37 },
{ IntegerRing() | 39, 43 },
{ IntegerRing() | 40, 42 },
{ IntegerRing() | 44, 56 },
{ IntegerRing() | 45, 46 },
{ IntegerRing() | 47, 60 },
{ IntegerRing() | 48, 51 },
{ IntegerRing() | 50, 54 },
{ IntegerRing() | 52, 53 },
{ IntegerRing() | 55, 59 },
{ IntegerRing() | 57, 58 },
{ IntegerRing() | 61, 62 },
{ IntegerRing() | 63, 64 }
@};
edge1`UpstairsTriple := [ PermutationGroup<64 |  
\[ 2, 3, 4, 5, 6, 7, 8, 9, 10, 11, 12, 13, 14, 15, 16, 17, 18, 19, 20, 21, 22, 23, 24, 25, 26, 27, 28, 29, 30, 31, 32, 33, 34, 35, 36, 37, 38, 39, 40, 41, 42, 43, 44, 45, 46, 47, 48, 49, 50, 51, 52, 53, 54, 55, 56, 57, 58, 59, 60, 61, 62, 63, 64, 1 ],
\[ 2, 1, 3, 4, 5, 6, 7, 8, 9, 10, 11, 12, 13, 14, 15, 16, 17, 18, 19, 20, 21, 22, 23, 24, 25, 26, 27, 28, 29, 30, 31, 32, 33, 34, 35, 36, 37, 38, 39, 40, 41, 42, 43, 44, 45, 46, 47, 48, 49, 50, 51, 52, 53, 54, 55, 56, 57, 58, 59, 60, 61, 62, 63, 64 ]:
 Order := 126886932185884164103433389335161480802865516174545192198801894375214704230400000000000000 > |
[ 12, 33, 8, 24, 2, 5, 22, 26, 49, 3, 4, 9, 7, 29, 18, 14, 16, 37, 43, 1, 27, 19, 15, 39, 20, 45, 36, 11, 46, 21, 60, 10, 31, 13, 17, 53, 52, 28, 59, 23, 6, 30, 55, 41, 61, 62, 44, 32, 47, 34, 35, 64, 63, 38, 54, 25, 40, 42, 50, 56, 51, 48, 57, 58 ],
[ 3, 10, 15, 20, 16, 8, 1, 30, 32, 27, 5, 17, 2, 23, 7, 21, 18, 28, 25, 14, 11, 6, 4, 41, 26, 40, 13, 12, 42, 22, 48, 37, 35, 9, 36, 38, 34, 33, 56, 19, 29, 24, 44, 45, 58, 57, 62, 53, 51, 31, 52, 54, 50, 49, 60, 46, 39, 43, 47, 61, 63, 64, 55, 59 ],
[ 4, 11, 2, 21, 22, 24, 27, 1, 28, 9, 18, 7, 37, 5, 14, 12, 33, 3, 30, 19, 8, 15, 26, 23, 39, 6, 16, 36, 20, 29, 38, 31, 13, 53, 49, 10, 17, 52, 42, 46, 43, 45, 40, 59, 25, 41, 54, 47, 34, 64, 60, 32, 35, 63, 58, 55, 61, 62, 57, 50, 44, 56, 48, 51 ]
];
edge1`UpstairsFilename := "64S48-16,4,4-g15-385633729.m";
edge1`DownstairsTriple := [ PermutationGroup<32 |  
\[ 2, 3, 4, 5, 6, 7, 8, 9, 10, 11, 12, 13, 14, 15, 16, 17, 18, 19, 20, 21, 22, 23, 24, 25, 26, 27, 28, 29, 30, 31, 32, 1 ],
\[ 2, 1, 3, 4, 5, 6, 7, 8, 9, 10, 11, 12, 13, 14, 15, 16, 17, 18, 19, 20, 21, 22, 23, 24, 25, 26, 27, 28, 29, 30, 31, 32 ]:
 Order := 263130836933693530167218012160000000 > |
[ 2, 9, 8, 13, 11, 1, 4, 16, 17, 3, 19, 7, 21, 5, 6, 24, 25, 10, 27, 12, 29, 14, 15, 31, 23, 18, 32, 20, 28, 22, 26, 30 ],
[ 3, 10, 5, 6, 7, 8, 1, 14, 18, 11, 12, 2, 15, 4, 16, 22, 26, 19, 20, 9, 23, 13, 24, 30, 31, 27, 28, 17, 25, 21, 32, 29 ],
[ 4, 7, 2, 5, 8, 13, 11, 1, 12, 9, 3, 19, 14, 16, 21, 6, 20, 17, 10, 27, 22, 24, 29, 15, 28, 25, 18, 32, 30, 31, 23, 26 ]
];
edge1`DownstairsFilename := "32S14-8,4,4-g7-1438201893.m";
Append(~s`Edges, edge1);
edge2 := TwoEdgeInitialize();
edge2`Blocks := {@ PowerSet(IntegerRing()) |
{ IntegerRing() | 1, 5 },
{ IntegerRing() | 2, 11 },
{ IntegerRing() | 3, 16 },
{ IntegerRing() | 4, 8 },
{ IntegerRing() | 6, 21 },
{ IntegerRing() | 7, 13 },
{ IntegerRing() | 9, 32 },
{ IntegerRing() | 10, 27 },
{ IntegerRing() | 12, 17 },
{ IntegerRing() | 14, 38 },
{ IntegerRing() | 15, 18 },
{ IntegerRing() | 19, 28 },
{ IntegerRing() | 20, 29 },
{ IntegerRing() | 22, 26 },
{ IntegerRing() | 23, 25 },
{ IntegerRing() | 24, 41 },
{ IntegerRing() | 30, 49 },
{ IntegerRing() | 31, 37 },
{ IntegerRing() | 33, 35 },
{ IntegerRing() | 34, 36 },
{ IntegerRing() | 39, 45 },
{ IntegerRing() | 40, 42 },
{ IntegerRing() | 43, 46 },
{ IntegerRing() | 44, 58 },
{ IntegerRing() | 47, 63 },
{ IntegerRing() | 48, 54 },
{ IntegerRing() | 50, 52 },
{ IntegerRing() | 51, 53 },
{ IntegerRing() | 55, 62 },
{ IntegerRing() | 56, 57 },
{ IntegerRing() | 59, 61 },
{ IntegerRing() | 60, 64 }
@};
edge2`UpstairsTriple := [ PermutationGroup<64 |  
\[ 2, 3, 4, 5, 6, 7, 8, 9, 10, 11, 12, 13, 14, 15, 16, 17, 18, 19, 20, 21, 22, 23, 24, 25, 26, 27, 28, 29, 30, 31, 32, 33, 34, 35, 36, 37, 38, 39, 40, 41, 42, 43, 44, 45, 46, 47, 48, 49, 50, 51, 52, 53, 54, 55, 56, 57, 58, 59, 60, 61, 62, 63, 64, 1 ],
\[ 2, 1, 3, 4, 5, 6, 7, 8, 9, 10, 11, 12, 13, 14, 15, 16, 17, 18, 19, 20, 21, 22, 23, 24, 25, 26, 27, 28, 29, 30, 31, 32, 33, 34, 35, 36, 37, 38, 39, 40, 41, 42, 43, 44, 45, 46, 47, 48, 49, 50, 51, 52, 53, 54, 55, 56, 57, 58, 59, 60, 61, 62, 63, 64 ]:
 Order := 126886932185884164103433389335161480802865516174545192198801894375214704230400000000000000 > |
[ 2, 9, 8, 19, 11, 1, 26, 28, 30, 13, 32, 16, 22, 18, 34, 4, 3, 36, 39, 14, 5, 25, 43, 6, 46, 23, 7, 45, 38, 47, 17, 49, 27, 51, 10, 53, 12, 15, 55, 29, 21, 20, 59, 24, 62, 61, 57, 35, 63, 37, 60, 31, 64, 33, 54, 42, 40, 41, 50, 44, 52, 48, 56, 58 ],
[ 3, 10, 14, 6, 16, 22, 1, 21, 31, 18, 27, 2, 5, 7, 17, 38, 11, 12, 40, 4, 26, 20, 24, 28, 41, 29, 15, 42, 8, 48, 36, 37, 9, 35, 32, 33, 34, 13, 44, 25, 19, 23, 57, 46, 58, 56, 61, 53, 54, 30, 52, 49, 50, 51, 47, 39, 45, 43, 60, 62, 64, 63, 59, 55 ],
[ 4, 7, 15, 5, 8, 23, 11, 1, 12, 34, 13, 32, 2, 22, 16, 18, 9, 3, 20, 28, 25, 38, 21, 39, 6, 14, 36, 29, 19, 33, 51, 17, 49, 27, 30, 10, 53, 26, 41, 43, 45, 46, 42, 59, 24, 40, 50, 60, 35, 63, 37, 47, 31, 64, 56, 62, 55, 61, 58, 54, 44, 57, 52, 48 ]
];
edge2`UpstairsFilename := "64S48-16,4,4-g15-1004981017.m";
edge2`DownstairsTriple := [ PermutationGroup<32 |  
\[ 2, 3, 4, 5, 6, 7, 8, 9, 10, 11, 12, 13, 14, 15, 16, 17, 18, 19, 20, 21, 22, 23, 24, 25, 26, 27, 28, 29, 30, 31, 32, 1 ],
\[ 2, 1, 3, 4, 5, 6, 7, 8, 9, 10, 11, 12, 13, 14, 15, 16, 17, 18, 19, 20, 21, 22, 23, 24, 25, 26, 27, 28, 29, 30, 31, 32 ]:
 Order := 263130836933693530167218012160000000 > |
[ 10, 19, 4, 15, 2, 5, 12, 27, 3, 8, 7, 13, 23, 1, 21, 14, 32, 9, 17, 11, 31, 6, 29, 22, 24, 18, 25, 20, 26, 16, 28, 30 ],
[ 3, 9, 5, 14, 7, 4, 1, 18, 10, 11, 2, 6, 16, 12, 22, 15, 26, 19, 20, 8, 30, 13, 24, 21, 29, 27, 28, 17, 32, 23, 25, 31 ],
[ 4, 3, 2, 1, 12, 15, 10, 9, 8, 7, 19, 5, 14, 13, 6, 21, 18, 17, 11, 27, 16, 23, 22, 31, 26, 25, 20, 32, 30, 29, 24, 28 ]
];
edge2`DownstairsFilename := "32S19-16,4,2-g4-4052709304.m";
Append(~s`Edges, edge2);
edge3 := TwoEdgeInitialize();
edge3`Blocks := {@ PowerSet(IntegerRing()) |
{ IntegerRing() | 1, 5 },
{ IntegerRing() | 2, 11 },
{ IntegerRing() | 3, 7 },
{ IntegerRing() | 4, 20 },
{ IntegerRing() | 6, 18 },
{ IntegerRing() | 8, 14 },
{ IntegerRing() | 9, 32 },
{ IntegerRing() | 10, 12 },
{ IntegerRing() | 13, 21 },
{ IntegerRing() | 15, 25 },
{ IntegerRing() | 16, 26 },
{ IntegerRing() | 17, 24 },
{ IntegerRing() | 19, 38 },
{ IntegerRing() | 22, 27 },
{ IntegerRing() | 23, 42 },
{ IntegerRing() | 28, 29 },
{ IntegerRing() | 30, 49 },
{ IntegerRing() | 31, 33 },
{ IntegerRing() | 34, 36 },
{ IntegerRing() | 35, 37 },
{ IntegerRing() | 39, 46 },
{ IntegerRing() | 40, 41 },
{ IntegerRing() | 43, 45 },
{ IntegerRing() | 44, 56 },
{ IntegerRing() | 47, 63 },
{ IntegerRing() | 48, 50 },
{ IntegerRing() | 51, 53 },
{ IntegerRing() | 52, 54 },
{ IntegerRing() | 55, 61 },
{ IntegerRing() | 57, 58 },
{ IntegerRing() | 59, 62 },
{ IntegerRing() | 60, 64 }
@};
edge3`UpstairsTriple := [ PermutationGroup<64 |  
\[ 2, 3, 4, 5, 6, 7, 8, 9, 10, 11, 12, 13, 14, 15, 16, 17, 18, 19, 20, 21, 22, 23, 24, 25, 26, 27, 28, 29, 30, 31, 32, 33, 34, 35, 36, 37, 38, 39, 40, 41, 42, 43, 44, 45, 46, 47, 48, 49, 50, 51, 52, 53, 54, 55, 56, 57, 58, 59, 60, 61, 62, 63, 64, 1 ],
\[ 2, 1, 3, 4, 5, 6, 7, 8, 9, 10, 11, 12, 13, 14, 15, 16, 17, 18, 19, 20, 21, 22, 23, 24, 25, 26, 27, 28, 29, 30, 31, 32, 33, 34, 35, 36, 37, 38, 39, 40, 41, 42, 43, 44, 45, 46, 47, 48, 49, 50, 51, 52, 53, 54, 55, 56, 57, 58, 59, 60, 61, 62, 63, 64 ]:
 Order := 126886932185884164103433389335161480802865516174545192198801894375214704230400000000000000 > |
[ 11, 32, 8, 24, 2, 5, 14, 22, 49, 13, 9, 21, 4, 27, 36, 7, 46, 1, 25, 17, 20, 45, 18, 39, 34, 3, 43, 19, 38, 63, 26, 30, 16, 53, 12, 51, 10, 15, 61, 28, 29, 6, 62, 42, 59, 55, 57, 37, 47, 35, 60, 33, 64, 31, 54, 23, 41, 40, 50, 56, 52, 48, 58, 44 ],
[ 3, 10, 5, 18, 7, 4, 1, 28, 31, 11, 12, 2, 38, 29, 26, 15, 40, 20, 13, 6, 19, 42, 22, 41, 16, 25, 23, 14, 8, 48, 32, 33, 9, 37, 34, 35, 36, 21, 56, 24, 17, 27, 57, 39, 58, 44, 55, 49, 50, 30, 54, 51, 52, 53, 63, 46, 45, 43, 64, 59, 47, 60, 61, 62 ],
[ 4, 3, 15, 19, 20, 22, 25, 1, 10, 34, 7, 36, 2, 5, 13, 32, 18, 27, 8, 38, 11, 29, 39, 6, 21, 9, 28, 17, 24, 31, 51, 12, 53, 26, 49, 16, 30, 14, 40, 45, 43, 46, 42, 59, 23, 41, 48, 64, 33, 60, 37, 63, 35, 47, 56, 62, 61, 55, 57, 52, 44, 58, 50, 54 ]
];
edge3`UpstairsFilename := "64S48-16,4,4-g15-1048953576.m";
edge3`DownstairsTriple := [ PermutationGroup<32 |  
\[ 2, 3, 4, 5, 6, 7, 8, 9, 10, 11, 12, 13, 14, 15, 16, 17, 18, 19, 20, 21, 22, 23, 24, 25, 26, 27, 28, 29, 30, 31, 32, 1 ],
\[ 2, 1, 3, 4, 5, 6, 7, 8, 9, 10, 11, 12, 13, 14, 15, 16, 17, 18, 19, 20, 21, 22, 23, 24, 25, 26, 27, 28, 29, 30, 31, 32 ]:
 Order := 263130836933693530167218012160000000 > |
[ 11, 19, 7, 15, 2, 5, 13, 27, 3, 4, 8, 10, 23, 1, 21, 14, 32, 9, 17, 12, 31, 6, 29, 22, 24, 18, 25, 20, 28, 16, 26, 30 ],
[ 3, 9, 1, 14, 10, 7, 6, 18, 2, 5, 12, 11, 16, 4, 22, 13, 26, 8, 20, 19, 30, 15, 24, 23, 31, 17, 28, 27, 32, 21, 25, 29 ],
[ 4, 10, 2, 5, 7, 15, 1, 12, 8, 11, 3, 19, 6, 13, 14, 21, 20, 17, 9, 27, 22, 23, 16, 31, 28, 25, 18, 32, 24, 29, 30, 26 ]
];
edge3`DownstairsFilename := "32S19-16,2,4-g4-132630749.m";
Append(~s`Edges, edge3);

/*
Return for eval
*/

return s;
