s := TwoDBInitialize();

/*
Magma printing
*/

s`Name := "64S44-16,8,16-g25-2388688807";
s`Filename := "64S44-16,8,16-g25-2388688807.m";
s`Degree := 64;
s`Orders := \[ 16, 8, 16 ];
s`Geometry := "Hyperbolic";
s`Genus := 25;
s`Level := 6;
s`PermutationTriple := [ PermutationGroup<64 |  
\[ 2, 3, 4, 5, 6, 7, 8, 9, 10, 11, 12, 13, 14, 15, 16, 17, 18, 19, 20, 21, 22, 23, 24, 25, 26, 27, 28, 29, 30, 31, 32, 33, 34, 35, 36, 37, 38, 39, 40, 41, 42, 43, 44, 45, 46, 47, 48, 49, 50, 51, 52, 53, 54, 55, 56, 57, 58, 59, 60, 61, 62, 63, 64, 1 ],
\[ 2, 1, 3, 4, 5, 6, 7, 8, 9, 10, 11, 12, 13, 14, 15, 16, 17, 18, 19, 20, 21, 22, 23, 24, 25, 26, 27, 28, 29, 30, 31, 32, 33, 34, 35, 36, 37, 38, 39, 40, 41, 42, 43, 44, 45, 46, 47, 48, 49, 50, 51, 52, 53, 54, 55, 56, 57, 58, 59, 60, 61, 62, 63, 64 ]:
 Order := 126886932185884164103433389335161480802865516174545192198801894375214704230400000000000000 > |
[ 12, 23, 8, 51, 2, 5, 46, 25, 47, 14, 31, 9, 60, 48, 35, 20, 64, 15, 18, 58, 13, 1, 32, 21, 24, 34, 30, 33, 22, 10, 62, 59, 11, 41, 4, 38, 63, 6, 49, 55, 45, 54, 28, 43, 17, 40, 50, 7, 56, 36, 39, 26, 29, 52, 44, 3, 42, 57, 53, 19, 16, 27, 61, 37 ],
[ 3, 10, 16, 22, 18, 27, 1, 36, 25, 41, 5, 43, 2, 29, 53, 11, 56, 34, 32, 13, 42, 55, 35, 6, 58, 4, 26, 38, 49, 59, 54, 48, 57, 7, 45, 31, 8, 60, 12, 9, 39, 30, 20, 50, 40, 37, 33, 17, 63, 21, 64, 14, 46, 15, 61, 47, 19, 62, 51, 52, 24, 23, 28, 44 ],
[ 4, 11, 17, 23, 24, 28, 32, 1, 39, 42, 47, 7, 50, 2, 5, 55, 35, 57, 38, 3, 61, 14, 13, 9, 37, 60, 58, 12, 15, 6, 16, 62, 63, 27, 54, 44, 51, 8, 59, 53, 18, 33, 64, 22, 10, 34, 40, 52, 41, 56, 26, 31, 30, 21, 45, 29, 25, 43, 19, 20, 49, 36, 46, 48 ]
];
s`MonodromyGroup := PermutationGroup<64 |  
\[ 12, 23, 8, 51, 2, 5, 46, 25, 47, 14, 31, 9, 60, 48, 35, 20, 64, 15, 18, 58, 13, 1, 32, 21, 24, 34, 30, 33, 22, 10, 62, 59, 11, 41, 4, 38, 63, 6, 49, 55, 45, 54, 28, 43, 17, 40, 50, 7, 56, 36, 39, 26, 29, 52, 44, 3, 42, 57, 53, 19, 16, 27, 61, 37 ],
\[ 3, 10, 16, 22, 18, 27, 1, 36, 25, 41, 5, 43, 2, 29, 53, 11, 56, 34, 32, 13, 42, 55, 35, 6, 58, 4, 26, 38, 49, 59, 54, 48, 57, 7, 45, 31, 8, 60, 12, 9, 39, 30, 20, 50, 40, 37, 33, 17, 63, 21, 64, 14, 46, 15, 61, 47, 19, 62, 51, 52, 24, 23, 28, 44 ],
\[ 4, 11, 17, 23, 24, 28, 32, 1, 39, 42, 47, 7, 50, 2, 5, 55, 35, 57, 38, 3, 61, 14, 13, 9, 37, 60, 58, 12, 15, 6, 16, 62, 63, 27, 54, 44, 51, 8, 59, 53, 18, 33, 64, 22, 10, 34, 40, 52, 41, 56, 26, 31, 30, 21, 45, 29, 25, 43, 19, 20, 49, 36, 46, 48 ] >;

/*
Edge printing
*/

s`Edges := [];
edge1 := TwoEdgeInitialize();
edge1`Blocks := {@ PowerSet(IntegerRing()) |
{ IntegerRing() | 1, 5 },
{ IntegerRing() | 2, 12 },
{ IntegerRing() | 3, 18 },
{ IntegerRing() | 4, 24 },
{ IntegerRing() | 6, 22 },
{ IntegerRing() | 7, 11 },
{ IntegerRing() | 8, 15 },
{ IntegerRing() | 9, 23 },
{ IntegerRing() | 10, 43 },
{ IntegerRing() | 13, 39 },
{ IntegerRing() | 14, 28 },
{ IntegerRing() | 16, 34 },
{ IntegerRing() | 17, 57 },
{ IntegerRing() | 19, 56 },
{ IntegerRing() | 20, 41 },
{ IntegerRing() | 21, 51 },
{ IntegerRing() | 25, 35 },
{ IntegerRing() | 26, 61 },
{ IntegerRing() | 27, 55 },
{ IntegerRing() | 29, 38 },
{ IntegerRing() | 30, 44 },
{ IntegerRing() | 31, 46 },
{ IntegerRing() | 32, 47 },
{ IntegerRing() | 33, 48 },
{ IntegerRing() | 36, 53 },
{ IntegerRing() | 37, 54 },
{ IntegerRing() | 40, 62 },
{ IntegerRing() | 42, 64 },
{ IntegerRing() | 45, 58 },
{ IntegerRing() | 49, 60 },
{ IntegerRing() | 50, 59 },
{ IntegerRing() | 52, 63 }
@};
edge1`UpstairsTriple := [ PermutationGroup<64 |  
\[ 2, 3, 4, 5, 6, 7, 8, 9, 10, 11, 12, 13, 14, 15, 16, 17, 18, 19, 20, 21, 22, 23, 24, 25, 26, 27, 28, 29, 30, 31, 32, 33, 34, 35, 36, 37, 38, 39, 40, 41, 42, 43, 44, 45, 46, 47, 48, 49, 50, 51, 52, 53, 54, 55, 56, 57, 58, 59, 60, 61, 62, 63, 64, 1 ],
\[ 2, 1, 3, 4, 5, 6, 7, 8, 9, 10, 11, 12, 13, 14, 15, 16, 17, 18, 19, 20, 21, 22, 23, 24, 25, 26, 27, 28, 29, 30, 31, 32, 33, 34, 35, 36, 37, 38, 39, 40, 41, 42, 43, 44, 45, 46, 47, 48, 49, 50, 51, 52, 53, 54, 55, 56, 57, 58, 59, 60, 61, 62, 63, 64 ]:
 Order := 126886932185884164103433389335161480802865516174545192198801894375214704230400000000000000 > |
[ 12, 23, 8, 51, 2, 5, 46, 25, 47, 14, 31, 9, 60, 48, 35, 20, 64, 15, 18, 58, 13, 1, 32, 21, 24, 34, 30, 33, 22, 10, 62, 59, 11, 41, 4, 38, 63, 6, 49, 55, 45, 54, 28, 43, 17, 40, 50, 7, 56, 36, 39, 26, 29, 52, 44, 3, 42, 57, 53, 19, 16, 27, 61, 37 ],
[ 3, 10, 16, 22, 18, 27, 1, 36, 25, 41, 5, 43, 2, 29, 53, 11, 56, 34, 32, 13, 42, 55, 35, 6, 58, 4, 26, 38, 49, 59, 54, 48, 57, 7, 45, 31, 8, 60, 12, 9, 39, 30, 20, 50, 40, 37, 33, 17, 63, 21, 64, 14, 46, 15, 61, 47, 19, 62, 51, 52, 24, 23, 28, 44 ],
[ 4, 11, 17, 23, 24, 28, 32, 1, 39, 42, 47, 7, 50, 2, 5, 55, 35, 57, 38, 3, 61, 14, 13, 9, 37, 60, 58, 12, 15, 6, 16, 62, 63, 27, 54, 44, 51, 8, 59, 53, 18, 33, 64, 22, 10, 34, 40, 52, 41, 56, 26, 31, 30, 21, 45, 29, 25, 43, 19, 20, 49, 36, 46, 48 ]
];
edge1`UpstairsFilename := "64S44-16,8,16-g25-2388688807.m";
edge1`DownstairsTriple := [ PermutationGroup<32 |  
\[ 2, 3, 4, 5, 6, 7, 8, 9, 10, 11, 12, 13, 14, 15, 16, 17, 18, 19, 20, 21, 22, 23, 24, 25, 26, 27, 28, 29, 30, 31, 32, 1 ],
\[ 2, 1, 3, 4, 5, 6, 7, 8, 9, 10, 11, 12, 13, 14, 15, 16, 17, 18, 19, 20, 21, 22, 23, 24, 25, 26, 27, 28, 29, 30, 31, 32 ]:
 Order := 263130836933693530167218012160000000 > |
[ 11, 28, 8, 10, 2, 5, 12, 13, 26, 25, 9, 29, 4, 21, 18, 14, 16, 32, 1, 7, 20, 15, 3, 19, 31, 30, 24, 22, 17, 27, 23, 6 ],
[ 3, 8, 15, 19, 16, 23, 1, 27, 13, 5, 14, 2, 32, 18, 7, 30, 22, 25, 17, 6, 24, 4, 26, 31, 11, 20, 12, 21, 9, 10, 28, 29 ],
[ 4, 10, 6, 9, 20, 13, 26, 1, 25, 22, 7, 15, 2, 5, 17, 19, 32, 3, 21, 28, 11, 31, 24, 8, 30, 29, 16, 12, 27, 23, 18, 14 ]
];
edge1`DownstairsFilename := "32S12-8,4,8-g9-2546277561.m";
Append(~s`Edges, edge1);
edge2 := TwoEdgeInitialize();
edge2`Blocks := {@ PowerSet(IntegerRing()) |
{ IntegerRing() | 1, 5 },
{ IntegerRing() | 2, 12 },
{ IntegerRing() | 3, 18 },
{ IntegerRing() | 4, 24 },
{ IntegerRing() | 6, 22 },
{ IntegerRing() | 7, 11 },
{ IntegerRing() | 8, 15 },
{ IntegerRing() | 9, 40 },
{ IntegerRing() | 10, 44 },
{ IntegerRing() | 13, 39 },
{ IntegerRing() | 14, 25 },
{ IntegerRing() | 16, 56 },
{ IntegerRing() | 17, 58 },
{ IntegerRing() | 19, 57 },
{ IntegerRing() | 20, 42 },
{ IntegerRing() | 21, 51 },
{ IntegerRing() | 23, 62 },
{ IntegerRing() | 26, 61 },
{ IntegerRing() | 27, 55 },
{ IntegerRing() | 28, 35 },
{ IntegerRing() | 29, 59 },
{ IntegerRing() | 30, 45 },
{ IntegerRing() | 31, 46 },
{ IntegerRing() | 32, 47 },
{ IntegerRing() | 33, 48 },
{ IntegerRing() | 34, 49 },
{ IntegerRing() | 36, 53 },
{ IntegerRing() | 37, 54 },
{ IntegerRing() | 38, 52 },
{ IntegerRing() | 41, 60 },
{ IntegerRing() | 43, 64 },
{ IntegerRing() | 50, 63 }
@};
edge2`UpstairsTriple := [ PermutationGroup<64 |  
\[ 2, 3, 4, 5, 6, 7, 8, 9, 10, 11, 12, 13, 14, 15, 16, 17, 18, 19, 20, 21, 22, 23, 24, 25, 26, 27, 28, 29, 30, 31, 32, 33, 34, 35, 36, 37, 38, 39, 40, 41, 42, 43, 44, 45, 46, 47, 48, 49, 50, 51, 52, 53, 54, 55, 56, 57, 58, 59, 60, 61, 62, 63, 64, 1 ],
\[ 2, 1, 3, 4, 5, 6, 7, 8, 9, 10, 11, 12, 13, 14, 15, 16, 17, 18, 19, 20, 21, 22, 23, 24, 25, 26, 27, 28, 29, 30, 31, 32, 33, 34, 35, 36, 37, 38, 39, 40, 41, 42, 43, 44, 45, 46, 47, 48, 49, 50, 51, 52, 53, 54, 55, 56, 57, 58, 59, 60, 61, 62, 63, 64 ]:
 Order := 126886932185884164103433389335161480802865516174545192198801894375214704230400000000000000 > |
[ 12, 40, 8, 51, 2, 5, 46, 28, 61, 14, 31, 9, 63, 4, 35, 20, 64, 15, 18, 59, 13, 1, 32, 21, 24, 34, 30, 33, 22, 10, 60, 56, 11, 53, 48, 38, 62, 58, 50, 26, 55, 29, 54, 25, 44, 41, 16, 7, 36, 57, 39, 17, 52, 23, 45, 42, 3, 43, 6, 27, 49, 47, 19, 37 ],
[ 3, 10, 16, 22, 18, 27, 1, 36, 28, 42, 5, 44, 2, 52, 53, 21, 57, 56, 26, 31, 43, 55, 14, 6, 38, 4, 32, 59, 50, 34, 54, 48, 58, 7, 29, 13, 8, 60, 12, 35, 9, 46, 30, 20, 49, 37, 33, 17, 11, 62, 64, 41, 39, 15, 47, 51, 61, 19, 63, 40, 24, 25, 23, 45 ],
[ 4, 11, 17, 23, 24, 28, 32, 1, 39, 43, 47, 7, 16, 2, 5, 55, 14, 58, 59, 3, 61, 35, 31, 62, 12, 60, 38, 37, 10, 6, 49, 63, 9, 19, 54, 45, 51, 8, 56, 13, 42, 18, 33, 64, 22, 34, 50, 40, 57, 53, 26, 15, 30, 21, 52, 27, 29, 25, 44, 20, 41, 46, 36, 48 ]
];
edge2`UpstairsFilename := "64S44-16,8,16-g25-3219253884.m";
edge2`DownstairsTriple := [ PermutationGroup<32 |  
\[ 2, 3, 4, 5, 6, 7, 8, 9, 10, 11, 12, 13, 14, 15, 16, 17, 18, 19, 20, 21, 22, 23, 24, 25, 26, 27, 28, 29, 30, 31, 32, 1 ],
\[ 2, 1, 3, 4, 5, 6, 7, 8, 9, 10, 11, 12, 13, 14, 15, 16, 17, 18, 19, 20, 21, 22, 23, 24, 25, 26, 27, 28, 29, 30, 31, 32 ]:
 Order := 263130836933693530167218012160000000 > |
[ 2, 9, 8, 19, 11, 1, 26, 24, 22, 13, 20, 32, 4, 18, 5, 10, 3, 25, 12, 27, 7, 28, 16, 21, 6, 31, 14, 29, 30, 15, 23, 17 ],
[ 3, 10, 14, 6, 16, 23, 1, 29, 24, 18, 8, 2, 30, 19, 17, 28, 22, 26, 5, 13, 15, 4, 27, 25, 32, 11, 21, 7, 12, 31, 9, 20 ],
[ 4, 7, 15, 20, 21, 24, 27, 1, 12, 5, 19, 14, 2, 23, 13, 6, 25, 3, 22, 26, 9, 31, 30, 11, 10, 28, 32, 17, 16, 8, 18, 29 ]
];
edge2`DownstairsFilename := "32S17-16,8,16-g13-2536307511.m";
Append(~s`Edges, edge2);
edge3 := TwoEdgeInitialize();
edge3`Blocks := {@ PowerSet(IntegerRing()) |
{ IntegerRing() | 1, 5 },
{ IntegerRing() | 2, 11 },
{ IntegerRing() | 3, 16 },
{ IntegerRing() | 4, 21 },
{ IntegerRing() | 6, 15 },
{ IntegerRing() | 7, 19 },
{ IntegerRing() | 8, 10 },
{ IntegerRing() | 9, 34 },
{ IntegerRing() | 12, 27 },
{ IntegerRing() | 13, 30 },
{ IntegerRing() | 14, 44 },
{ IntegerRing() | 17, 24 },
{ IntegerRing() | 18, 31 },
{ IntegerRing() | 20, 50 },
{ IntegerRing() | 22, 25 },
{ IntegerRing() | 23, 28 },
{ IntegerRing() | 26, 47 },
{ IntegerRing() | 29, 39 },
{ IntegerRing() | 32, 37 },
{ IntegerRing() | 33, 45 },
{ IntegerRing() | 35, 38 },
{ IntegerRing() | 36, 41 },
{ IntegerRing() | 40, 57 },
{ IntegerRing() | 42, 60 },
{ IntegerRing() | 43, 61 },
{ IntegerRing() | 46, 48 },
{ IntegerRing() | 49, 52 },
{ IntegerRing() | 51, 53 },
{ IntegerRing() | 54, 56 },
{ IntegerRing() | 55, 58 },
{ IntegerRing() | 59, 63 },
{ IntegerRing() | 62, 64 }
@};
edge3`UpstairsTriple := [ PermutationGroup<64 |  
\[ 2, 3, 4, 5, 6, 7, 8, 9, 10, 11, 12, 13, 14, 15, 16, 17, 18, 19, 20, 21, 22, 23, 24, 25, 26, 27, 28, 29, 30, 31, 32, 33, 34, 35, 36, 37, 38, 39, 40, 41, 42, 43, 44, 45, 46, 47, 48, 49, 50, 51, 52, 53, 54, 55, 56, 57, 58, 59, 60, 61, 62, 63, 64, 1 ],
\[ 2, 1, 3, 4, 5, 6, 7, 8, 9, 10, 11, 12, 13, 14, 15, 16, 17, 18, 19, 20, 21, 22, 23, 24, 25, 26, 27, 28, 29, 30, 31, 32, 33, 34, 35, 36, 37, 38, 39, 40, 41, 42, 43, 44, 45, 46, 47, 48, 49, 50, 51, 52, 53, 54, 55, 56, 57, 58, 59, 60, 61, 62, 63, 64 ]:
 Order := 126886932185884164103433389335161480802865516174545192198801894375214704230400000000000000 > |
[ 2, 9, 8, 19, 11, 1, 27, 30, 33, 13, 34, 38, 41, 18, 5, 10, 3, 37, 12, 28, 7, 4, 29, 16, 21, 6, 35, 39, 40, 36, 32, 42, 44, 45, 24, 61, 60, 17, 57, 47, 43, 62, 46, 31, 14, 52, 15, 49, 58, 23, 20, 55, 50, 22, 63, 25, 26, 59, 54, 64, 48, 51, 56, 53 ],
[ 3, 10, 14, 6, 16, 24, 1, 31, 30, 18, 8, 2, 32, 43, 17, 44, 33, 48, 5, 22, 15, 47, 4, 45, 26, 38, 11, 21, 7, 37, 46, 49, 41, 13, 9, 42, 52, 34, 19, 12, 60, 55, 62, 61, 36, 53, 35, 51, 50, 25, 56, 20, 54, 57, 23, 40, 27, 28, 29, 58, 64, 59, 39, 63 ],
[ 4, 7, 15, 20, 21, 25, 28, 1, 12, 5, 19, 39, 2, 24, 22, 6, 26, 3, 23, 48, 50, 53, 49, 47, 51, 54, 29, 52, 55, 11, 16, 8, 35, 27, 57, 9, 10, 40, 58, 59, 34, 13, 33, 17, 38, 14, 56, 44, 18, 46, 43, 31, 61, 62, 37, 64, 63, 32, 60, 30, 45, 36, 42, 41 ]
];
edge3`UpstairsFilename := "64S44-16,8,16-g25-2152461029.m";
edge3`DownstairsTriple := [ PermutationGroup<32 |  
\[ 2, 3, 4, 5, 6, 7, 8, 9, 10, 11, 12, 13, 14, 15, 16, 17, 18, 19, 20, 21, 22, 23, 24, 25, 26, 27, 28, 29, 30, 31, 32, 1 ],
\[ 2, 1, 3, 4, 5, 6, 7, 8, 9, 10, 11, 12, 13, 14, 15, 16, 17, 18, 19, 20, 21, 22, 23, 24, 25, 26, 27, 28, 29, 30, 31, 32 ]:
 Order := 263130836933693530167218012160000000 > |
[ 2, 9, 8, 7, 10, 1, 11, 12, 21, 22, 23, 24, 4, 19, 3, 18, 5, 25, 26, 6, 13, 30, 15, 20, 31, 32, 16, 14, 17, 27, 28, 29 ],
[ 14, 19, 27, 17, 3, 28, 5, 16, 26, 8, 10, 18, 29, 13, 30, 6, 15, 1, 4, 31, 32, 12, 22, 25, 2, 7, 20, 21, 23, 24, 9, 11 ],
[ 16, 18, 17, 14, 4, 27, 19, 5, 25, 7, 26, 10, 28, 6, 29, 3, 13, 8, 1, 30, 31, 11, 32, 22, 12, 2, 15, 20, 21, 23, 24, 9 ]
];
edge3`DownstairsFilename := "32S16-16,8,16-g13-3255521973.m";
Append(~s`Edges, edge3);

/*
Return for eval
*/

return s;
