s := TwoDBInitialize();

/*
Magma printing
*/

s`Name := "64S44-16,16,4-g21-369633366";
s`Filename := "64S44-16,16,4-g21-369633366.m";
s`Degree := 64;
s`Orders := \[ 16, 16, 4 ];
s`Geometry := "Hyperbolic";
s`Genus := 21;
s`Level := 6;
s`PermutationTriple := [ PermutationGroup<64 |  
\[ 2, 3, 4, 5, 6, 7, 8, 9, 10, 11, 12, 13, 14, 15, 16, 17, 18, 19, 20, 21, 22, 23, 24, 25, 26, 27, 28, 29, 30, 31, 32, 33, 34, 35, 36, 37, 38, 39, 40, 41, 42, 43, 44, 45, 46, 47, 48, 49, 50, 51, 52, 53, 54, 55, 56, 57, 58, 59, 60, 61, 62, 63, 64, 1 ],
\[ 2, 1, 3, 4, 5, 6, 7, 8, 9, 10, 11, 12, 13, 14, 15, 16, 17, 18, 19, 20, 21, 22, 23, 24, 25, 26, 27, 28, 29, 30, 31, 32, 33, 34, 35, 36, 37, 38, 39, 40, 41, 42, 43, 44, 45, 46, 47, 48, 49, 50, 51, 52, 53, 54, 55, 56, 57, 58, 59, 60, 61, 62, 63, 64 ]:
 Order := 126886932185884164103433389335161480802865516174545192198801894375214704230400000000000000 > |
[ 2, 9, 8, 19, 11, 1, 27, 22, 32, 13, 29, 37, 36, 18, 35, 23, 3, 5, 12, 28, 4, 34, 7, 26, 6, 10, 33, 38, 39, 20, 40, 53, 56, 52, 31, 55, 54, 51, 57, 58, 43, 14, 16, 15, 47, 17, 30, 21, 24, 25, 59, 61, 42, 49, 60, 46, 50, 64, 63, 62, 41, 48, 44, 45 ],
[ 3, 10, 14, 6, 16, 24, 1, 30, 22, 18, 4, 2, 20, 41, 17, 25, 45, 48, 35, 21, 44, 5, 15, 42, 46, 47, 31, 23, 7, 43, 8, 36, 9, 28, 26, 11, 40, 19, 12, 13, 57, 60, 63, 49, 61, 53, 62, 50, 64, 54, 27, 29, 52, 32, 38, 58, 33, 34, 37, 39, 51, 59, 56, 55 ],
[ 4, 7, 15, 20, 10, 16, 28, 1, 12, 35, 22, 38, 2, 24, 21, 30, 25, 3, 11, 8, 18, 31, 5, 44, 48, 6, 29, 13, 36, 26, 19, 33, 51, 9, 23, 40, 39, 34, 52, 27, 45, 46, 14, 43, 49, 63, 17, 47, 50, 41, 55, 58, 54, 59, 32, 57, 60, 37, 61, 64, 53, 42, 62, 56 ]
];
s`MonodromyGroup := PermutationGroup<64 |  
\[ 2, 9, 8, 19, 11, 1, 27, 22, 32, 13, 29, 37, 36, 18, 35, 23, 3, 5, 12, 28, 4, 34, 7, 26, 6, 10, 33, 38, 39, 20, 40, 53, 56, 52, 31, 55, 54, 51, 57, 58, 43, 14, 16, 15, 47, 17, 30, 21, 24, 25, 59, 61, 42, 49, 60, 46, 50, 64, 63, 62, 41, 48, 44, 45 ],
\[ 3, 10, 14, 6, 16, 24, 1, 30, 22, 18, 4, 2, 20, 41, 17, 25, 45, 48, 35, 21, 44, 5, 15, 42, 46, 47, 31, 23, 7, 43, 8, 36, 9, 28, 26, 11, 40, 19, 12, 13, 57, 60, 63, 49, 61, 53, 62, 50, 64, 54, 27, 29, 52, 32, 38, 58, 33, 34, 37, 39, 51, 59, 56, 55 ],
\[ 4, 7, 15, 20, 10, 16, 28, 1, 12, 35, 22, 38, 2, 24, 21, 30, 25, 3, 11, 8, 18, 31, 5, 44, 48, 6, 29, 13, 36, 26, 19, 33, 51, 9, 23, 40, 39, 34, 52, 27, 45, 46, 14, 43, 49, 63, 17, 47, 50, 41, 55, 58, 54, 59, 32, 57, 60, 37, 61, 64, 53, 42, 62, 56 ] >;

/*
Edge printing
*/

s`Edges := [];
edge1 := TwoEdgeInitialize();
edge1`Blocks := {@ PowerSet(IntegerRing()) |
{ IntegerRing() | 1, 5 },
{ IntegerRing() | 2, 11 },
{ IntegerRing() | 3, 16 },
{ IntegerRing() | 4, 10 },
{ IntegerRing() | 6, 18 },
{ IntegerRing() | 7, 22 },
{ IntegerRing() | 8, 23 },
{ IntegerRing() | 9, 29 },
{ IntegerRing() | 12, 36 },
{ IntegerRing() | 13, 19 },
{ IntegerRing() | 14, 25 },
{ IntegerRing() | 15, 30 },
{ IntegerRing() | 17, 43 },
{ IntegerRing() | 20, 35 },
{ IntegerRing() | 21, 26 },
{ IntegerRing() | 24, 48 },
{ IntegerRing() | 27, 34 },
{ IntegerRing() | 28, 31 },
{ IntegerRing() | 32, 39 },
{ IntegerRing() | 33, 52 },
{ IntegerRing() | 37, 55 },
{ IntegerRing() | 38, 40 },
{ IntegerRing() | 41, 46 },
{ IntegerRing() | 42, 50 },
{ IntegerRing() | 44, 47 },
{ IntegerRing() | 45, 63 },
{ IntegerRing() | 49, 62 },
{ IntegerRing() | 51, 58 },
{ IntegerRing() | 53, 57 },
{ IntegerRing() | 54, 60 },
{ IntegerRing() | 56, 61 },
{ IntegerRing() | 59, 64 }
@};
edge1`UpstairsTriple := [ PermutationGroup<64 |  
\[ 2, 3, 4, 5, 6, 7, 8, 9, 10, 11, 12, 13, 14, 15, 16, 17, 18, 19, 20, 21, 22, 23, 24, 25, 26, 27, 28, 29, 30, 31, 32, 33, 34, 35, 36, 37, 38, 39, 40, 41, 42, 43, 44, 45, 46, 47, 48, 49, 50, 51, 52, 53, 54, 55, 56, 57, 58, 59, 60, 61, 62, 63, 64, 1 ],
\[ 2, 1, 3, 4, 5, 6, 7, 8, 9, 10, 11, 12, 13, 14, 15, 16, 17, 18, 19, 20, 21, 22, 23, 24, 25, 26, 27, 28, 29, 30, 31, 32, 33, 34, 35, 36, 37, 38, 39, 40, 41, 42, 43, 44, 45, 46, 47, 48, 49, 50, 51, 52, 53, 54, 55, 56, 57, 58, 59, 60, 61, 62, 63, 64 ]:
 Order := 126886932185884164103433389335161480802865516174545192198801894375214704230400000000000000 > |
[ 2, 9, 8, 19, 11, 1, 27, 22, 32, 13, 29, 37, 36, 18, 35, 23, 3, 5, 12, 28, 4, 34, 7, 26, 6, 10, 33, 38, 39, 20, 40, 53, 56, 52, 31, 55, 54, 51, 57, 58, 43, 14, 16, 15, 47, 17, 30, 21, 24, 25, 59, 61, 42, 49, 60, 46, 50, 64, 63, 62, 41, 48, 44, 45 ],
[ 3, 10, 14, 6, 16, 24, 1, 30, 22, 18, 4, 2, 20, 41, 17, 25, 45, 48, 35, 21, 44, 5, 15, 42, 46, 47, 31, 23, 7, 43, 8, 36, 9, 28, 26, 11, 40, 19, 12, 13, 57, 60, 63, 49, 61, 53, 62, 50, 64, 54, 27, 29, 52, 32, 38, 58, 33, 34, 37, 39, 51, 59, 56, 55 ],
[ 4, 7, 15, 20, 10, 16, 28, 1, 12, 35, 22, 38, 2, 24, 21, 30, 25, 3, 11, 8, 18, 31, 5, 44, 48, 6, 29, 13, 36, 26, 19, 33, 51, 9, 23, 40, 39, 34, 52, 27, 45, 46, 14, 43, 49, 63, 17, 47, 50, 41, 55, 58, 54, 59, 32, 57, 60, 37, 61, 64, 53, 42, 62, 56 ]
];
edge1`UpstairsFilename := "64S44-16,16,4-g21-369633366.m";
edge1`DownstairsTriple := [ PermutationGroup<32 |  
\[ 2, 3, 4, 5, 6, 7, 8, 9, 10, 11, 12, 13, 14, 15, 16, 17, 18, 19, 20, 21, 22, 23, 24, 25, 26, 27, 28, 29, 30, 31, 32, 1 ],
\[ 2, 1, 3, 4, 5, 6, 7, 8, 9, 10, 11, 12, 13, 14, 15, 16, 17, 18, 19, 20, 21, 22, 23, 24, 25, 26, 27, 28, 29, 30, 31, 32 ]:
 Order := 263130836933693530167218012160000000 > |
[ 2, 9, 8, 12, 10, 1, 18, 7, 19, 20, 22, 11, 6, 5, 4, 3, 15, 21, 29, 28, 31, 30, 16, 14, 13, 24, 17, 32, 25, 27, 23, 26 ],
[ 3, 4, 13, 6, 15, 17, 1, 14, 7, 8, 2, 5, 23, 16, 24, 26, 25, 10, 11, 12, 9, 20, 29, 27, 30, 31, 32, 18, 21, 19, 28, 22 ],
[ 4, 7, 14, 5, 8, 3, 10, 1, 11, 12, 20, 2, 17, 15, 6, 13, 24, 9, 21, 18, 28, 19, 26, 16, 23, 27, 25, 22, 30, 32, 29, 31 ]
];
edge1`DownstairsFilename := "32S12-8,8,4-g9-2029542252.m";
Append(~s`Edges, edge1);
edge2 := TwoEdgeInitialize();
edge2`Blocks := {@ PowerSet(IntegerRing()) |
{ IntegerRing() | 1, 5 },
{ IntegerRing() | 2, 12 },
{ IntegerRing() | 3, 16 },
{ IntegerRing() | 4, 8 },
{ IntegerRing() | 6, 20 },
{ IntegerRing() | 7, 11 },
{ IntegerRing() | 9, 33 },
{ IntegerRing() | 10, 27 },
{ IntegerRing() | 13, 32 },
{ IntegerRing() | 14, 43 },
{ IntegerRing() | 15, 18 },
{ IntegerRing() | 17, 45 },
{ IntegerRing() | 19, 29 },
{ IntegerRing() | 21, 30 },
{ IntegerRing() | 22, 42 },
{ IntegerRing() | 23, 25 },
{ IntegerRing() | 24, 47 },
{ IntegerRing() | 26, 37 },
{ IntegerRing() | 28, 38 },
{ IntegerRing() | 31, 51 },
{ IntegerRing() | 34, 54 },
{ IntegerRing() | 35, 36 },
{ IntegerRing() | 39, 52 },
{ IntegerRing() | 40, 56 },
{ IntegerRing() | 41, 49 },
{ IntegerRing() | 44, 62 },
{ IntegerRing() | 46, 50 },
{ IntegerRing() | 48, 63 },
{ IntegerRing() | 53, 59 },
{ IntegerRing() | 55, 61 },
{ IntegerRing() | 57, 60 },
{ IntegerRing() | 58, 64 }
@};
edge2`UpstairsTriple := [ PermutationGroup<64 |  
\[ 2, 3, 4, 5, 6, 7, 8, 9, 10, 11, 12, 13, 14, 15, 16, 17, 18, 19, 20, 21, 22, 23, 24, 25, 26, 27, 28, 29, 30, 31, 32, 33, 34, 35, 36, 37, 38, 39, 40, 41, 42, 43, 44, 45, 46, 47, 48, 49, 50, 51, 52, 53, 54, 55, 56, 57, 58, 59, 60, 61, 62, 63, 64, 1 ],
\[ 2, 1, 3, 4, 5, 6, 7, 8, 9, 10, 11, 12, 13, 14, 15, 16, 17, 18, 19, 20, 21, 22, 23, 24, 25, 26, 27, 28, 29, 30, 31, 32, 33, 34, 35, 36, 37, 38, 39, 40, 41, 42, 43, 44, 45, 46, 47, 48, 49, 50, 51, 52, 53, 54, 55, 56, 57, 58, 59, 60, 61, 62, 63, 64 ]:
 Order := 126886932185884164103433389335161480802865516174545192198801894375214704230400000000000000 > |
[ 12, 33, 8, 29, 2, 5, 37, 19, 51, 7, 26, 9, 52, 18, 36, 4, 16, 35, 13, 1, 28, 25, 27, 20, 10, 54, 11, 56, 32, 38, 59, 39, 31, 60, 21, 30, 34, 40, 61, 64, 22, 23, 15, 43, 3, 24, 6, 45, 42, 47, 53, 55, 62, 57, 41, 58, 63, 46, 44, 48, 49, 14, 17, 50 ],
[ 3, 10, 14, 20, 16, 22, 1, 6, 19, 15, 5, 27, 2, 41, 45, 43, 46, 17, 35, 42, 4, 44, 47, 48, 24, 21, 18, 7, 36, 8, 37, 12, 29, 9, 25, 23, 30, 11, 38, 13, 58, 62, 49, 60, 50, 61, 63, 53, 64, 55, 26, 28, 52, 33, 31, 32, 56, 34, 39, 40, 51, 57, 59, 54 ],
[ 4, 11, 15, 5, 8, 23, 2, 1, 32, 35, 12, 7, 9, 42, 16, 18, 47, 3, 30, 25, 19, 14, 20, 17, 6, 38, 36, 26, 21, 29, 54, 33, 13, 31, 27, 10, 28, 37, 56, 39, 50, 43, 22, 63, 24, 41, 45, 44, 46, 49, 34, 40, 61, 51, 53, 52, 64, 57, 55, 58, 59, 48, 62, 60 ]
];
edge2`UpstairsFilename := "64S44-16,16,4-g21-1356717690.m";
edge2`DownstairsTriple := [ PermutationGroup<32 |  
\[ 2, 3, 4, 5, 6, 7, 8, 9, 10, 11, 12, 13, 14, 15, 16, 17, 18, 19, 20, 21, 22, 23, 24, 25, 26, 27, 28, 29, 30, 31, 32, 1 ],
\[ 2, 1, 3, 4, 5, 6, 7, 8, 9, 10, 11, 12, 13, 14, 15, 16, 17, 18, 19, 20, 21, 22, 23, 24, 25, 26, 27, 28, 29, 30, 31, 32 ]:
 Order := 263130836933693530167218012160000000 > |
[ 2, 8, 4, 16, 10, 1, 19, 21, 7, 20, 23, 13, 5, 9, 3, 11, 14, 6, 22, 24, 29, 31, 30, 32, 17, 12, 18, 15, 26, 25, 28, 27 ],
[ 3, 9, 12, 6, 14, 17, 1, 16, 13, 4, 2, 25, 15, 18, 27, 5, 26, 28, 10, 7, 19, 8, 20, 11, 32, 31, 30, 29, 23, 21, 24, 22 ],
[ 4, 7, 13, 1, 9, 14, 2, 11, 5, 16, 8, 17, 3, 6, 18, 10, 12, 15, 20, 19, 22, 21, 24, 23, 27, 28, 25, 26, 30, 29, 32, 31 ]
];
edge2`DownstairsFilename := "32S17-16,16,2-g7-884446327.m";
Append(~s`Edges, edge2);
edge3 := TwoEdgeInitialize();
edge3`Blocks := {@ PowerSet(IntegerRing()) |
{ IntegerRing() | 1, 5 },
{ IntegerRing() | 2, 11 },
{ IntegerRing() | 3, 16 },
{ IntegerRing() | 4, 21 },
{ IntegerRing() | 6, 19 },
{ IntegerRing() | 7, 10 },
{ IntegerRing() | 8, 14 },
{ IntegerRing() | 9, 33 },
{ IntegerRing() | 12, 27 },
{ IntegerRing() | 13, 30 },
{ IntegerRing() | 15, 42 },
{ IntegerRing() | 17, 24 },
{ IntegerRing() | 18, 31 },
{ IntegerRing() | 20, 40 },
{ IntegerRing() | 22, 25 },
{ IntegerRing() | 23, 28 },
{ IntegerRing() | 26, 46 },
{ IntegerRing() | 29, 36 },
{ IntegerRing() | 32, 54 },
{ IntegerRing() | 34, 37 },
{ IntegerRing() | 35, 39 },
{ IntegerRing() | 38, 51 },
{ IntegerRing() | 41, 61 },
{ IntegerRing() | 43, 45 },
{ IntegerRing() | 44, 48 },
{ IntegerRing() | 47, 49 },
{ IntegerRing() | 50, 63 },
{ IntegerRing() | 52, 58 },
{ IntegerRing() | 53, 64 },
{ IntegerRing() | 55, 56 },
{ IntegerRing() | 57, 59 },
{ IntegerRing() | 60, 62 }
@};
edge3`UpstairsTriple := [ PermutationGroup<64 |  
\[ 2, 3, 4, 5, 6, 7, 8, 9, 10, 11, 12, 13, 14, 15, 16, 17, 18, 19, 20, 21, 22, 23, 24, 25, 26, 27, 28, 29, 30, 31, 32, 33, 34, 35, 36, 37, 38, 39, 40, 41, 42, 43, 44, 45, 46, 47, 48, 49, 50, 51, 52, 53, 54, 55, 56, 57, 58, 59, 60, 61, 62, 63, 64, 1 ],
\[ 2, 1, 3, 4, 5, 6, 7, 8, 9, 10, 11, 12, 13, 14, 15, 16, 17, 18, 19, 20, 21, 22, 23, 24, 25, 26, 27, 28, 29, 30, 31, 32, 33, 34, 35, 36, 37, 38, 39, 40, 41, 42, 43, 44, 45, 46, 47, 48, 49, 50, 51, 52, 53, 54, 55, 56, 57, 58, 59, 60, 61, 62, 63, 64 ]:
 Order := 126886932185884164103433389335161480802865516174545192198801894375214704230400000000000000 > |
[ 11, 33, 8, 10, 2, 5, 12, 13, 54, 27, 9, 34, 35, 30, 18, 14, 16, 40, 1, 28, 7, 21, 29, 3, 4, 19, 37, 36, 51, 39, 20, 64, 32, 55, 52, 38, 56, 59, 58, 23, 44, 31, 42, 22, 15, 6, 24, 25, 17, 46, 57, 60, 45, 53, 47, 49, 63, 62, 50, 41, 48, 61, 26, 43 ],
[ 3, 8, 15, 19, 16, 24, 1, 31, 13, 5, 14, 2, 40, 18, 41, 42, 45, 48, 17, 25, 6, 26, 4, 43, 46, 47, 11, 21, 7, 20, 44, 35, 30, 9, 28, 10, 33, 12, 23, 22, 57, 61, 60, 50, 62, 49, 53, 63, 64, 55, 27, 29, 52, 39, 32, 54, 34, 36, 37, 38, 59, 51, 56, 58 ],
[ 4, 10, 6, 20, 21, 25, 28, 1, 27, 23, 7, 29, 2, 5, 17, 19, 46, 3, 22, 8, 40, 31, 13, 26, 18, 48, 36, 30, 39, 11, 16, 37, 12, 38, 9, 35, 51, 58, 33, 14, 43, 24, 49, 15, 47, 44, 50, 42, 63, 61, 52, 32, 56, 34, 57, 59, 62, 54, 60, 53, 45, 64, 41, 55 ]
];
edge3`UpstairsFilename := "64S44-16,16,4-g21-3871429269.m";
edge3`DownstairsTriple := [ PermutationGroup<32 |  
\[ 2, 3, 4, 5, 6, 7, 8, 9, 10, 11, 12, 13, 14, 15, 16, 17, 18, 19, 20, 21, 22, 23, 24, 25, 26, 27, 28, 29, 30, 31, 32, 1 ],
\[ 2, 1, 3, 4, 5, 6, 7, 8, 9, 10, 11, 12, 13, 14, 15, 16, 17, 18, 19, 20, 21, 22, 23, 24, 25, 26, 27, 28, 29, 30, 31, 32 ]:
 Order := 263130836933693530167218012160000000 > |
[ 2, 9, 8, 7, 10, 1, 11, 12, 18, 24, 15, 23, 22, 3, 16, 19, 21, 4, 14, 5, 25, 26, 6, 30, 28, 32, 13, 29, 31, 17, 27, 20 ],
[ 13, 22, 25, 20, 3, 27, 5, 28, 26, 8, 10, 29, 11, 21, 24, 30, 6, 32, 17, 14, 1, 15, 31, 12, 2, 16, 7, 9, 18, 23, 4, 19 ],
[ 17, 21, 20, 29, 4, 30, 31, 5, 25, 7, 27, 10, 6, 32, 13, 22, 16, 28, 26, 18, 19, 1, 24, 11, 14, 2, 23, 3, 8, 15, 12, 9 ]
];
edge3`DownstairsFilename := "32S16-16,16,4-g11-2873761891.m";
Append(~s`Edges, edge3);

/*
Return for eval
*/

return s;
