s := TwoDBInitialize();

/*
Magma printing
*/

s`Name := "64S44-4,16,16-g21-3769644758";
s`Filename := "64S44-4,16,16-g21-3769644758.m";
s`Degree := 64;
s`Orders := \[ 4, 16, 16 ];
s`Geometry := "Hyperbolic";
s`Genus := 21;
s`Level := 6;
s`PermutationTriple := [ PermutationGroup<64 |  
\[ 2, 3, 4, 5, 6, 7, 8, 9, 10, 11, 12, 13, 14, 15, 16, 17, 18, 19, 20, 21, 22, 23, 24, 25, 26, 27, 28, 29, 30, 31, 32, 33, 34, 35, 36, 37, 38, 39, 40, 41, 42, 43, 44, 45, 46, 47, 48, 49, 50, 51, 52, 53, 54, 55, 56, 57, 58, 59, 60, 61, 62, 63, 64, 1 ],
\[ 2, 1, 3, 4, 5, 6, 7, 8, 9, 10, 11, 12, 13, 14, 15, 16, 17, 18, 19, 20, 21, 22, 23, 24, 25, 26, 27, 28, 29, 30, 31, 32, 33, 34, 35, 36, 37, 38, 39, 40, 41, 42, 43, 44, 45, 46, 47, 48, 49, 50, 51, 52, 53, 54, 55, 56, 57, 58, 59, 60, 61, 62, 63, 64 ]:
 Order := 126886932185884164103433389335161480802865516174545192198801894375214704230400000000000000 > |
[ 2, 9, 8, 17, 11, 1, 19, 29, 6, 13, 32, 20, 23, 16, 3, 33, 12, 26, 24, 4, 28, 5, 25, 27, 10, 34, 7, 35, 15, 31, 36, 22, 38, 44, 47, 40, 39, 14, 51, 30, 42, 52, 46, 18, 48, 49, 21, 54, 50, 43, 53, 58, 37, 55, 45, 57, 61, 41, 60, 62, 63, 64, 56, 59 ],
[ 3, 10, 14, 6, 13, 23, 1, 30, 29, 16, 15, 2, 31, 37, 36, 41, 32, 20, 22, 5, 4, 8, 38, 9, 40, 27, 11, 7, 33, 39, 42, 25, 51, 17, 12, 53, 56, 52, 59, 58, 57, 60, 44, 19, 18, 47, 24, 21, 26, 28, 61, 63, 62, 34, 35, 45, 49, 64, 48, 50, 54, 55, 43, 46 ],
[ 4, 7, 11, 18, 19, 24, 26, 1, 12, 32, 20, 34, 2, 23, 9, 3, 21, 43, 28, 35, 46, 17, 5, 44, 6, 45, 47, 48, 22, 25, 8, 27, 10, 49, 50, 13, 36, 29, 14, 15, 40, 16, 60, 54, 62, 63, 55, 56, 64, 57, 30, 31, 33, 59, 61, 52, 37, 38, 58, 39, 41, 42, 51, 53 ]
];
s`MonodromyGroup := PermutationGroup<64 |  
\[ 2, 9, 8, 17, 11, 1, 19, 29, 6, 13, 32, 20, 23, 16, 3, 33, 12, 26, 24, 4, 28, 5, 25, 27, 10, 34, 7, 35, 15, 31, 36, 22, 38, 44, 47, 40, 39, 14, 51, 30, 42, 52, 46, 18, 48, 49, 21, 54, 50, 43, 53, 58, 37, 55, 45, 57, 61, 41, 60, 62, 63, 64, 56, 59 ],
\[ 3, 10, 14, 6, 13, 23, 1, 30, 29, 16, 15, 2, 31, 37, 36, 41, 32, 20, 22, 5, 4, 8, 38, 9, 40, 27, 11, 7, 33, 39, 42, 25, 51, 17, 12, 53, 56, 52, 59, 58, 57, 60, 44, 19, 18, 47, 24, 21, 26, 28, 61, 63, 62, 34, 35, 45, 49, 64, 48, 50, 54, 55, 43, 46 ],
\[ 4, 7, 11, 18, 19, 24, 26, 1, 12, 32, 20, 34, 2, 23, 9, 3, 21, 43, 28, 35, 46, 17, 5, 44, 6, 45, 47, 48, 22, 25, 8, 27, 10, 49, 50, 13, 36, 29, 14, 15, 40, 16, 60, 54, 62, 63, 55, 56, 64, 57, 30, 31, 33, 59, 61, 52, 37, 38, 58, 39, 41, 42, 51, 53 ] >;

/*
Edge printing
*/

s`Edges := [];
edge1 := TwoEdgeInitialize();
edge1`Blocks := {@ PowerSet(IntegerRing()) |
{ IntegerRing() | 1, 5 },
{ IntegerRing() | 2, 11 },
{ IntegerRing() | 3, 13 },
{ IntegerRing() | 4, 19 },
{ IntegerRing() | 6, 22 },
{ IntegerRing() | 7, 20 },
{ IntegerRing() | 8, 23 },
{ IntegerRing() | 9, 32 },
{ IntegerRing() | 10, 15 },
{ IntegerRing() | 12, 27 },
{ IntegerRing() | 14, 31 },
{ IntegerRing() | 16, 36 },
{ IntegerRing() | 17, 24 },
{ IntegerRing() | 18, 28 },
{ IntegerRing() | 21, 44 },
{ IntegerRing() | 25, 29 },
{ IntegerRing() | 26, 35 },
{ IntegerRing() | 30, 38 },
{ IntegerRing() | 33, 40 },
{ IntegerRing() | 34, 47 },
{ IntegerRing() | 37, 42 },
{ IntegerRing() | 39, 52 },
{ IntegerRing() | 41, 53 },
{ IntegerRing() | 43, 48 },
{ IntegerRing() | 45, 50 },
{ IntegerRing() | 46, 54 },
{ IntegerRing() | 49, 55 },
{ IntegerRing() | 51, 58 },
{ IntegerRing() | 56, 60 },
{ IntegerRing() | 57, 62 },
{ IntegerRing() | 59, 63 },
{ IntegerRing() | 61, 64 }
@};
edge1`UpstairsTriple := [ PermutationGroup<64 |  
\[ 2, 3, 4, 5, 6, 7, 8, 9, 10, 11, 12, 13, 14, 15, 16, 17, 18, 19, 20, 21, 22, 23, 24, 25, 26, 27, 28, 29, 30, 31, 32, 33, 34, 35, 36, 37, 38, 39, 40, 41, 42, 43, 44, 45, 46, 47, 48, 49, 50, 51, 52, 53, 54, 55, 56, 57, 58, 59, 60, 61, 62, 63, 64, 1 ],
\[ 2, 1, 3, 4, 5, 6, 7, 8, 9, 10, 11, 12, 13, 14, 15, 16, 17, 18, 19, 20, 21, 22, 23, 24, 25, 26, 27, 28, 29, 30, 31, 32, 33, 34, 35, 36, 37, 38, 39, 40, 41, 42, 43, 44, 45, 46, 47, 48, 49, 50, 51, 52, 53, 54, 55, 56, 57, 58, 59, 60, 61, 62, 63, 64 ]:
 Order := 126886932185884164103433389335161480802865516174545192198801894375214704230400000000000000 > |
[ 2, 9, 8, 17, 11, 1, 19, 29, 6, 13, 32, 20, 23, 16, 3, 33, 12, 26, 24, 4, 28, 5, 25, 27, 10, 34, 7, 35, 15, 31, 36, 22, 38, 44, 47, 40, 39, 14, 51, 30, 42, 52, 46, 18, 48, 49, 21, 54, 50, 43, 53, 58, 37, 55, 45, 57, 61, 41, 60, 62, 63, 64, 56, 59 ],
[ 3, 10, 14, 6, 13, 23, 1, 30, 29, 16, 15, 2, 31, 37, 36, 41, 32, 20, 22, 5, 4, 8, 38, 9, 40, 27, 11, 7, 33, 39, 42, 25, 51, 17, 12, 53, 56, 52, 59, 58, 57, 60, 44, 19, 18, 47, 24, 21, 26, 28, 61, 63, 62, 34, 35, 45, 49, 64, 48, 50, 54, 55, 43, 46 ],
[ 4, 7, 11, 18, 19, 24, 26, 1, 12, 32, 20, 34, 2, 23, 9, 3, 21, 43, 28, 35, 46, 17, 5, 44, 6, 45, 47, 48, 22, 25, 8, 27, 10, 49, 50, 13, 36, 29, 14, 15, 40, 16, 60, 54, 62, 63, 55, 56, 64, 57, 30, 31, 33, 59, 61, 52, 37, 38, 58, 39, 41, 42, 51, 53 ]
];
edge1`UpstairsFilename := "64S44-4,16,16-g21-3769644758.m";
edge1`DownstairsTriple := [ PermutationGroup<32 |  
\[ 2, 3, 4, 5, 6, 7, 8, 9, 10, 11, 12, 13, 14, 15, 16, 17, 18, 19, 20, 21, 22, 23, 24, 25, 26, 27, 28, 29, 30, 31, 32, 1 ],
\[ 2, 1, 3, 4, 5, 6, 7, 8, 9, 10, 11, 12, 13, 14, 15, 16, 17, 18, 19, 20, 21, 22, 23, 24, 25, 26, 27, 28, 29, 30, 31, 32 ]:
 Order := 263130836933693530167218012160000000 > |
[ 6, 1, 8, 9, 2, 5, 4, 10, 15, 11, 3, 13, 20, 17, 7, 14, 19, 12, 16, 18, 22, 28, 21, 26, 24, 27, 25, 23, 30, 32, 29, 31 ],
[ 3, 8, 12, 2, 10, 11, 1, 18, 5, 20, 13, 21, 23, 7, 6, 4, 15, 22, 9, 28, 29, 31, 30, 16, 14, 19, 17, 32, 25, 27, 24, 26 ],
[ 4, 9, 6, 14, 15, 7, 17, 1, 16, 2, 5, 8, 3, 24, 19, 26, 25, 10, 27, 11, 13, 12, 20, 29, 30, 31, 32, 18, 22, 21, 28, 23 ]
];
edge1`DownstairsFilename := "32S12-4,8,8-g9-1086144173.m";
Append(~s`Edges, edge1);
edge2 := TwoEdgeInitialize();
edge2`Blocks := {@ PowerSet(IntegerRing()) |
{ IntegerRing() | 1, 5 },
{ IntegerRing() | 2, 6 },
{ IntegerRing() | 3, 15 },
{ IntegerRing() | 4, 19 },
{ IntegerRing() | 7, 10 },
{ IntegerRing() | 8, 12 },
{ IntegerRing() | 9, 22 },
{ IntegerRing() | 11, 23 },
{ IntegerRing() | 13, 39 },
{ IntegerRing() | 14, 29 },
{ IntegerRing() | 16, 31 },
{ IntegerRing() | 17, 20 },
{ IntegerRing() | 18, 45 },
{ IntegerRing() | 21, 43 },
{ IntegerRing() | 24, 26 },
{ IntegerRing() | 25, 33 },
{ IntegerRing() | 27, 34 },
{ IntegerRing() | 28, 37 },
{ IntegerRing() | 30, 35 },
{ IntegerRing() | 32, 36 },
{ IntegerRing() | 38, 51 },
{ IntegerRing() | 40, 56 },
{ IntegerRing() | 41, 52 },
{ IntegerRing() | 42, 53 },
{ IntegerRing() | 44, 49 },
{ IntegerRing() | 46, 54 },
{ IntegerRing() | 47, 50 },
{ IntegerRing() | 48, 55 },
{ IntegerRing() | 57, 61 },
{ IntegerRing() | 58, 63 },
{ IntegerRing() | 59, 62 },
{ IntegerRing() | 60, 64 }
@};
edge2`UpstairsTriple := [ PermutationGroup<64 |  
\[ 2, 3, 4, 5, 6, 7, 8, 9, 10, 11, 12, 13, 14, 15, 16, 17, 18, 19, 20, 21, 22, 23, 24, 25, 26, 27, 28, 29, 30, 31, 32, 33, 34, 35, 36, 37, 38, 39, 40, 41, 42, 43, 44, 45, 46, 47, 48, 49, 50, 51, 52, 53, 54, 55, 56, 57, 58, 59, 60, 61, 62, 63, 64, 1 ],
\[ 2, 1, 3, 4, 5, 6, 7, 8, 9, 10, 11, 12, 13, 14, 15, 16, 17, 18, 19, 20, 21, 22, 23, 24, 25, 26, 27, 28, 29, 30, 31, 32, 33, 34, 35, 36, 37, 38, 39, 40, 41, 42, 43, 44, 45, 46, 47, 48, 49, 50, 51, 52, 53, 54, 55, 56, 57, 58, 59, 60, 61, 62, 63, 64 ]:
 Order := 126886932185884164103433389335161480802865516174545192198801894375214704230400000000000000 > |
[ 6, 1, 8, 20, 2, 5, 26, 15, 11, 24, 22, 3, 16, 36, 12, 39, 4, 25, 17, 19, 27, 23, 9, 7, 45, 10, 43, 30, 32, 37, 13, 14, 18, 21, 28, 29, 35, 40, 31, 51, 42, 52, 34, 47, 33, 48, 49, 54, 50, 44, 56, 53, 41, 55, 46, 38, 58, 61, 60, 62, 63, 64, 57, 59 ],
[ 3, 9, 13, 2, 15, 22, 1, 28, 31, 5, 35, 37, 38, 12, 39, 41, 32, 17, 6, 36, 4, 16, 30, 14, 24, 29, 7, 40, 8, 42, 52, 23, 26, 10, 53, 11, 56, 57, 51, 59, 58, 60, 19, 33, 20, 18, 34, 21, 25, 27, 61, 63, 64, 45, 43, 62, 46, 49, 48, 50, 54, 55, 44, 47 ],
[ 4, 10, 14, 18, 19, 7, 25, 1, 32, 33, 2, 5, 9, 17, 29, 3, 43, 44, 45, 21, 47, 36, 6, 34, 46, 27, 48, 11, 20, 8, 15, 26, 54, 55, 12, 24, 23, 37, 22, 13, 35, 16, 50, 60, 49, 62, 63, 57, 64, 58, 28, 30, 31, 59, 61, 39, 52, 38, 53, 40, 41, 42, 51, 56 ]
];
edge2`UpstairsFilename := "64S44-4,16,16-g21-4139649448.m";
edge2`DownstairsTriple := [ PermutationGroup<32 |  
\[ 2, 3, 4, 5, 6, 7, 8, 9, 10, 11, 12, 13, 14, 15, 16, 17, 18, 19, 20, 21, 22, 23, 24, 25, 26, 27, 28, 29, 30, 31, 32, 1 ],
\[ 2, 1, 3, 4, 5, 6, 7, 8, 9, 10, 11, 12, 13, 14, 15, 16, 17, 18, 19, 20, 21, 22, 23, 24, 25, 26, 27, 28, 29, 30, 31, 32 ]:
 Order := 263130836933693530167218012160000000 > |
[ 9, 5, 7, 8, 2, 10, 3, 4, 1, 6, 13, 14, 11, 12, 17, 18, 15, 16, 20, 19, 22, 21, 24, 23, 27, 28, 25, 26, 30, 29, 32, 31 ],
[ 3, 7, 12, 9, 13, 1, 19, 5, 11, 2, 14, 21, 20, 23, 8, 4, 10, 6, 22, 24, 29, 31, 30, 32, 17, 15, 18, 16, 26, 25, 28, 27 ],
[ 4, 8, 2, 15, 10, 17, 1, 16, 6, 18, 5, 11, 9, 3, 25, 27, 26, 28, 13, 7, 19, 12, 20, 14, 32, 31, 30, 29, 23, 21, 24, 22 ]
];
edge2`DownstairsFilename := "32S17-2,16,16-g7-2066410613.m";
Append(~s`Edges, edge2);
edge3 := TwoEdgeInitialize();
edge3`Blocks := {@ PowerSet(IntegerRing()) |
{ IntegerRing() | 1, 5 },
{ IntegerRing() | 2, 11 },
{ IntegerRing() | 3, 16 },
{ IntegerRing() | 4, 21 },
{ IntegerRing() | 6, 19 },
{ IntegerRing() | 7, 10 },
{ IntegerRing() | 8, 14 },
{ IntegerRing() | 9, 32 },
{ IntegerRing() | 12, 26 },
{ IntegerRing() | 13, 29 },
{ IntegerRing() | 15, 38 },
{ IntegerRing() | 17, 24 },
{ IntegerRing() | 18, 30 },
{ IntegerRing() | 20, 44 },
{ IntegerRing() | 22, 25 },
{ IntegerRing() | 23, 27 },
{ IntegerRing() | 28, 33 },
{ IntegerRing() | 31, 35 },
{ IntegerRing() | 34, 45 },
{ IntegerRing() | 36, 39 },
{ IntegerRing() | 37, 55 },
{ IntegerRing() | 40, 41 },
{ IntegerRing() | 42, 51 },
{ IntegerRing() | 43, 62 },
{ IntegerRing() | 46, 47 },
{ IntegerRing() | 48, 49 },
{ IntegerRing() | 50, 53 },
{ IntegerRing() | 52, 54 },
{ IntegerRing() | 56, 64 },
{ IntegerRing() | 57, 58 },
{ IntegerRing() | 59, 60 },
{ IntegerRing() | 61, 63 }
@};
edge3`UpstairsTriple := [ PermutationGroup<64 |  
\[ 2, 3, 4, 5, 6, 7, 8, 9, 10, 11, 12, 13, 14, 15, 16, 17, 18, 19, 20, 21, 22, 23, 24, 25, 26, 27, 28, 29, 30, 31, 32, 33, 34, 35, 36, 37, 38, 39, 40, 41, 42, 43, 44, 45, 46, 47, 48, 49, 50, 51, 52, 53, 54, 55, 56, 57, 58, 59, 60, 61, 62, 63, 64, 1 ],
\[ 2, 1, 3, 4, 5, 6, 7, 8, 9, 10, 11, 12, 13, 14, 15, 16, 17, 18, 19, 20, 21, 22, 23, 24, 25, 26, 27, 28, 29, 30, 31, 32, 33, 34, 35, 36, 37, 38, 39, 40, 41, 42, 43, 44, 45, 46, 47, 48, 49, 50, 51, 52, 53, 54, 55, 56, 57, 58, 59, 60, 61, 62, 63, 64 ]:
 Order := 126886932185884164103433389335161480802865516174545192198801894375214704230400000000000000 > |
[ 11, 32, 8, 10, 2, 5, 12, 13, 19, 26, 9, 22, 24, 29, 18, 14, 16, 35, 1, 27, 7, 21, 28, 3, 4, 25, 33, 45, 17, 31, 39, 6, 34, 20, 36, 15, 40, 30, 38, 51, 42, 52, 47, 23, 44, 48, 49, 53, 50, 43, 54, 55, 62, 37, 41, 57, 60, 59, 61, 63, 64, 46, 56, 58 ],
[ 3, 8, 15, 19, 16, 24, 1, 30, 13, 5, 14, 2, 35, 18, 37, 38, 36, 41, 17, 25, 6, 9, 4, 39, 32, 11, 21, 7, 31, 40, 42, 29, 10, 12, 51, 52, 56, 55, 54, 58, 57, 59, 34, 22, 26, 20, 44, 23, 27, 28, 60, 63, 33, 61, 64, 46, 49, 48, 50, 53, 62, 45, 43, 47 ],
[ 4, 10, 6, 20, 21, 25, 27, 1, 26, 23, 7, 28, 2, 5, 17, 19, 32, 3, 22, 43, 44, 34, 47, 9, 45, 33, 46, 48, 11, 16, 8, 12, 49, 53, 14, 13, 39, 24, 29, 15, 38, 18, 59, 62, 50, 61, 63, 56, 64, 57, 30, 31, 58, 35, 36, 52, 37, 55, 40, 41, 42, 60, 51, 54 ]
];
edge3`UpstairsFilename := "64S44-4,16,16-g21-799978095.m";
edge3`DownstairsTriple := [ PermutationGroup<32 |  
\[ 2, 3, 4, 5, 6, 7, 8, 9, 10, 11, 12, 13, 14, 15, 16, 17, 18, 19, 20, 21, 22, 23, 24, 25, 26, 27, 28, 29, 30, 31, 32, 1 ],
\[ 2, 1, 3, 4, 5, 6, 7, 8, 9, 10, 11, 12, 13, 14, 15, 16, 17, 18, 19, 20, 21, 22, 23, 24, 25, 26, 27, 28, 29, 30, 31, 32 ]:
 Order := 263130836933693530167218012160000000 > |
[ 10, 24, 22, 21, 2, 5, 25, 26, 20, 9, 31, 28, 29, 8, 14, 32, 27, 7, 18, 1, 11, 12, 30, 6, 19, 15, 16, 3, 23, 13, 4, 17 ],
[ 3, 8, 13, 6, 14, 15, 1, 16, 12, 22, 2, 23, 4, 27, 17, 7, 19, 20, 9, 28, 5, 29, 11, 26, 10, 32, 18, 30, 21, 31, 24, 25 ],
[ 18, 21, 20, 30, 4, 31, 27, 5, 25, 7, 29, 10, 28, 6, 24, 14, 26, 17, 32, 19, 13, 1, 22, 11, 16, 2, 15, 9, 3, 12, 23, 8 ]
];
edge3`DownstairsFilename := "32S16-4,16,16-g11-2704945340.m";
Append(~s`Edges, edge3);

/*
Return for eval
*/

return s;
