s := TwoDBInitialize();

/*
Magma printing
*/

s`AutomorphismGroup := PermutationGroup<64 |  
\[ 54, 40, 33, 30, 64, 34, 48, 53, 15, 59, 24, 37, 11, 55, 25, 29, 9, 52, 12, 27, 56, 61, 63, 26, 44, 50, 3, 38, 6, 13, 45, 58, 19, 35, 2, 31, 7, 46, 51, 20, 28, 32, 49, 8, 47, 60, 62, 16, 14, 1, 21, 36, 4, 17, 42, 57, 10, 22, 43, 23, 39, 5, 18, 41 ],
\[ 2, 9, 8, 7, 10, 1, 11, 12, 27, 28, 29, 30, 16, 23, 3, 26, 20, 22, 4, 25, 5, 31, 32, 6, 33, 34, 44, 49, 50, 48, 51, 52, 53, 54, 17, 39, 13, 14, 47, 15, 43, 18, 46, 19, 21, 55, 56, 24, 60, 35, 62, 61, 37, 40, 63, 64, 41, 36, 38, 42, 45, 57, 58, 59 ],
\[ 64, 59, 55, 52, 54, 56, 61, 63, 38, 40, 45, 58, 31, 33, 46, 51, 28, 30, 32, 49, 34, 48, 53, 47, 60, 62, 14, 15, 21, 36, 24, 37, 42, 57, 10, 11, 22, 25, 29, 43, 9, 12, 27, 23, 26, 44, 50, 39, 3, 5, 6, 13, 18, 41, 19, 35, 2, 7, 20, 8, 16, 1, 4, 17 ]:
 Order := 64 >;
s`Blocks := {@ PowerSet(IntegerRing()) |
{ IntegerRing() | 1, 5 },
{ IntegerRing() | 2, 10 },
{ IntegerRing() | 3, 14 },
{ IntegerRing() | 4, 18 },
{ IntegerRing() | 6, 21 },
{ IntegerRing() | 7, 22 },
{ IntegerRing() | 8, 23 },
{ IntegerRing() | 9, 28 },
{ IntegerRing() | 11, 31 },
{ IntegerRing() | 12, 32 },
{ IntegerRing() | 13, 36 },
{ IntegerRing() | 15, 38 },
{ IntegerRing() | 16, 39 },
{ IntegerRing() | 17, 41 },
{ IntegerRing() | 19, 42 },
{ IntegerRing() | 20, 43 },
{ IntegerRing() | 24, 45 },
{ IntegerRing() | 25, 46 },
{ IntegerRing() | 26, 47 },
{ IntegerRing() | 27, 49 },
{ IntegerRing() | 29, 51 },
{ IntegerRing() | 30, 52 },
{ IntegerRing() | 33, 55 },
{ IntegerRing() | 34, 56 },
{ IntegerRing() | 35, 57 },
{ IntegerRing() | 37, 58 },
{ IntegerRing() | 40, 59 },
{ IntegerRing() | 44, 60 },
{ IntegerRing() | 48, 61 },
{ IntegerRing() | 50, 62 },
{ IntegerRing() | 53, 63 },
{ IntegerRing() | 54, 64 }
@};
s`Child := "32S1-32,32,16-g15-path3";
s`Degree := 64;
s`Filename := "64S50-32,32,16-g29-path6.m";
s`GaloisOrbit := [ PowerSequence(PermutationGroup<64 |  
\[ 2, 3, 4, 5, 6, 7, 8, 9, 10, 11, 12, 13, 14, 15, 16, 17, 18, 19, 20, 21, 22, 23, 24, 25, 26, 27, 28, 29, 30, 31, 32, 33, 34, 35, 36, 37, 38, 39, 40, 41, 42, 43, 44, 45, 46, 47, 48, 49, 50, 51, 52, 53, 54, 55, 56, 57, 58, 59, 60, 61, 62, 63, 64, 1 ],
\[ 2, 1, 3, 4, 5, 6, 7, 8, 9, 10, 11, 12, 13, 14, 15, 16, 17, 18, 19, 20, 21, 22, 23, 24, 25, 26, 27, 28, 29, 30, 31, 32, 33, 34, 35, 36, 37, 38, 39, 40, 41, 42, 43, 44, 45, 46, 47, 48, 49, 50, 51, 52, 53, 54, 55, 56, 57, 58, 59, 60, 61, 62, 63, 64 ]:
 Order := 126886932185884164103433389335161480802865516174545192198801894375214704230400000000000000 >) |
[ PermutationGroup<64 |  
\[ 2, 3, 4, 5, 6, 7, 8, 9, 10, 11, 12, 13, 14, 15, 16, 17, 18, 19, 20, 21, 22, 23, 24, 25, 26, 27, 28, 29, 30, 31, 32, 33, 34, 35, 36, 37, 38, 39, 40, 41, 42, 43, 44, 45, 46, 47, 48, 49, 50, 51, 52, 53, 54, 55, 56, 57, 58, 59, 60, 61, 62, 63, 64, 1 ],
\[ 2, 1, 3, 4, 5, 6, 7, 8, 9, 10, 11, 12, 13, 14, 15, 16, 17, 18, 19, 20, 21, 22, 23, 24, 25, 26, 27, 28, 29, 30, 31, 32, 33, 34, 35, 36, 37, 38, 39, 40, 41, 42, 43, 44, 45, 46, 47, 48, 49, 50, 51, 52, 53, 54, 55, 56, 57, 58, 59, 60, 61, 62, 63, 64 ]:
 Order := 126886932185884164103433389335161480802865516174545192198801894375214704230400000000000000 > |
[ 2, 9, 8, 7, 10, 1, 11, 12, 27, 28, 29, 30, 16, 23, 3, 26, 20, 22, 4, 25, 5, 31, 32, 6, 33, 34, 44, 49, 50, 48, 51, 52, 53, 54, 17, 39, 13, 14, 47, 15, 43, 18, 46, 19, 21, 55, 56, 24, 60, 35, 62, 61, 37, 40, 63, 64, 41, 36, 38, 42, 45, 57, 58, 59 ],
[ 14, 23, 36, 21, 3, 38, 5, 39, 32, 8, 10, 47, 57, 13, 58, 41, 42, 6, 45, 18, 15, 1, 16, 59, 22, 43, 52, 12, 28, 56, 2, 26, 31, 46, 60, 35, 62, 37, 17, 63, 19, 24, 4, 61, 40, 7, 20, 64, 30, 49, 9, 34, 51, 55, 11, 25, 44, 50, 53, 48, 54, 27, 29, 33 ],
[ 18, 22, 21, 41, 4, 42, 43, 5, 31, 7, 46, 10, 38, 6, 45, 14, 36, 17, 57, 39, 19, 20, 1, 60, 47, 23, 51, 11, 55, 28, 25, 2, 56, 32, 58, 15, 59, 24, 3, 61, 13, 35, 16, 62, 44, 26, 8, 49, 29, 63, 33, 9, 64, 52, 34, 12, 37, 40, 48, 50, 27, 53, 54, 30 ]
]
];
s`GaloisOrbitSize := 1;
s`Genus := 29;
s`Geometry := "Hyperbolic";
s`Level := 6;
s`MonodromyGroup := PermutationGroup<64 |  
\[ 2, 9, 8, 7, 10, 1, 11, 12, 27, 28, 29, 30, 16, 23, 3, 26, 20, 22, 4, 25, 5, 31, 32, 6, 33, 34, 44, 49, 50, 48, 51, 52, 53, 54, 17, 39, 13, 14, 47, 15, 43, 18, 46, 19, 21, 55, 56, 24, 60, 35, 62, 61, 37, 40, 63, 64, 41, 36, 38, 42, 45, 57, 58, 59 ],
\[ 14, 23, 36, 21, 3, 38, 5, 39, 32, 8, 10, 47, 57, 13, 58, 41, 42, 6, 45, 18, 15, 1, 16, 59, 22, 43, 52, 12, 28, 56, 2, 26, 31, 46, 60, 35, 62, 37, 17, 63, 19, 24, 4, 61, 40, 7, 20, 64, 30, 49, 9, 34, 51, 55, 11, 25, 44, 50, 53, 48, 54, 27, 29, 33 ],
\[ 18, 22, 21, 41, 4, 42, 43, 5, 31, 7, 46, 10, 38, 6, 45, 14, 36, 17, 57, 39, 19, 20, 1, 60, 47, 23, 51, 11, 55, 28, 25, 2, 56, 32, 58, 15, 59, 24, 3, 61, 13, 35, 16, 62, 44, 26, 8, 49, 29, 63, 33, 9, 64, 52, 34, 12, 37, 40, 48, 50, 27, 53, 54, 30 ] >;
s`Name := "64S50-32,32,16-g29-path6";
s`Orders := \[ 32, 32, 16 ];
s`Passport := [ PowerSequence(PermutationGroup<64 |  
\[ 2, 9, 8, 7, 10, 1, 11, 12, 27, 28, 29, 30, 16, 23, 3, 26, 20, 22, 4, 25, 5, 31, 32, 6, 33, 34, 44, 49, 50, 48, 51, 52, 53, 54, 17, 39, 13, 14, 47, 15, 43, 18, 46, 19, 21, 55, 56, 24, 60, 35, 62, 61, 37, 40, 63, 64, 41, 36, 38, 42, 45, 57, 58, 59 ],
\[ 14, 23, 36, 21, 3, 38, 5, 39, 32, 8, 10, 47, 57, 13, 58, 41, 42, 6, 45, 18, 15, 1, 16, 59, 22, 43, 52, 12, 28, 56, 2, 26, 31, 46, 60, 35, 62, 37, 17, 63, 19, 24, 4, 61, 40, 7, 20, 64, 30, 49, 9, 34, 51, 55, 11, 25, 44, 50, 53, 48, 54, 27, 29, 33 ],
\[ 18, 22, 21, 41, 4, 42, 43, 5, 31, 7, 46, 10, 38, 6, 45, 14, 36, 17, 57, 39, 19, 20, 1, 60, 47, 23, 51, 11, 55, 28, 25, 2, 56, 32, 58, 15, 59, 24, 3, 61, 13, 35, 16, 62, 44, 26, 8, 49, 29, 63, 33, 9, 64, 52, 34, 12, 37, 40, 48, 50, 27, 53, 54, 30 ]:
 Order := 64 >) |
[ PermutationGroup<64 |  
\[ 2, 9, 8, 7, 10, 1, 11, 12, 27, 28, 29, 30, 16, 23, 3, 26, 20, 22, 4, 25, 5, 31, 32, 6, 33, 34, 44, 49, 50, 48, 51, 52, 53, 54, 17, 39, 13, 14, 47, 15, 43, 18, 46, 19, 21, 55, 56, 24, 60, 35, 62, 61, 37, 40, 63, 64, 41, 36, 38, 42, 45, 57, 58, 59 ],
\[ 14, 23, 36, 21, 3, 38, 5, 39, 32, 8, 10, 47, 57, 13, 58, 41, 42, 6, 45, 18, 15, 1, 16, 59, 22, 43, 52, 12, 28, 56, 2, 26, 31, 46, 60, 35, 62, 37, 17, 63, 19, 24, 4, 61, 40, 7, 20, 64, 30, 49, 9, 34, 51, 55, 11, 25, 44, 50, 53, 48, 54, 27, 29, 33 ],
\[ 18, 22, 21, 41, 4, 42, 43, 5, 31, 7, 46, 10, 38, 6, 45, 14, 36, 17, 57, 39, 19, 20, 1, 60, 47, 23, 51, 11, 55, 28, 25, 2, 56, 32, 58, 15, 59, 24, 3, 61, 13, 35, 16, 62, 44, 26, 8, 49, 29, 63, 33, 9, 64, 52, 34, 12, 37, 40, 48, 50, 27, 53, 54, 30 ]:
 Order := 64 > |
[ 2, 9, 8, 7, 10, 1, 11, 12, 27, 28, 29, 30, 16, 23, 3, 26, 20, 22, 4, 25, 5, 31, 32, 6, 33, 34, 44, 49, 50, 48, 51, 52, 53, 54, 17, 39, 13, 14, 47, 15, 43, 18, 46, 19, 21, 55, 56, 24, 60, 35, 62, 61, 37, 40, 63, 64, 41, 36, 38, 42, 45, 57, 58, 59 ],
[ 56, 64, 46, 32, 34, 47, 52, 55, 59, 54, 61, 63, 22, 25, 43, 31, 10, 12, 23, 28, 26, 30, 33, 39, 49, 51, 38, 40, 45, 58, 48, 53, 60, 62, 5, 7, 18, 20, 11, 41, 2, 8, 9, 14, 16, 27, 29, 36, 15, 21, 24, 37, 42, 57, 44, 50, 1, 4, 17, 3, 13, 6, 19, 35 ],
[ 62, 57, 49, 63, 50, 51, 58, 60, 41, 35, 36, 42, 52, 27, 28, 61, 64, 53, 55, 59, 29, 37, 44, 31, 38, 45, 43, 17, 39, 18, 13, 19, 14, 21, 56, 30, 32, 9, 48, 10, 54, 33, 40, 46, 11, 15, 24, 22, 20, 47, 16, 4, 23, 5, 3, 6, 34, 12, 2, 25, 7, 26, 8, 1 ]
],
[ PermutationGroup<64 |  
\[ 2, 9, 8, 7, 10, 1, 11, 12, 27, 28, 29, 30, 16, 23, 3, 26, 20, 22, 4, 25, 5, 31, 32, 6, 33, 34, 44, 49, 50, 48, 51, 52, 53, 54, 17, 39, 13, 14, 47, 15, 43, 18, 46, 19, 21, 55, 56, 24, 60, 35, 62, 61, 37, 40, 63, 64, 41, 36, 38, 42, 45, 57, 58, 59 ],
\[ 14, 23, 36, 21, 3, 38, 5, 39, 32, 8, 10, 47, 57, 13, 58, 41, 42, 6, 45, 18, 15, 1, 16, 59, 22, 43, 52, 12, 28, 56, 2, 26, 31, 46, 60, 35, 62, 37, 17, 63, 19, 24, 4, 61, 40, 7, 20, 64, 30, 49, 9, 34, 51, 55, 11, 25, 44, 50, 53, 48, 54, 27, 29, 33 ],
\[ 18, 22, 21, 41, 4, 42, 43, 5, 31, 7, 46, 10, 38, 6, 45, 14, 36, 17, 57, 39, 19, 20, 1, 60, 47, 23, 51, 11, 55, 28, 25, 2, 56, 32, 58, 15, 59, 24, 3, 61, 13, 35, 16, 62, 44, 26, 8, 49, 29, 63, 33, 9, 64, 52, 34, 12, 37, 40, 48, 50, 27, 53, 54, 30 ]:
 Order := 64 > |
[ 2, 9, 8, 7, 10, 1, 11, 12, 27, 28, 29, 30, 16, 23, 3, 26, 20, 22, 4, 25, 5, 31, 32, 6, 33, 34, 44, 49, 50, 48, 51, 52, 53, 54, 17, 39, 13, 14, 47, 15, 43, 18, 46, 19, 21, 55, 56, 24, 60, 35, 62, 61, 37, 40, 63, 64, 41, 36, 38, 42, 45, 57, 58, 59 ],
[ 58, 36, 62, 59, 37, 63, 38, 57, 39, 13, 14, 41, 49, 50, 51, 60, 61, 40, 64, 45, 53, 15, 35, 55, 21, 42, 47, 16, 23, 43, 3, 17, 5, 18, 52, 27, 28, 29, 44, 31, 48, 54, 24, 56, 33, 6, 19, 46, 26, 32, 8, 20, 10, 22, 1, 4, 30, 9, 11, 34, 25, 12, 2, 7 ],
[ 46, 55, 22, 47, 25, 43, 56, 31, 63, 33, 64, 51, 5, 7, 18, 10, 23, 26, 39, 32, 20, 34, 11, 41, 52, 28, 58, 53, 59, 62, 54, 29, 61, 49, 14, 1, 21, 4, 2, 42, 8, 16, 12, 36, 17, 30, 9, 57, 37, 38, 40, 50, 45, 60, 48, 27, 3, 6, 19, 13, 35, 15, 24, 44 ]
],
[ PermutationGroup<64 |  
\[ 2, 9, 8, 7, 10, 1, 11, 12, 27, 28, 29, 30, 16, 23, 3, 26, 20, 22, 4, 25, 5, 31, 32, 6, 33, 34, 44, 49, 50, 48, 51, 52, 53, 54, 17, 39, 13, 14, 47, 15, 43, 18, 46, 19, 21, 55, 56, 24, 60, 35, 62, 61, 37, 40, 63, 64, 41, 36, 38, 42, 45, 57, 58, 59 ],
\[ 14, 23, 36, 21, 3, 38, 5, 39, 32, 8, 10, 47, 57, 13, 58, 41, 42, 6, 45, 18, 15, 1, 16, 59, 22, 43, 52, 12, 28, 56, 2, 26, 31, 46, 60, 35, 62, 37, 17, 63, 19, 24, 4, 61, 40, 7, 20, 64, 30, 49, 9, 34, 51, 55, 11, 25, 44, 50, 53, 48, 54, 27, 29, 33 ],
\[ 18, 22, 21, 41, 4, 42, 43, 5, 31, 7, 46, 10, 38, 6, 45, 14, 36, 17, 57, 39, 19, 20, 1, 60, 47, 23, 51, 11, 55, 28, 25, 2, 56, 32, 58, 15, 59, 24, 3, 61, 13, 35, 16, 62, 44, 26, 8, 49, 29, 63, 33, 9, 64, 52, 34, 12, 37, 40, 48, 50, 27, 53, 54, 30 ]:
 Order := 64 > |
[ 2, 9, 8, 7, 10, 1, 11, 12, 27, 28, 29, 30, 16, 23, 3, 26, 20, 22, 4, 25, 5, 31, 32, 6, 33, 34, 44, 49, 50, 48, 51, 52, 53, 54, 17, 39, 13, 14, 47, 15, 43, 18, 46, 19, 21, 55, 56, 24, 60, 35, 62, 61, 37, 40, 63, 64, 41, 36, 38, 42, 45, 57, 58, 59 ],
[ 61, 45, 64, 49, 48, 52, 60, 59, 21, 24, 42, 38, 55, 54, 56, 63, 51, 27, 28, 62, 30, 44, 40, 32, 57, 58, 5, 6, 18, 14, 19, 15, 41, 36, 31, 33, 46, 34, 53, 47, 29, 9, 50, 10, 12, 35, 37, 23, 1, 22, 4, 3, 43, 39, 17, 13, 11, 25, 26, 2, 8, 7, 20, 16 ],
[ 28, 49, 32, 31, 9, 10, 51, 52, 60, 27, 62, 61, 47, 12, 23, 56, 46, 11, 22, 55, 2, 29, 30, 5, 63, 64, 42, 44, 57, 45, 50, 48, 58, 59, 43, 26, 39, 8, 34, 14, 25, 7, 33, 18, 1, 53, 54, 21, 19, 41, 35, 24, 36, 38, 37, 40, 20, 16, 3, 4, 6, 17, 13, 15 ]
],
[ PermutationGroup<64 |  
\[ 2, 9, 8, 7, 10, 1, 11, 12, 27, 28, 29, 30, 16, 23, 3, 26, 20, 22, 4, 25, 5, 31, 32, 6, 33, 34, 44, 49, 50, 48, 51, 52, 53, 54, 17, 39, 13, 14, 47, 15, 43, 18, 46, 19, 21, 55, 56, 24, 60, 35, 62, 61, 37, 40, 63, 64, 41, 36, 38, 42, 45, 57, 58, 59 ],
\[ 14, 23, 36, 21, 3, 38, 5, 39, 32, 8, 10, 47, 57, 13, 58, 41, 42, 6, 45, 18, 15, 1, 16, 59, 22, 43, 52, 12, 28, 56, 2, 26, 31, 46, 60, 35, 62, 37, 17, 63, 19, 24, 4, 61, 40, 7, 20, 64, 30, 49, 9, 34, 51, 55, 11, 25, 44, 50, 53, 48, 54, 27, 29, 33 ],
\[ 18, 22, 21, 41, 4, 42, 43, 5, 31, 7, 46, 10, 38, 6, 45, 14, 36, 17, 57, 39, 19, 20, 1, 60, 47, 23, 51, 11, 55, 28, 25, 2, 56, 32, 58, 15, 59, 24, 3, 61, 13, 35, 16, 62, 44, 26, 8, 49, 29, 63, 33, 9, 64, 52, 34, 12, 37, 40, 48, 50, 27, 53, 54, 30 ]:
 Order := 64 > |
[ 2, 9, 8, 7, 10, 1, 11, 12, 27, 28, 29, 30, 16, 23, 3, 26, 20, 22, 4, 25, 5, 31, 32, 6, 33, 34, 44, 49, 50, 48, 51, 52, 53, 54, 17, 39, 13, 14, 47, 15, 43, 18, 46, 19, 21, 55, 56, 24, 60, 35, 62, 61, 37, 40, 63, 64, 41, 36, 38, 42, 45, 57, 58, 59 ],
[ 51, 62, 28, 55, 29, 31, 63, 49, 57, 50, 58, 60, 32, 9, 10, 52, 56, 33, 46, 64, 11, 53, 27, 22, 59, 61, 41, 35, 36, 42, 37, 44, 38, 45, 47, 12, 23, 2, 30, 5, 34, 25, 54, 43, 7, 40, 48, 18, 17, 39, 13, 19, 14, 21, 15, 24, 26, 8, 1, 20, 4, 16, 3, 6 ],
[ 64, 59, 55, 52, 54, 56, 61, 63, 38, 40, 45, 58, 31, 33, 46, 51, 28, 30, 32, 49, 34, 48, 53, 47, 60, 62, 14, 15, 21, 36, 24, 37, 42, 57, 10, 11, 22, 25, 29, 43, 9, 12, 27, 23, 26, 44, 50, 39, 3, 5, 6, 13, 18, 41, 19, 35, 2, 7, 20, 8, 16, 1, 4, 17 ]
]
];
s`PassportName := "64S50-32,32,16-g29";
s`PassportSize := 4;
s`PathNumber := 6;
s`PathToPP1 := [ Strings() | "PP1", "2T1-2,2,1-g0-path1", "4T1-4,4,2-g1-path1", "8T1-8,8,4-g3-path1", "16T1-16,16,8-g7-path2", "32S1-32,32,16-g15-path3", "64S50-32,32,16-g29-path6" ];
s`PermutationTriple := [ PermutationGroup<64 |  
\[ 2, 3, 4, 5, 6, 7, 8, 9, 10, 11, 12, 13, 14, 15, 16, 17, 18, 19, 20, 21, 22, 23, 24, 25, 26, 27, 28, 29, 30, 31, 32, 33, 34, 35, 36, 37, 38, 39, 40, 41, 42, 43, 44, 45, 46, 47, 48, 49, 50, 51, 52, 53, 54, 55, 56, 57, 58, 59, 60, 61, 62, 63, 64, 1 ],
\[ 2, 1, 3, 4, 5, 6, 7, 8, 9, 10, 11, 12, 13, 14, 15, 16, 17, 18, 19, 20, 21, 22, 23, 24, 25, 26, 27, 28, 29, 30, 31, 32, 33, 34, 35, 36, 37, 38, 39, 40, 41, 42, 43, 44, 45, 46, 47, 48, 49, 50, 51, 52, 53, 54, 55, 56, 57, 58, 59, 60, 61, 62, 63, 64 ]:
 Order := 126886932185884164103433389335161480802865516174545192198801894375214704230400000000000000 > |
[ 2, 9, 8, 7, 10, 1, 11, 12, 27, 28, 29, 30, 16, 23, 3, 26, 20, 22, 4, 25, 5, 31, 32, 6, 33, 34, 44, 49, 50, 48, 51, 52, 53, 54, 17, 39, 13, 14, 47, 15, 43, 18, 46, 19, 21, 55, 56, 24, 60, 35, 62, 61, 37, 40, 63, 64, 41, 36, 38, 42, 45, 57, 58, 59 ],
[ 14, 23, 36, 21, 3, 38, 5, 39, 32, 8, 10, 47, 57, 13, 58, 41, 42, 6, 45, 18, 15, 1, 16, 59, 22, 43, 52, 12, 28, 56, 2, 26, 31, 46, 60, 35, 62, 37, 17, 63, 19, 24, 4, 61, 40, 7, 20, 64, 30, 49, 9, 34, 51, 55, 11, 25, 44, 50, 53, 48, 54, 27, 29, 33 ],
[ 18, 22, 21, 41, 4, 42, 43, 5, 31, 7, 46, 10, 38, 6, 45, 14, 36, 17, 57, 39, 19, 20, 1, 60, 47, 23, 51, 11, 55, 28, 25, 2, 56, 32, 58, 15, 59, 24, 3, 61, 13, 35, 16, 62, 44, 26, 8, 49, 29, 63, 33, 9, 64, 52, 34, 12, 37, 40, 48, 50, 27, 53, 54, 30 ]
];
s`PointedAutomorphismGroup := PermutationGroup<64 |  
\[ 50, 35, 27, 53, 62, 29, 37, 44, 17, 57, 13, 19, 30, 49, 9, 48, 54, 63, 33, 40, 51, 58, 60, 11, 15, 24, 20, 41, 16, 4, 36, 42, 3, 6, 34, 52, 12, 28, 61, 2, 64, 55, 59, 25, 31, 38, 45, 7, 43, 26, 39, 18, 8, 1, 14, 21, 56, 32, 10, 46, 22, 47, 23, 5 ],
\[ 6, 1, 15, 19, 21, 24, 4, 3, 2, 5, 7, 8, 37, 38, 40, 13, 35, 42, 44, 17, 45, 18, 14, 48, 20, 16, 9, 10, 11, 12, 22, 23, 25, 26, 50, 58, 53, 59, 36, 54, 57, 60, 41, 27, 61, 43, 39, 30, 28, 29, 31, 32, 33, 34, 46, 47, 62, 63, 64, 49, 52, 51, 55, 56 ]:
 Order := 32 >;
s`PointedPassport := [ PowerSequence(PermutationGroup<64 |  
\[ 2, 3, 4, 5, 6, 7, 8, 9, 10, 11, 12, 13, 14, 15, 16, 17, 18, 19, 20, 21, 22, 23, 24, 25, 26, 27, 28, 29, 30, 31, 32, 33, 34, 35, 36, 37, 38, 39, 40, 41, 42, 43, 44, 45, 46, 47, 48, 49, 50, 51, 52, 53, 54, 55, 56, 57, 58, 59, 60, 61, 62, 63, 64, 1 ],
\[ 2, 1, 3, 4, 5, 6, 7, 8, 9, 10, 11, 12, 13, 14, 15, 16, 17, 18, 19, 20, 21, 22, 23, 24, 25, 26, 27, 28, 29, 30, 31, 32, 33, 34, 35, 36, 37, 38, 39, 40, 41, 42, 43, 44, 45, 46, 47, 48, 49, 50, 51, 52, 53, 54, 55, 56, 57, 58, 59, 60, 61, 62, 63, 64 ]:
 Order := 126886932185884164103433389335161480802865516174545192198801894375214704230400000000000000 >) |
[ PermutationGroup<64 |  
\[ 2, 3, 4, 5, 6, 7, 8, 9, 10, 11, 12, 13, 14, 15, 16, 17, 18, 19, 20, 21, 22, 23, 24, 25, 26, 27, 28, 29, 30, 31, 32, 33, 34, 35, 36, 37, 38, 39, 40, 41, 42, 43, 44, 45, 46, 47, 48, 49, 50, 51, 52, 53, 54, 55, 56, 57, 58, 59, 60, 61, 62, 63, 64, 1 ],
\[ 2, 1, 3, 4, 5, 6, 7, 8, 9, 10, 11, 12, 13, 14, 15, 16, 17, 18, 19, 20, 21, 22, 23, 24, 25, 26, 27, 28, 29, 30, 31, 32, 33, 34, 35, 36, 37, 38, 39, 40, 41, 42, 43, 44, 45, 46, 47, 48, 49, 50, 51, 52, 53, 54, 55, 56, 57, 58, 59, 60, 61, 62, 63, 64 ]:
 Order := 126886932185884164103433389335161480802865516174545192198801894375214704230400000000000000 > |
[ 2, 9, 8, 7, 10, 1, 11, 12, 27, 28, 29, 30, 16, 23, 3, 26, 20, 22, 4, 25, 5, 31, 32, 6, 33, 34, 44, 49, 50, 48, 51, 52, 53, 54, 17, 39, 13, 14, 47, 15, 43, 18, 46, 19, 21, 55, 56, 24, 60, 35, 62, 61, 37, 40, 63, 64, 41, 36, 38, 42, 45, 57, 58, 59 ],
[ 14, 23, 36, 21, 3, 38, 5, 39, 32, 8, 10, 47, 57, 13, 58, 41, 42, 6, 45, 18, 15, 1, 16, 59, 22, 43, 52, 12, 28, 56, 2, 26, 31, 46, 60, 35, 62, 37, 17, 63, 19, 24, 4, 61, 40, 7, 20, 64, 30, 49, 9, 34, 51, 55, 11, 25, 44, 50, 53, 48, 54, 27, 29, 33 ],
[ 18, 22, 21, 41, 4, 42, 43, 5, 31, 7, 46, 10, 38, 6, 45, 14, 36, 17, 57, 39, 19, 20, 1, 60, 47, 23, 51, 11, 55, 28, 25, 2, 56, 32, 58, 15, 59, 24, 3, 61, 13, 35, 16, 62, 44, 26, 8, 49, 29, 63, 33, 9, 64, 52, 34, 12, 37, 40, 48, 50, 27, 53, 54, 30 ]
],
[ PermutationGroup<64 |  
\[ 2, 3, 4, 5, 6, 7, 8, 9, 10, 11, 12, 13, 14, 15, 16, 17, 18, 19, 20, 21, 22, 23, 24, 25, 26, 27, 28, 29, 30, 31, 32, 33, 34, 35, 36, 37, 38, 39, 40, 41, 42, 43, 44, 45, 46, 47, 48, 49, 50, 51, 52, 53, 54, 55, 56, 57, 58, 59, 60, 61, 62, 63, 64, 1 ],
\[ 2, 1, 3, 4, 5, 6, 7, 8, 9, 10, 11, 12, 13, 14, 15, 16, 17, 18, 19, 20, 21, 22, 23, 24, 25, 26, 27, 28, 29, 30, 31, 32, 33, 34, 35, 36, 37, 38, 39, 40, 41, 42, 43, 44, 45, 46, 47, 48, 49, 50, 51, 52, 53, 54, 55, 56, 57, 58, 59, 60, 61, 62, 63, 64 ]:
 Order := 126886932185884164103433389335161480802865516174545192198801894375214704230400000000000000 > |
[ 2, 9, 8, 7, 10, 1, 11, 12, 27, 28, 29, 30, 16, 23, 3, 26, 20, 22, 4, 25, 5, 31, 32, 6, 33, 34, 44, 49, 50, 48, 51, 52, 53, 54, 17, 39, 13, 14, 47, 15, 43, 18, 46, 19, 21, 55, 56, 24, 60, 35, 62, 61, 37, 40, 63, 64, 41, 36, 38, 42, 45, 57, 58, 59 ],
[ 42, 18, 45, 57, 19, 60, 41, 21, 22, 4, 43, 5, 59, 24, 61, 38, 58, 35, 62, 36, 44, 17, 6, 49, 39, 14, 31, 7, 46, 10, 20, 1, 47, 23, 63, 40, 64, 48, 15, 52, 37, 50, 13, 51, 27, 16, 3, 28, 11, 55, 25, 2, 56, 32, 26, 8, 53, 54, 30, 29, 9, 33, 34, 12 ],
[ 23, 32, 39, 5, 8, 14, 10, 47, 52, 12, 28, 56, 41, 16, 36, 43, 18, 1, 21, 22, 3, 2, 26, 38, 31, 46, 61, 30, 49, 64, 9, 34, 51, 55, 42, 17, 57, 13, 20, 58, 4, 6, 7, 45, 15, 11, 25, 59, 48, 60, 27, 54, 62, 63, 29, 33, 19, 35, 37, 24, 40, 44, 50, 53 ]
],
[ PermutationGroup<64 |  
\[ 2, 3, 4, 5, 6, 7, 8, 9, 10, 11, 12, 13, 14, 15, 16, 17, 18, 19, 20, 21, 22, 23, 24, 25, 26, 27, 28, 29, 30, 31, 32, 33, 34, 35, 36, 37, 38, 39, 40, 41, 42, 43, 44, 45, 46, 47, 48, 49, 50, 51, 52, 53, 54, 55, 56, 57, 58, 59, 60, 61, 62, 63, 64, 1 ],
\[ 2, 1, 3, 4, 5, 6, 7, 8, 9, 10, 11, 12, 13, 14, 15, 16, 17, 18, 19, 20, 21, 22, 23, 24, 25, 26, 27, 28, 29, 30, 31, 32, 33, 34, 35, 36, 37, 38, 39, 40, 41, 42, 43, 44, 45, 46, 47, 48, 49, 50, 51, 52, 53, 54, 55, 56, 57, 58, 59, 60, 61, 62, 63, 64 ]:
 Order := 126886932185884164103433389335161480802865516174545192198801894375214704230400000000000000 > |
[ 2, 9, 8, 7, 10, 1, 11, 12, 27, 28, 29, 30, 16, 23, 3, 26, 20, 22, 4, 25, 5, 31, 32, 6, 33, 34, 44, 49, 50, 48, 51, 52, 53, 54, 17, 39, 13, 14, 47, 15, 43, 18, 46, 19, 21, 55, 56, 24, 60, 35, 62, 61, 37, 40, 63, 64, 41, 36, 38, 42, 45, 57, 58, 59 ],
[ 58, 36, 62, 59, 37, 63, 38, 57, 39, 13, 14, 41, 49, 50, 51, 60, 61, 40, 64, 45, 53, 15, 35, 55, 21, 42, 47, 16, 23, 43, 3, 17, 5, 18, 52, 27, 28, 29, 44, 31, 48, 54, 24, 56, 33, 6, 19, 46, 26, 32, 8, 20, 10, 22, 1, 4, 30, 9, 11, 34, 25, 12, 2, 7 ],
[ 46, 55, 22, 47, 25, 43, 56, 31, 63, 33, 64, 51, 5, 7, 18, 10, 23, 26, 39, 32, 20, 34, 11, 41, 52, 28, 58, 53, 59, 62, 54, 29, 61, 49, 14, 1, 21, 4, 2, 42, 8, 16, 12, 36, 17, 30, 9, 57, 37, 38, 40, 50, 45, 60, 48, 27, 3, 6, 19, 13, 35, 15, 24, 44 ]
],
[ PermutationGroup<64 |  
\[ 2, 3, 4, 5, 6, 7, 8, 9, 10, 11, 12, 13, 14, 15, 16, 17, 18, 19, 20, 21, 22, 23, 24, 25, 26, 27, 28, 29, 30, 31, 32, 33, 34, 35, 36, 37, 38, 39, 40, 41, 42, 43, 44, 45, 46, 47, 48, 49, 50, 51, 52, 53, 54, 55, 56, 57, 58, 59, 60, 61, 62, 63, 64, 1 ],
\[ 2, 1, 3, 4, 5, 6, 7, 8, 9, 10, 11, 12, 13, 14, 15, 16, 17, 18, 19, 20, 21, 22, 23, 24, 25, 26, 27, 28, 29, 30, 31, 32, 33, 34, 35, 36, 37, 38, 39, 40, 41, 42, 43, 44, 45, 46, 47, 48, 49, 50, 51, 52, 53, 54, 55, 56, 57, 58, 59, 60, 61, 62, 63, 64 ]:
 Order := 126886932185884164103433389335161480802865516174545192198801894375214704230400000000000000 > |
[ 2, 9, 8, 7, 10, 1, 11, 12, 27, 28, 29, 30, 16, 23, 3, 26, 20, 22, 4, 25, 5, 31, 32, 6, 33, 34, 44, 49, 50, 48, 51, 52, 53, 54, 17, 39, 13, 14, 47, 15, 43, 18, 46, 19, 21, 55, 56, 24, 60, 35, 62, 61, 37, 40, 63, 64, 41, 36, 38, 42, 45, 57, 58, 59 ],
[ 61, 45, 64, 49, 48, 52, 60, 59, 21, 24, 42, 38, 55, 54, 56, 63, 51, 27, 28, 62, 30, 44, 40, 32, 57, 58, 5, 6, 18, 14, 19, 15, 41, 36, 31, 33, 46, 34, 53, 47, 29, 9, 50, 10, 12, 35, 37, 23, 1, 22, 4, 3, 43, 39, 17, 13, 11, 25, 26, 2, 8, 7, 20, 16 ],
[ 28, 49, 32, 31, 9, 10, 51, 52, 60, 27, 62, 61, 47, 12, 23, 56, 46, 11, 22, 55, 2, 29, 30, 5, 63, 64, 42, 44, 57, 45, 50, 48, 58, 59, 43, 26, 39, 8, 34, 14, 25, 7, 33, 18, 1, 53, 54, 21, 19, 41, 35, 24, 36, 38, 37, 40, 20, 16, 3, 4, 6, 17, 13, 15 ]
]
];
s`PointedPassportSize := 4;
s`RefinedPassport := [ PowerSequence(PermutationGroup<64 |  
\[ 2, 3, 4, 5, 6, 7, 8, 9, 10, 11, 12, 13, 14, 15, 16, 17, 18, 19, 20, 21, 22, 23, 24, 25, 26, 27, 28, 29, 30, 31, 32, 33, 34, 35, 36, 37, 38, 39, 40, 41, 42, 43, 44, 45, 46, 47, 48, 49, 50, 51, 52, 53, 54, 55, 56, 57, 58, 59, 60, 61, 62, 63, 64, 1 ],
\[ 2, 1, 3, 4, 5, 6, 7, 8, 9, 10, 11, 12, 13, 14, 15, 16, 17, 18, 19, 20, 21, 22, 23, 24, 25, 26, 27, 28, 29, 30, 31, 32, 33, 34, 35, 36, 37, 38, 39, 40, 41, 42, 43, 44, 45, 46, 47, 48, 49, 50, 51, 52, 53, 54, 55, 56, 57, 58, 59, 60, 61, 62, 63, 64 ]:
 Order := 126886932185884164103433389335161480802865516174545192198801894375214704230400000000000000 >) |
[ PermutationGroup<64 |  
\[ 2, 3, 4, 5, 6, 7, 8, 9, 10, 11, 12, 13, 14, 15, 16, 17, 18, 19, 20, 21, 22, 23, 24, 25, 26, 27, 28, 29, 30, 31, 32, 33, 34, 35, 36, 37, 38, 39, 40, 41, 42, 43, 44, 45, 46, 47, 48, 49, 50, 51, 52, 53, 54, 55, 56, 57, 58, 59, 60, 61, 62, 63, 64, 1 ],
\[ 2, 1, 3, 4, 5, 6, 7, 8, 9, 10, 11, 12, 13, 14, 15, 16, 17, 18, 19, 20, 21, 22, 23, 24, 25, 26, 27, 28, 29, 30, 31, 32, 33, 34, 35, 36, 37, 38, 39, 40, 41, 42, 43, 44, 45, 46, 47, 48, 49, 50, 51, 52, 53, 54, 55, 56, 57, 58, 59, 60, 61, 62, 63, 64 ]:
 Order := 126886932185884164103433389335161480802865516174545192198801894375214704230400000000000000 > |
[ 2, 9, 8, 7, 10, 1, 11, 12, 27, 28, 29, 30, 16, 23, 3, 26, 20, 22, 4, 25, 5, 31, 32, 6, 33, 34, 44, 49, 50, 48, 51, 52, 53, 54, 17, 39, 13, 14, 47, 15, 43, 18, 46, 19, 21, 55, 56, 24, 60, 35, 62, 61, 37, 40, 63, 64, 41, 36, 38, 42, 45, 57, 58, 59 ],
[ 14, 23, 36, 21, 3, 38, 5, 39, 32, 8, 10, 47, 57, 13, 58, 41, 42, 6, 45, 18, 15, 1, 16, 59, 22, 43, 52, 12, 28, 56, 2, 26, 31, 46, 60, 35, 62, 37, 17, 63, 19, 24, 4, 61, 40, 7, 20, 64, 30, 49, 9, 34, 51, 55, 11, 25, 44, 50, 53, 48, 54, 27, 29, 33 ],
[ 18, 22, 21, 41, 4, 42, 43, 5, 31, 7, 46, 10, 38, 6, 45, 14, 36, 17, 57, 39, 19, 20, 1, 60, 47, 23, 51, 11, 55, 28, 25, 2, 56, 32, 58, 15, 59, 24, 3, 61, 13, 35, 16, 62, 44, 26, 8, 49, 29, 63, 33, 9, 64, 52, 34, 12, 37, 40, 48, 50, 27, 53, 54, 30 ]
]
];
s`RefinedPassportSize := 1;

/*
Return for eval
*/

return s;
