s := TwoDBInitialize();

/*
Magma printing
*/

s`Name := "64S50-16,32,32-g29-3815717379";
s`Filename := "64S50-16,32,32-g29-3815717379.m";
s`Degree := 64;
s`Orders := \[ 16, 32, 32 ];
s`Geometry := "Hyperbolic";
s`Genus := 29;
s`Level := 6;
s`PermutationTriple := [ PermutationGroup<64 |  
\[ 2, 3, 4, 5, 6, 7, 8, 9, 10, 11, 12, 13, 14, 15, 16, 17, 18, 19, 20, 21, 22, 23, 24, 25, 26, 27, 28, 29, 30, 31, 32, 33, 34, 35, 36, 37, 38, 39, 40, 41, 42, 43, 44, 45, 46, 47, 48, 49, 50, 51, 52, 53, 54, 55, 56, 57, 58, 59, 60, 61, 62, 63, 64, 1 ],
\[ 2, 1, 3, 4, 5, 6, 7, 8, 9, 10, 11, 12, 13, 14, 15, 16, 17, 18, 19, 20, 21, 22, 23, 24, 25, 26, 27, 28, 29, 30, 31, 32, 33, 34, 35, 36, 37, 38, 39, 40, 41, 42, 43, 44, 45, 46, 47, 48, 49, 50, 51, 52, 53, 54, 55, 56, 57, 58, 59, 60, 61, 62, 63, 64 ]:
 Order := 126886932185884164103433389335161480802865516174545192198801894375214704230400000000000000 > |
[ 10, 28, 23, 22, 2, 5, 31, 32, 52, 9, 53, 54, 38, 8, 14, 50, 45, 7, 18, 49, 1, 11, 12, 21, 55, 56, 60, 27, 57, 62, 29, 30, 35, 64, 16, 59, 3, 26, 37, 61, 20, 41, 63, 4, 25, 44, 58, 6, 33, 34, 48, 42, 36, 46, 13, 51, 40, 15, 43, 17, 47, 19, 39, 24 ],
[ 3, 8, 13, 6, 14, 15, 1, 16, 12, 23, 2, 26, 29, 35, 33, 36, 19, 21, 24, 4, 37, 5, 38, 39, 7, 40, 30, 32, 9, 34, 10, 50, 11, 43, 53, 27, 55, 57, 25, 42, 44, 46, 17, 48, 18, 51, 20, 58, 22, 59, 47, 54, 28, 56, 31, 61, 52, 49, 60, 62, 41, 64, 45, 63 ],
[ 18, 22, 21, 41, 4, 44, 45, 5, 31, 7, 49, 10, 37, 6, 48, 14, 59, 17, 60, 61, 19, 20, 1, 62, 63, 23, 53, 11, 55, 28, 25, 2, 58, 32, 15, 35, 24, 3, 64, 38, 40, 57, 50, 42, 43, 52, 56, 46, 47, 8, 54, 29, 33, 9, 39, 12, 13, 51, 16, 36, 26, 27, 34, 30 ]
];
s`MonodromyGroup := PermutationGroup<64 |  
\[ 10, 28, 23, 22, 2, 5, 31, 32, 52, 9, 53, 54, 38, 8, 14, 50, 45, 7, 18, 49, 1, 11, 12, 21, 55, 56, 60, 27, 57, 62, 29, 30, 35, 64, 16, 59, 3, 26, 37, 61, 20, 41, 63, 4, 25, 44, 58, 6, 33, 34, 48, 42, 36, 46, 13, 51, 40, 15, 43, 17, 47, 19, 39, 24 ],
\[ 3, 8, 13, 6, 14, 15, 1, 16, 12, 23, 2, 26, 29, 35, 33, 36, 19, 21, 24, 4, 37, 5, 38, 39, 7, 40, 30, 32, 9, 34, 10, 50, 11, 43, 53, 27, 55, 57, 25, 42, 44, 46, 17, 48, 18, 51, 20, 58, 22, 59, 47, 54, 28, 56, 31, 61, 52, 49, 60, 62, 41, 64, 45, 63 ],
\[ 18, 22, 21, 41, 4, 44, 45, 5, 31, 7, 49, 10, 37, 6, 48, 14, 59, 17, 60, 61, 19, 20, 1, 62, 63, 23, 53, 11, 55, 28, 25, 2, 58, 32, 15, 35, 24, 3, 64, 38, 40, 57, 50, 42, 43, 52, 56, 46, 47, 8, 54, 29, 33, 9, 39, 12, 13, 51, 16, 36, 26, 27, 34, 30 ] >;

/*
Edge printing
*/

s`Edges := [];
edge1 := TwoEdgeInitialize();
edge1`Blocks := {@ PowerSet(IntegerRing()) |
{ IntegerRing() | 1, 5 },
{ IntegerRing() | 2, 10 },
{ IntegerRing() | 3, 14 },
{ IntegerRing() | 4, 18 },
{ IntegerRing() | 6, 21 },
{ IntegerRing() | 7, 22 },
{ IntegerRing() | 8, 23 },
{ IntegerRing() | 9, 28 },
{ IntegerRing() | 11, 31 },
{ IntegerRing() | 12, 32 },
{ IntegerRing() | 13, 35 },
{ IntegerRing() | 15, 37 },
{ IntegerRing() | 16, 38 },
{ IntegerRing() | 17, 41 },
{ IntegerRing() | 19, 44 },
{ IntegerRing() | 20, 45 },
{ IntegerRing() | 24, 48 },
{ IntegerRing() | 25, 49 },
{ IntegerRing() | 26, 50 },
{ IntegerRing() | 27, 52 },
{ IntegerRing() | 29, 53 },
{ IntegerRing() | 30, 54 },
{ IntegerRing() | 33, 55 },
{ IntegerRing() | 34, 56 },
{ IntegerRing() | 36, 57 },
{ IntegerRing() | 39, 58 },
{ IntegerRing() | 40, 59 },
{ IntegerRing() | 42, 60 },
{ IntegerRing() | 43, 61 },
{ IntegerRing() | 46, 62 },
{ IntegerRing() | 47, 63 },
{ IntegerRing() | 51, 64 }
@};
edge1`UpstairsTriple := [ PermutationGroup<64 |  
\[ 2, 3, 4, 5, 6, 7, 8, 9, 10, 11, 12, 13, 14, 15, 16, 17, 18, 19, 20, 21, 22, 23, 24, 25, 26, 27, 28, 29, 30, 31, 32, 33, 34, 35, 36, 37, 38, 39, 40, 41, 42, 43, 44, 45, 46, 47, 48, 49, 50, 51, 52, 53, 54, 55, 56, 57, 58, 59, 60, 61, 62, 63, 64, 1 ],
\[ 2, 1, 3, 4, 5, 6, 7, 8, 9, 10, 11, 12, 13, 14, 15, 16, 17, 18, 19, 20, 21, 22, 23, 24, 25, 26, 27, 28, 29, 30, 31, 32, 33, 34, 35, 36, 37, 38, 39, 40, 41, 42, 43, 44, 45, 46, 47, 48, 49, 50, 51, 52, 53, 54, 55, 56, 57, 58, 59, 60, 61, 62, 63, 64 ]:
 Order := 126886932185884164103433389335161480802865516174545192198801894375214704230400000000000000 > |
[ 10, 28, 23, 22, 2, 5, 31, 32, 52, 9, 53, 54, 38, 8, 14, 50, 45, 7, 18, 49, 1, 11, 12, 21, 55, 56, 60, 27, 57, 62, 29, 30, 35, 64, 16, 59, 3, 26, 37, 61, 20, 41, 63, 4, 25, 44, 58, 6, 33, 34, 48, 42, 36, 46, 13, 51, 40, 15, 43, 17, 47, 19, 39, 24 ],
[ 3, 8, 13, 6, 14, 15, 1, 16, 12, 23, 2, 26, 29, 35, 33, 36, 19, 21, 24, 4, 37, 5, 38, 39, 7, 40, 30, 32, 9, 34, 10, 50, 11, 43, 53, 27, 55, 57, 25, 42, 44, 46, 17, 48, 18, 51, 20, 58, 22, 59, 47, 54, 28, 56, 31, 61, 52, 49, 60, 62, 41, 64, 45, 63 ],
[ 18, 22, 21, 41, 4, 44, 45, 5, 31, 7, 49, 10, 37, 6, 48, 14, 59, 17, 60, 61, 19, 20, 1, 62, 63, 23, 53, 11, 55, 28, 25, 2, 58, 32, 15, 35, 24, 3, 64, 38, 40, 57, 50, 42, 43, 52, 56, 46, 47, 8, 54, 29, 33, 9, 39, 12, 13, 51, 16, 36, 26, 27, 34, 30 ]
];
edge1`UpstairsFilename := "64S50-16,32,32-g29-3815717379.m";
edge1`DownstairsTriple := [ PermutationGroup<32 |  
\[ 2, 3, 4, 5, 6, 7, 8, 9, 10, 11, 12, 13, 14, 15, 16, 17, 18, 19, 20, 21, 22, 23, 24, 25, 26, 27, 28, 29, 30, 31, 32, 1 ],
\[ 2, 1, 3, 4, 5, 6, 7, 8, 9, 10, 11, 12, 13, 14, 15, 16, 17, 18, 19, 20, 21, 22, 23, 24, 25, 26, 27, 28, 29, 30, 31, 32 ]:
 Order := 263130836933693530167218012160000000 > |
[ 10, 21, 19, 18, 2, 5, 12, 23, 31, 9, 25, 8, 30, 7, 14, 17, 1, 3, 11, 27, 20, 28, 22, 13, 32, 16, 26, 29, 4, 6, 24, 15 ],
[ 3, 8, 2, 6, 12, 7, 1, 9, 11, 19, 20, 10, 15, 17, 16, 4, 18, 5, 21, 22, 23, 24, 31, 32, 27, 29, 28, 13, 30, 14, 25, 26 ],
[ 14, 18, 17, 26, 4, 29, 30, 5, 12, 7, 10, 6, 22, 13, 24, 32, 15, 16, 1, 19, 3, 21, 2, 23, 9, 25, 11, 20, 27, 28, 8, 31 ]
];
edge1`DownstairsFilename := "32S1-16,32,32-g15-4070059205.m";
Append(~s`Edges, edge1);
edge2 := TwoEdgeInitialize();
edge2`Blocks := {@ PowerSet(IntegerRing()) |
{ IntegerRing() | 1, 5 },
{ IntegerRing() | 2, 10 },
{ IntegerRing() | 3, 14 },
{ IntegerRing() | 4, 18 },
{ IntegerRing() | 6, 21 },
{ IntegerRing() | 7, 22 },
{ IntegerRing() | 8, 23 },
{ IntegerRing() | 9, 28 },
{ IntegerRing() | 11, 31 },
{ IntegerRing() | 12, 32 },
{ IntegerRing() | 13, 35 },
{ IntegerRing() | 15, 37 },
{ IntegerRing() | 16, 38 },
{ IntegerRing() | 17, 42 },
{ IntegerRing() | 19, 45 },
{ IntegerRing() | 20, 46 },
{ IntegerRing() | 24, 49 },
{ IntegerRing() | 25, 50 },
{ IntegerRing() | 26, 51 },
{ IntegerRing() | 27, 55 },
{ IntegerRing() | 29, 57 },
{ IntegerRing() | 30, 41 },
{ IntegerRing() | 33, 58 },
{ IntegerRing() | 34, 43 },
{ IntegerRing() | 36, 59 },
{ IntegerRing() | 39, 60 },
{ IntegerRing() | 40, 61 },
{ IntegerRing() | 44, 56 },
{ IntegerRing() | 47, 53 },
{ IntegerRing() | 48, 64 },
{ IntegerRing() | 52, 62 },
{ IntegerRing() | 54, 63 }
@};
edge2`UpstairsTriple := [ PermutationGroup<64 |  
\[ 2, 3, 4, 5, 6, 7, 8, 9, 10, 11, 12, 13, 14, 15, 16, 17, 18, 19, 20, 21, 22, 23, 24, 25, 26, 27, 28, 29, 30, 31, 32, 33, 34, 35, 36, 37, 38, 39, 40, 41, 42, 43, 44, 45, 46, 47, 48, 49, 50, 51, 52, 53, 54, 55, 56, 57, 58, 59, 60, 61, 62, 63, 64, 1 ],
\[ 2, 1, 3, 4, 5, 6, 7, 8, 9, 10, 11, 12, 13, 14, 15, 16, 17, 18, 19, 20, 21, 22, 23, 24, 25, 26, 27, 28, 29, 30, 31, 32, 33, 34, 35, 36, 37, 38, 39, 40, 41, 42, 43, 44, 45, 46, 47, 48, 49, 50, 51, 52, 53, 54, 55, 56, 57, 58, 59, 60, 61, 62, 63, 64 ]:
 Order := 126886932185884164103433389335161480802865516174545192198801894375214704230400000000000000 > |
[ 2, 9, 8, 7, 10, 1, 11, 12, 27, 28, 29, 30, 16, 23, 3, 26, 20, 22, 4, 25, 5, 31, 32, 6, 33, 34, 54, 55, 36, 56, 57, 41, 13, 42, 38, 40, 14, 51, 15, 53, 44, 46, 17, 48, 18, 50, 19, 39, 21, 58, 43, 24, 45, 62, 63, 64, 59, 35, 61, 37, 47, 49, 52, 60 ],
[ 3, 8, 13, 6, 14, 15, 1, 16, 12, 23, 2, 26, 29, 35, 33, 36, 19, 21, 24, 4, 37, 5, 38, 39, 7, 40, 30, 32, 9, 34, 10, 51, 11, 53, 57, 27, 58, 59, 25, 54, 43, 45, 47, 17, 49, 18, 52, 20, 60, 22, 61, 48, 62, 56, 41, 42, 28, 31, 55, 50, 63, 64, 44, 46 ],
[ 4, 7, 6, 17, 18, 19, 20, 1, 11, 22, 25, 2, 15, 21, 24, 3, 41, 42, 43, 44, 45, 46, 5, 47, 48, 8, 29, 31, 33, 9, 50, 10, 39, 12, 37, 13, 49, 14, 52, 16, 28, 30, 32, 55, 34, 56, 51, 63, 53, 64, 23, 61, 26, 36, 57, 27, 58, 60, 35, 62, 38, 40, 59, 54 ]
];
edge2`UpstairsFilename := "64S50-16,32,32-g29-866905672.m";
edge2`DownstairsTriple := [ PermutationGroup<32 |  
\[ 2, 3, 4, 5, 6, 7, 8, 9, 10, 11, 12, 13, 14, 15, 16, 17, 18, 19, 20, 21, 22, 23, 24, 25, 26, 27, 28, 29, 30, 31, 32, 1 ],
\[ 2, 1, 3, 4, 5, 6, 7, 8, 9, 10, 11, 12, 13, 14, 15, 16, 17, 18, 19, 20, 21, 22, 23, 24, 25, 26, 27, 28, 29, 30, 31, 32 ]:
 Order := 263130836933693530167218012160000000 > |
[ 10, 21, 19, 18, 2, 5, 23, 16, 29, 9, 30, 28, 8, 13, 17, 7, 1, 11, 4, 31, 20, 32, 22, 25, 15, 27, 3, 6, 24, 26, 12, 14 ],
[ 3, 8, 12, 6, 13, 14, 1, 15, 4, 19, 2, 22, 25, 24, 26, 17, 27, 5, 28, 7, 16, 9, 10, 11, 30, 20, 31, 32, 18, 21, 23, 29 ],
[ 16, 18, 17, 10, 4, 19, 21, 5, 23, 7, 29, 27, 6, 28, 13, 2, 8, 9, 1, 30, 11, 31, 20, 32, 14, 25, 15, 3, 22, 24, 26, 12 ]
];
edge2`DownstairsFilename := "32S16-8,16,16-g13-844727125.m";
Append(~s`Edges, edge2);
edge3 := TwoEdgeInitialize();
edge3`Blocks := {@ PowerSet(IntegerRing()) |
{ IntegerRing() | 1, 5 },
{ IntegerRing() | 2, 10 },
{ IntegerRing() | 3, 12 },
{ IntegerRing() | 4, 14 },
{ IntegerRing() | 6, 17 },
{ IntegerRing() | 7, 18 },
{ IntegerRing() | 8, 19 },
{ IntegerRing() | 9, 21 },
{ IntegerRing() | 11, 23 },
{ IntegerRing() | 13, 26 },
{ IntegerRing() | 15, 29 },
{ IntegerRing() | 16, 30 },
{ IntegerRing() | 20, 31 },
{ IntegerRing() | 22, 33 },
{ IntegerRing() | 24, 35 },
{ IntegerRing() | 25, 38 },
{ IntegerRing() | 27, 41 },
{ IntegerRing() | 28, 42 },
{ IntegerRing() | 32, 43 },
{ IntegerRing() | 34, 45 },
{ IntegerRing() | 36, 47 },
{ IntegerRing() | 37, 50 },
{ IntegerRing() | 39, 53 },
{ IntegerRing() | 40, 54 },
{ IntegerRing() | 44, 55 },
{ IntegerRing() | 46, 57 },
{ IntegerRing() | 48, 59 },
{ IntegerRing() | 49, 60 },
{ IntegerRing() | 51, 61 },
{ IntegerRing() | 52, 62 },
{ IntegerRing() | 56, 63 },
{ IntegerRing() | 58, 64 }
@};
edge3`UpstairsTriple := [ PermutationGroup<64 |  
\[ 2, 3, 4, 5, 6, 7, 8, 9, 10, 11, 12, 13, 14, 15, 16, 17, 18, 19, 20, 21, 22, 23, 24, 25, 26, 27, 28, 29, 30, 31, 32, 33, 34, 35, 36, 37, 38, 39, 40, 41, 42, 43, 44, 45, 46, 47, 48, 49, 50, 51, 52, 53, 54, 55, 56, 57, 58, 59, 60, 61, 62, 63, 64, 1 ],
\[ 2, 1, 3, 4, 5, 6, 7, 8, 9, 10, 11, 12, 13, 14, 15, 16, 17, 18, 19, 20, 21, 22, 23, 24, 25, 26, 27, 28, 29, 30, 31, 32, 33, 34, 35, 36, 37, 38, 39, 40, 41, 42, 43, 44, 45, 46, 47, 48, 49, 50, 51, 52, 53, 54, 55, 56, 57, 58, 59, 60, 61, 62, 63, 64 ]:
 Order := 126886932185884164103433389335161480802865516174545192198801894375214704230400000000000000 > |
[ 10, 21, 19, 18, 2, 5, 12, 23, 31, 9, 33, 8, 30, 7, 14, 17, 1, 3, 11, 35, 20, 43, 22, 45, 42, 16, 26, 29, 4, 6, 24, 47, 32, 55, 34, 57, 54, 28, 38, 41, 13, 15, 36, 59, 44, 63, 46, 64, 62, 40, 50, 53, 25, 27, 48, 60, 56, 61, 58, 52, 37, 39, 49, 51 ],
[ 3, 8, 2, 6, 12, 7, 1, 9, 11, 19, 20, 10, 15, 17, 16, 4, 18, 5, 21, 22, 23, 24, 31, 32, 27, 29, 28, 13, 30, 14, 33, 34, 35, 36, 43, 44, 39, 41, 40, 25, 42, 26, 45, 46, 47, 48, 55, 56, 51, 53, 52, 37, 54, 38, 57, 58, 59, 49, 63, 61, 62, 50, 64, 60 ],
[ 14, 18, 17, 26, 4, 29, 30, 5, 12, 7, 10, 6, 38, 13, 41, 42, 15, 16, 1, 19, 3, 21, 2, 23, 50, 25, 53, 54, 27, 28, 8, 31, 9, 33, 11, 35, 60, 37, 61, 62, 39, 40, 20, 43, 22, 45, 24, 47, 59, 49, 63, 64, 51, 52, 32, 55, 34, 57, 36, 48, 56, 58, 44, 46 ]
];
edge3`UpstairsFilename := "64S50-16,32,32-g29-3889309500.m";
edge3`DownstairsTriple := [ PermutationGroup<32 |  
\[ 2, 3, 4, 5, 6, 7, 8, 9, 10, 11, 12, 13, 14, 15, 16, 17, 18, 19, 20, 21, 22, 23, 24, 25, 26, 27, 28, 29, 30, 31, 32, 1 ],
\[ 2, 1, 3, 4, 5, 6, 7, 8, 9, 10, 11, 12, 13, 14, 15, 16, 17, 18, 19, 20, 21, 22, 23, 24, 25, 26, 27, 28, 29, 30, 31, 32 ]:
 Order := 263130836933693530167218012160000000 > |
[ 2, 9, 8, 7, 10, 1, 3, 11, 20, 21, 22, 19, 16, 18, 4, 6, 5, 12, 23, 24, 31, 32, 25, 26, 28, 30, 13, 15, 14, 17, 27, 29 ],
[ 3, 8, 2, 6, 12, 7, 1, 9, 11, 19, 20, 10, 15, 17, 16, 4, 18, 5, 21, 22, 23, 24, 31, 32, 27, 29, 28, 13, 30, 14, 25, 26 ],
[ 4, 7, 6, 13, 14, 15, 16, 1, 3, 18, 2, 17, 25, 26, 27, 28, 29, 30, 5, 8, 12, 9, 10, 11, 21, 22, 23, 31, 24, 32, 19, 20 ]
];
edge3`DownstairsFilename := "32S1-16,32,32-g15-4259025611.m";
Append(~s`Edges, edge3);

/*
Return for eval
*/

return s;
