s := TwoDBInitialize();

/*
Magma printing
*/

s`Name := "64S50-32,8,32-g27-3438731793";
s`Filename := "64S50-32,8,32-g27-3438731793.m";
s`Degree := 64;
s`Orders := \[ 32, 8, 32 ];
s`Geometry := "Hyperbolic";
s`Genus := 27;
s`Level := 6;
s`PermutationTriple := [ PermutationGroup<64 |  
\[ 2, 3, 4, 5, 6, 7, 8, 9, 10, 11, 12, 13, 14, 15, 16, 17, 18, 19, 20, 21, 22, 23, 24, 25, 26, 27, 28, 29, 30, 31, 32, 33, 34, 35, 36, 37, 38, 39, 40, 41, 42, 43, 44, 45, 46, 47, 48, 49, 50, 51, 52, 53, 54, 55, 56, 57, 58, 59, 60, 61, 62, 63, 64, 1 ],
\[ 2, 1, 3, 4, 5, 6, 7, 8, 9, 10, 11, 12, 13, 14, 15, 16, 17, 18, 19, 20, 21, 22, 23, 24, 25, 26, 27, 28, 29, 30, 31, 32, 33, 34, 35, 36, 37, 38, 39, 40, 41, 42, 43, 44, 45, 46, 47, 48, 49, 50, 51, 52, 53, 54, 55, 56, 57, 58, 59, 60, 61, 62, 63, 64 ]:
 Order := 126886932185884164103433389335161480802865516174545192198801894375214704230400000000000000 > |
[ 2, 9, 8, 7, 10, 1, 11, 12, 15, 27, 24, 28, 16, 23, 3, 26, 20, 22, 4, 25, 5, 29, 30, 6, 31, 32, 36, 13, 46, 51, 19, 33, 35, 37, 38, 14, 48, 50, 42, 44, 17, 45, 18, 47, 49, 21, 52, 53, 41, 54, 34, 43, 55, 39, 56, 57, 63, 60, 40, 61, 62, 59, 64, 58 ],
[ 14, 23, 34, 21, 3, 36, 5, 37, 30, 8, 10, 48, 55, 13, 51, 56, 43, 6, 46, 18, 15, 1, 16, 27, 22, 57, 12, 53, 2, 26, 29, 63, 64, 33, 58, 28, 35, 60, 59, 19, 52, 40, 24, 4, 44, 9, 7, 38, 47, 61, 32, 11, 50, 62, 54, 39, 42, 41, 31, 17, 20, 25, 45, 49 ],
[ 18, 22, 21, 40, 4, 43, 44, 5, 29, 7, 47, 10, 36, 6, 46, 14, 58, 17, 59, 60, 19, 20, 1, 52, 61, 23, 11, 27, 25, 2, 62, 30, 51, 15, 34, 24, 3, 37, 55, 39, 64, 56, 41, 42, 57, 31, 45, 8, 63, 48, 9, 49, 12, 53, 28, 13, 16, 33, 54, 35, 38, 50, 26, 32 ]
];
s`MonodromyGroup := PermutationGroup<64 |  
\[ 2, 9, 8, 7, 10, 1, 11, 12, 15, 27, 24, 28, 16, 23, 3, 26, 20, 22, 4, 25, 5, 29, 30, 6, 31, 32, 36, 13, 46, 51, 19, 33, 35, 37, 38, 14, 48, 50, 42, 44, 17, 45, 18, 47, 49, 21, 52, 53, 41, 54, 34, 43, 55, 39, 56, 57, 63, 60, 40, 61, 62, 59, 64, 58 ],
\[ 14, 23, 34, 21, 3, 36, 5, 37, 30, 8, 10, 48, 55, 13, 51, 56, 43, 6, 46, 18, 15, 1, 16, 27, 22, 57, 12, 53, 2, 26, 29, 63, 64, 33, 58, 28, 35, 60, 59, 19, 52, 40, 24, 4, 44, 9, 7, 38, 47, 61, 32, 11, 50, 62, 54, 39, 42, 41, 31, 17, 20, 25, 45, 49 ],
\[ 18, 22, 21, 40, 4, 43, 44, 5, 29, 7, 47, 10, 36, 6, 46, 14, 58, 17, 59, 60, 19, 20, 1, 52, 61, 23, 11, 27, 25, 2, 62, 30, 51, 15, 34, 24, 3, 37, 55, 39, 64, 56, 41, 42, 57, 31, 45, 8, 63, 48, 9, 49, 12, 53, 28, 13, 16, 33, 54, 35, 38, 50, 26, 32 ] >;

/*
Edge printing
*/

s`Edges := [];
edge1 := TwoEdgeInitialize();
edge1`Blocks := {@ PowerSet(IntegerRing()) |
{ IntegerRing() | 1, 5 },
{ IntegerRing() | 2, 10 },
{ IntegerRing() | 3, 14 },
{ IntegerRing() | 4, 18 },
{ IntegerRing() | 6, 21 },
{ IntegerRing() | 7, 22 },
{ IntegerRing() | 8, 23 },
{ IntegerRing() | 9, 27 },
{ IntegerRing() | 11, 29 },
{ IntegerRing() | 12, 30 },
{ IntegerRing() | 13, 34 },
{ IntegerRing() | 15, 36 },
{ IntegerRing() | 16, 37 },
{ IntegerRing() | 17, 40 },
{ IntegerRing() | 19, 43 },
{ IntegerRing() | 20, 44 },
{ IntegerRing() | 24, 46 },
{ IntegerRing() | 25, 47 },
{ IntegerRing() | 26, 48 },
{ IntegerRing() | 28, 51 },
{ IntegerRing() | 31, 52 },
{ IntegerRing() | 32, 53 },
{ IntegerRing() | 33, 55 },
{ IntegerRing() | 35, 56 },
{ IntegerRing() | 38, 57 },
{ IntegerRing() | 39, 58 },
{ IntegerRing() | 41, 59 },
{ IntegerRing() | 42, 60 },
{ IntegerRing() | 45, 61 },
{ IntegerRing() | 49, 62 },
{ IntegerRing() | 50, 63 },
{ IntegerRing() | 54, 64 }
@};
edge1`UpstairsTriple := [ PermutationGroup<64 |  
\[ 2, 3, 4, 5, 6, 7, 8, 9, 10, 11, 12, 13, 14, 15, 16, 17, 18, 19, 20, 21, 22, 23, 24, 25, 26, 27, 28, 29, 30, 31, 32, 33, 34, 35, 36, 37, 38, 39, 40, 41, 42, 43, 44, 45, 46, 47, 48, 49, 50, 51, 52, 53, 54, 55, 56, 57, 58, 59, 60, 61, 62, 63, 64, 1 ],
\[ 2, 1, 3, 4, 5, 6, 7, 8, 9, 10, 11, 12, 13, 14, 15, 16, 17, 18, 19, 20, 21, 22, 23, 24, 25, 26, 27, 28, 29, 30, 31, 32, 33, 34, 35, 36, 37, 38, 39, 40, 41, 42, 43, 44, 45, 46, 47, 48, 49, 50, 51, 52, 53, 54, 55, 56, 57, 58, 59, 60, 61, 62, 63, 64 ]:
 Order := 126886932185884164103433389335161480802865516174545192198801894375214704230400000000000000 > |
[ 2, 9, 8, 7, 10, 1, 11, 12, 15, 27, 24, 28, 16, 23, 3, 26, 20, 22, 4, 25, 5, 29, 30, 6, 31, 32, 36, 13, 46, 51, 19, 33, 35, 37, 38, 14, 48, 50, 42, 44, 17, 45, 18, 47, 49, 21, 52, 53, 41, 54, 34, 43, 55, 39, 56, 57, 63, 60, 40, 61, 62, 59, 64, 58 ],
[ 14, 23, 34, 21, 3, 36, 5, 37, 30, 8, 10, 48, 55, 13, 51, 56, 43, 6, 46, 18, 15, 1, 16, 27, 22, 57, 12, 53, 2, 26, 29, 63, 64, 33, 58, 28, 35, 60, 59, 19, 52, 40, 24, 4, 44, 9, 7, 38, 47, 61, 32, 11, 50, 62, 54, 39, 42, 41, 31, 17, 20, 25, 45, 49 ],
[ 18, 22, 21, 40, 4, 43, 44, 5, 29, 7, 47, 10, 36, 6, 46, 14, 58, 17, 59, 60, 19, 20, 1, 52, 61, 23, 11, 27, 25, 2, 62, 30, 51, 15, 34, 24, 3, 37, 55, 39, 64, 56, 41, 42, 57, 31, 45, 8, 63, 48, 9, 49, 12, 53, 28, 13, 16, 33, 54, 35, 38, 50, 26, 32 ]
];
edge1`UpstairsFilename := "64S50-32,8,32-g27-3438731793.m";
edge1`DownstairsTriple := [ PermutationGroup<32 |  
\[ 2, 3, 4, 5, 6, 7, 8, 9, 10, 11, 12, 13, 14, 15, 16, 17, 18, 19, 20, 21, 22, 23, 24, 25, 26, 27, 28, 29, 30, 31, 32, 1 ],
\[ 2, 1, 3, 4, 5, 6, 7, 8, 9, 10, 11, 12, 13, 14, 15, 16, 17, 18, 19, 20, 21, 22, 23, 24, 25, 26, 27, 28, 29, 30, 31, 32 ]:
 Order := 263130836933693530167218012160000000 > |
[ 2, 9, 8, 7, 10, 1, 11, 12, 25, 26, 27, 19, 16, 22, 3, 18, 21, 4, 24, 5, 28, 29, 6, 30, 14, 15, 20, 23, 31, 32, 13, 17 ],
[ 14, 22, 24, 20, 3, 25, 5, 30, 29, 8, 10, 32, 7, 13, 19, 11, 6, 27, 17, 15, 1, 16, 9, 21, 31, 12, 26, 2, 18, 28, 4, 23 ],
[ 17, 21, 20, 29, 4, 32, 31, 5, 28, 7, 13, 10, 25, 6, 27, 14, 12, 22, 26, 18, 19, 1, 30, 15, 23, 11, 16, 24, 2, 3, 9, 8 ]
];
edge1`DownstairsFilename := "32S1-32,8,32-g14-938372152.m";
Append(~s`Edges, edge1);
edge2 := TwoEdgeInitialize();
edge2`Blocks := {@ PowerSet(IntegerRing()) |
{ IntegerRing() | 1, 5 },
{ IntegerRing() | 2, 10 },
{ IntegerRing() | 3, 14 },
{ IntegerRing() | 4, 18 },
{ IntegerRing() | 6, 21 },
{ IntegerRing() | 7, 22 },
{ IntegerRing() | 8, 23 },
{ IntegerRing() | 9, 28 },
{ IntegerRing() | 11, 31 },
{ IntegerRing() | 12, 32 },
{ IntegerRing() | 13, 25 },
{ IntegerRing() | 15, 36 },
{ IntegerRing() | 16, 33 },
{ IntegerRing() | 17, 40 },
{ IntegerRing() | 19, 43 },
{ IntegerRing() | 20, 35 },
{ IntegerRing() | 24, 45 },
{ IntegerRing() | 26, 46 },
{ IntegerRing() | 27, 50 },
{ IntegerRing() | 29, 38 },
{ IntegerRing() | 30, 53 },
{ IntegerRing() | 34, 55 },
{ IntegerRing() | 37, 42 },
{ IntegerRing() | 39, 57 },
{ IntegerRing() | 41, 59 },
{ IntegerRing() | 44, 61 },
{ IntegerRing() | 47, 58 },
{ IntegerRing() | 48, 51 },
{ IntegerRing() | 49, 60 },
{ IntegerRing() | 52, 62 },
{ IntegerRing() | 54, 63 },
{ IntegerRing() | 56, 64 }
@};
edge2`UpstairsTriple := [ PermutationGroup<64 |  
\[ 2, 3, 4, 5, 6, 7, 8, 9, 10, 11, 12, 13, 14, 15, 16, 17, 18, 19, 20, 21, 22, 23, 24, 25, 26, 27, 28, 29, 30, 31, 32, 33, 34, 35, 36, 37, 38, 39, 40, 41, 42, 43, 44, 45, 46, 47, 48, 49, 50, 51, 52, 53, 54, 55, 56, 57, 58, 59, 60, 61, 62, 63, 64, 1 ],
\[ 2, 1, 3, 4, 5, 6, 7, 8, 9, 10, 11, 12, 13, 14, 15, 16, 17, 18, 19, 20, 21, 22, 23, 24, 25, 26, 27, 28, 29, 30, 31, 32, 33, 34, 35, 36, 37, 38, 39, 40, 41, 42, 43, 44, 45, 46, 47, 48, 49, 50, 51, 52, 53, 54, 55, 56, 57, 58, 59, 60, 61, 62, 63, 64 ]:
 Order := 126886932185884164103433389335161480802865516174545192198801894375214704230400000000000000 > |
[ 2, 9, 8, 7, 10, 1, 11, 12, 27, 28, 29, 30, 16, 23, 3, 26, 20, 22, 4, 25, 5, 31, 32, 6, 33, 34, 49, 50, 51, 52, 38, 53, 46, 54, 13, 14, 15, 48, 42, 35, 17, 36, 18, 19, 21, 55, 24, 56, 59, 60, 64, 61, 62, 58, 63, 39, 37, 45, 40, 41, 43, 44, 47, 57 ],
[ 3, 8, 13, 6, 14, 15, 1, 16, 12, 23, 2, 26, 22, 25, 35, 31, 19, 21, 24, 4, 36, 5, 33, 37, 7, 38, 30, 32, 9, 34, 10, 46, 11, 48, 18, 20, 40, 28, 41, 43, 44, 17, 45, 47, 42, 29, 57, 50, 52, 53, 27, 54, 55, 56, 51, 60, 59, 39, 61, 62, 58, 63, 64, 49 ],
[ 4, 7, 6, 17, 18, 19, 20, 1, 11, 22, 25, 2, 15, 21, 24, 3, 39, 40, 41, 42, 43, 35, 5, 44, 36, 8, 29, 31, 33, 9, 13, 10, 14, 12, 37, 45, 47, 16, 54, 57, 56, 58, 59, 60, 61, 23, 62, 26, 51, 38, 46, 27, 28, 30, 32, 34, 63, 52, 64, 48, 49, 50, 53, 55 ]
];
edge2`UpstairsFilename := "64S50-32,8,32-g27-3704605112.m";
edge2`DownstairsTriple := [ PermutationGroup<32 |  
\[ 2, 3, 4, 5, 6, 7, 8, 9, 10, 11, 12, 13, 14, 15, 16, 17, 18, 19, 20, 21, 22, 23, 24, 25, 26, 27, 28, 29, 30, 31, 32, 1 ],
\[ 2, 1, 3, 4, 5, 6, 7, 8, 9, 10, 11, 12, 13, 14, 15, 16, 17, 18, 19, 20, 21, 22, 23, 24, 25, 26, 27, 28, 29, 30, 31, 32 ]:
 Order := 263130836933693530167218012160000000 > |
[ 2, 9, 8, 7, 10, 1, 11, 12, 15, 24, 23, 19, 16, 22, 3, 18, 21, 4, 13, 5, 25, 26, 6, 28, 32, 31, 29, 14, 30, 17, 27, 20 ],
[ 14, 22, 27, 20, 3, 28, 5, 29, 26, 8, 10, 30, 21, 13, 31, 25, 6, 32, 17, 15, 1, 16, 24, 12, 2, 18, 7, 19, 11, 23, 4, 9 ],
[ 17, 21, 20, 26, 4, 30, 31, 5, 25, 7, 27, 10, 28, 6, 32, 14, 12, 22, 24, 18, 19, 1, 29, 11, 13, 2, 15, 23, 3, 8, 9, 16 ]
];
edge2`DownstairsFilename := "32S16-16,4,16-g11-1264883273.m";
Append(~s`Edges, edge2);
edge3 := TwoEdgeInitialize();
edge3`Blocks := {@ PowerSet(IntegerRing()) |
{ IntegerRing() | 1, 5 },
{ IntegerRing() | 2, 10 },
{ IntegerRing() | 3, 14 },
{ IntegerRing() | 4, 17 },
{ IntegerRing() | 6, 20 },
{ IntegerRing() | 7, 21 },
{ IntegerRing() | 8, 22 },
{ IntegerRing() | 9, 26 },
{ IntegerRing() | 11, 28 },
{ IntegerRing() | 12, 29 },
{ IntegerRing() | 13, 32 },
{ IntegerRing() | 15, 35 },
{ IntegerRing() | 16, 36 },
{ IntegerRing() | 18, 38 },
{ IntegerRing() | 19, 39 },
{ IntegerRing() | 23, 40 },
{ IntegerRing() | 24, 41 },
{ IntegerRing() | 25, 43 },
{ IntegerRing() | 27, 45 },
{ IntegerRing() | 30, 47 },
{ IntegerRing() | 31, 50 },
{ IntegerRing() | 33, 53 },
{ IntegerRing() | 34, 54 },
{ IntegerRing() | 37, 56 },
{ IntegerRing() | 42, 57 },
{ IntegerRing() | 44, 58 },
{ IntegerRing() | 46, 59 },
{ IntegerRing() | 48, 60 },
{ IntegerRing() | 49, 61 },
{ IntegerRing() | 51, 62 },
{ IntegerRing() | 52, 63 },
{ IntegerRing() | 55, 64 }
@};
edge3`UpstairsTriple := [ PermutationGroup<64 |  
\[ 2, 3, 4, 5, 6, 7, 8, 9, 10, 11, 12, 13, 14, 15, 16, 17, 18, 19, 20, 21, 22, 23, 24, 25, 26, 27, 28, 29, 30, 31, 32, 33, 34, 35, 36, 37, 38, 39, 40, 41, 42, 43, 44, 45, 46, 47, 48, 49, 50, 51, 52, 53, 54, 55, 56, 57, 58, 59, 60, 61, 62, 63, 64, 1 ],
\[ 2, 1, 3, 4, 5, 6, 7, 8, 9, 10, 11, 12, 13, 14, 15, 16, 17, 18, 19, 20, 21, 22, 23, 24, 25, 26, 27, 28, 29, 30, 31, 32, 33, 34, 35, 36, 37, 38, 39, 40, 41, 42, 43, 44, 45, 46, 47, 48, 49, 50, 51, 52, 53, 54, 55, 56, 57, 58, 59, 60, 61, 62, 63, 64 ]:
 Order := 126886932185884164103433389335161480802865516174545192198801894375214704230400000000000000 > |
[ 2, 9, 8, 7, 10, 1, 11, 12, 25, 26, 27, 19, 16, 22, 3, 18, 21, 4, 24, 5, 28, 29, 6, 30, 42, 43, 44, 45, 39, 46, 34, 36, 13, 23, 14, 38, 15, 17, 41, 20, 47, 48, 57, 49, 58, 51, 59, 55, 52, 54, 31, 37, 32, 40, 33, 35, 60, 61, 62, 64, 63, 50, 56, 53 ],
[ 14, 22, 32, 20, 3, 35, 5, 36, 29, 8, 10, 38, 50, 13, 53, 54, 6, 40, 17, 15, 1, 16, 56, 21, 39, 12, 26, 2, 18, 28, 61, 31, 62, 63, 33, 34, 64, 23, 4, 37, 7, 41, 19, 43, 9, 45, 11, 47, 57, 49, 58, 60, 51, 52, 59, 55, 24, 25, 27, 30, 42, 44, 48, 46 ],
[ 17, 21, 20, 29, 4, 38, 39, 5, 28, 7, 41, 10, 35, 6, 40, 14, 12, 22, 26, 18, 19, 1, 36, 43, 45, 11, 47, 24, 2, 57, 53, 15, 56, 32, 23, 3, 54, 8, 9, 16, 25, 58, 27, 59, 30, 60, 42, 61, 62, 33, 64, 50, 37, 13, 63, 34, 44, 46, 48, 49, 51, 55, 31, 52 ]
];
edge3`UpstairsFilename := "64S50-32,8,32-g27-55645253.m";
edge3`DownstairsTriple := [ PermutationGroup<32 |  
\[ 2, 3, 4, 5, 6, 7, 8, 9, 10, 11, 12, 13, 14, 15, 16, 17, 18, 19, 20, 21, 22, 23, 24, 25, 26, 27, 28, 29, 30, 31, 32, 1 ],
\[ 2, 1, 3, 4, 5, 6, 7, 8, 9, 10, 11, 12, 13, 14, 15, 16, 17, 18, 19, 20, 21, 22, 23, 24, 25, 26, 27, 28, 29, 30, 31, 32 ]:
 Order := 263130836933693530167218012160000000 > |
[ 2, 9, 8, 7, 10, 1, 11, 12, 25, 26, 27, 19, 16, 22, 3, 18, 21, 4, 24, 5, 28, 29, 6, 30, 14, 15, 20, 23, 31, 32, 13, 17 ],
[ 3, 8, 13, 6, 14, 15, 1, 16, 12, 22, 2, 18, 21, 24, 31, 28, 20, 23, 4, 25, 5, 30, 26, 7, 19, 29, 9, 10, 32, 11, 17, 27 ],
[ 4, 7, 6, 12, 17, 18, 19, 1, 11, 21, 24, 2, 15, 20, 23, 3, 29, 8, 9, 32, 31, 5, 16, 25, 27, 28, 30, 13, 10, 14, 26, 22 ]
];
edge3`DownstairsFilename := "32S1-32,8,32-g14-942646502.m";
Append(~s`Edges, edge3);

/*
Return for eval
*/

return s;
