s := TwoDBInitialize();

/*
Magma printing
*/

s`Name := "64S50-32,32,4-g23-883757416";
s`Filename := "64S50-32,32,4-g23-883757416.m";
s`Degree := 64;
s`Orders := \[ 32, 32, 4 ];
s`Geometry := "Hyperbolic";
s`Genus := 23;
s`Level := 6;
s`PermutationTriple := [ PermutationGroup<64 |  
\[ 2, 3, 4, 5, 6, 7, 8, 9, 10, 11, 12, 13, 14, 15, 16, 17, 18, 19, 20, 21, 22, 23, 24, 25, 26, 27, 28, 29, 30, 31, 32, 33, 34, 35, 36, 37, 38, 39, 40, 41, 42, 43, 44, 45, 46, 47, 48, 49, 50, 51, 52, 53, 54, 55, 56, 57, 58, 59, 60, 61, 62, 63, 64, 1 ],
\[ 2, 1, 3, 4, 5, 6, 7, 8, 9, 10, 11, 12, 13, 14, 15, 16, 17, 18, 19, 20, 21, 22, 23, 24, 25, 26, 27, 28, 29, 30, 31, 32, 33, 34, 35, 36, 37, 38, 39, 40, 41, 42, 43, 44, 45, 46, 47, 48, 49, 50, 51, 52, 53, 54, 55, 56, 57, 58, 59, 60, 61, 62, 63, 64 ]:
 Order := 126886932185884164103433389335161480802865516174545192198801894375214704230400000000000000 > |
[ 2, 9, 8, 7, 10, 1, 11, 12, 26, 27, 28, 29, 16, 23, 3, 17, 20, 22, 4, 25, 5, 30, 31, 6, 32, 47, 48, 49, 46, 50, 51, 52, 36, 38, 13, 19, 14, 40, 15, 42, 18, 44, 21, 53, 24, 54, 33, 61, 35, 62, 60, 39, 63, 45, 57, 34, 41, 37, 43, 64, 55, 56, 58, 59 ],
[ 14, 23, 34, 21, 3, 37, 5, 38, 31, 8, 10, 40, 55, 13, 56, 57, 41, 6, 43, 18, 15, 1, 16, 58, 22, 51, 12, 27, 42, 2, 17, 30, 64, 33, 61, 59, 35, 36, 62, 19, 24, 4, 39, 7, 63, 44, 60, 29, 48, 9, 20, 50, 11, 53, 54, 47, 45, 49, 52, 25, 46, 26, 28, 32 ],
[ 18, 22, 21, 40, 4, 41, 42, 5, 30, 7, 44, 10, 37, 6, 43, 14, 23, 17, 38, 31, 19, 20, 1, 57, 51, 50, 11, 53, 27, 25, 2, 60, 56, 15, 58, 34, 24, 3, 59, 8, 16, 12, 36, 29, 55, 48, 62, 28, 63, 32, 9, 64, 46, 61, 35, 39, 13, 45, 33, 26, 49, 52, 54, 47 ]
];
s`MonodromyGroup := PermutationGroup<64 |  
\[ 2, 9, 8, 7, 10, 1, 11, 12, 26, 27, 28, 29, 16, 23, 3, 17, 20, 22, 4, 25, 5, 30, 31, 6, 32, 47, 48, 49, 46, 50, 51, 52, 36, 38, 13, 19, 14, 40, 15, 42, 18, 44, 21, 53, 24, 54, 33, 61, 35, 62, 60, 39, 63, 45, 57, 34, 41, 37, 43, 64, 55, 56, 58, 59 ],
\[ 14, 23, 34, 21, 3, 37, 5, 38, 31, 8, 10, 40, 55, 13, 56, 57, 41, 6, 43, 18, 15, 1, 16, 58, 22, 51, 12, 27, 42, 2, 17, 30, 64, 33, 61, 59, 35, 36, 62, 19, 24, 4, 39, 7, 63, 44, 60, 29, 48, 9, 20, 50, 11, 53, 54, 47, 45, 49, 52, 25, 46, 26, 28, 32 ],
\[ 18, 22, 21, 40, 4, 41, 42, 5, 30, 7, 44, 10, 37, 6, 43, 14, 23, 17, 38, 31, 19, 20, 1, 57, 51, 50, 11, 53, 27, 25, 2, 60, 56, 15, 58, 34, 24, 3, 59, 8, 16, 12, 36, 29, 55, 48, 62, 28, 63, 32, 9, 64, 46, 61, 35, 39, 13, 45, 33, 26, 49, 52, 54, 47 ] >;

/*
Edge printing
*/

s`Edges := [];
edge1 := TwoEdgeInitialize();
edge1`Blocks := {@ PowerSet(IntegerRing()) |
{ IntegerRing() | 1, 5 },
{ IntegerRing() | 2, 10 },
{ IntegerRing() | 3, 14 },
{ IntegerRing() | 4, 18 },
{ IntegerRing() | 6, 21 },
{ IntegerRing() | 7, 22 },
{ IntegerRing() | 8, 23 },
{ IntegerRing() | 9, 27 },
{ IntegerRing() | 11, 30 },
{ IntegerRing() | 12, 31 },
{ IntegerRing() | 13, 34 },
{ IntegerRing() | 15, 37 },
{ IntegerRing() | 16, 38 },
{ IntegerRing() | 17, 40 },
{ IntegerRing() | 19, 41 },
{ IntegerRing() | 20, 42 },
{ IntegerRing() | 24, 43 },
{ IntegerRing() | 25, 44 },
{ IntegerRing() | 26, 48 },
{ IntegerRing() | 28, 50 },
{ IntegerRing() | 29, 51 },
{ IntegerRing() | 32, 53 },
{ IntegerRing() | 33, 55 },
{ IntegerRing() | 35, 56 },
{ IntegerRing() | 36, 57 },
{ IntegerRing() | 39, 58 },
{ IntegerRing() | 45, 59 },
{ IntegerRing() | 46, 60 },
{ IntegerRing() | 47, 61 },
{ IntegerRing() | 49, 62 },
{ IntegerRing() | 52, 63 },
{ IntegerRing() | 54, 64 }
@};
edge1`UpstairsTriple := [ PermutationGroup<64 |  
\[ 2, 3, 4, 5, 6, 7, 8, 9, 10, 11, 12, 13, 14, 15, 16, 17, 18, 19, 20, 21, 22, 23, 24, 25, 26, 27, 28, 29, 30, 31, 32, 33, 34, 35, 36, 37, 38, 39, 40, 41, 42, 43, 44, 45, 46, 47, 48, 49, 50, 51, 52, 53, 54, 55, 56, 57, 58, 59, 60, 61, 62, 63, 64, 1 ],
\[ 2, 1, 3, 4, 5, 6, 7, 8, 9, 10, 11, 12, 13, 14, 15, 16, 17, 18, 19, 20, 21, 22, 23, 24, 25, 26, 27, 28, 29, 30, 31, 32, 33, 34, 35, 36, 37, 38, 39, 40, 41, 42, 43, 44, 45, 46, 47, 48, 49, 50, 51, 52, 53, 54, 55, 56, 57, 58, 59, 60, 61, 62, 63, 64 ]:
 Order := 126886932185884164103433389335161480802865516174545192198801894375214704230400000000000000 > |
[ 2, 9, 8, 7, 10, 1, 11, 12, 26, 27, 28, 29, 16, 23, 3, 17, 20, 22, 4, 25, 5, 30, 31, 6, 32, 47, 48, 49, 46, 50, 51, 52, 36, 38, 13, 19, 14, 40, 15, 42, 18, 44, 21, 53, 24, 54, 33, 61, 35, 62, 60, 39, 63, 45, 57, 34, 41, 37, 43, 64, 55, 56, 58, 59 ],
[ 14, 23, 34, 21, 3, 37, 5, 38, 31, 8, 10, 40, 55, 13, 56, 57, 41, 6, 43, 18, 15, 1, 16, 58, 22, 51, 12, 27, 42, 2, 17, 30, 64, 33, 61, 59, 35, 36, 62, 19, 24, 4, 39, 7, 63, 44, 60, 29, 48, 9, 20, 50, 11, 53, 54, 47, 45, 49, 52, 25, 46, 26, 28, 32 ],
[ 18, 22, 21, 40, 4, 41, 42, 5, 30, 7, 44, 10, 37, 6, 43, 14, 23, 17, 38, 31, 19, 20, 1, 57, 51, 50, 11, 53, 27, 25, 2, 60, 56, 15, 58, 34, 24, 3, 59, 8, 16, 12, 36, 29, 55, 48, 62, 28, 63, 32, 9, 64, 46, 61, 35, 39, 13, 45, 33, 26, 49, 52, 54, 47 ]
];
edge1`UpstairsFilename := "64S50-32,32,4-g23-883757416.m";
edge1`DownstairsTriple := [ PermutationGroup<32 |  
\[ 2, 3, 4, 5, 6, 7, 8, 9, 10, 11, 12, 13, 14, 15, 16, 17, 18, 19, 20, 21, 22, 23, 24, 25, 26, 27, 28, 29, 30, 31, 32, 1 ],
\[ 2, 1, 3, 4, 5, 6, 7, 8, 9, 10, 11, 12, 13, 14, 15, 16, 17, 18, 19, 20, 21, 22, 23, 24, 25, 26, 27, 28, 29, 30, 31, 32 ]:
 Order := 263130836933693530167218012160000000 > |
[ 11, 18, 8, 7, 2, 5, 20, 10, 22, 12, 9, 28, 6, 1, 4, 15, 14, 19, 31, 21, 32, 29, 16, 3, 17, 24, 13, 30, 23, 25, 26, 27 ],
[ 3, 4, 13, 14, 15, 16, 1, 6, 10, 5, 8, 2, 23, 24, 17, 25, 26, 7, 20, 11, 9, 12, 30, 27, 31, 32, 29, 18, 28, 19, 21, 22 ],
[ 4, 10, 14, 5, 8, 3, 2, 1, 20, 11, 7, 9, 24, 15, 6, 13, 16, 12, 28, 18, 19, 21, 27, 17, 23, 25, 26, 22, 32, 29, 30, 31 ]
];
edge1`DownstairsFilename := "32S1-32,32,4-g12-3311340238.m";
Append(~s`Edges, edge1);
edge2 := TwoEdgeInitialize();
edge2`Blocks := {@ PowerSet(IntegerRing()) |
{ IntegerRing() | 1, 5 },
{ IntegerRing() | 2, 11 },
{ IntegerRing() | 3, 15 },
{ IntegerRing() | 4, 8 },
{ IntegerRing() | 6, 14 },
{ IntegerRing() | 7, 10 },
{ IntegerRing() | 9, 18 },
{ IntegerRing() | 12, 20 },
{ IntegerRing() | 13, 17 },
{ IntegerRing() | 16, 24 },
{ IntegerRing() | 19, 22 },
{ IntegerRing() | 21, 28 },
{ IntegerRing() | 23, 26 },
{ IntegerRing() | 25, 27 },
{ IntegerRing() | 29, 31 },
{ IntegerRing() | 30, 32 },
{ IntegerRing() | 33, 35 },
{ IntegerRing() | 34, 36 },
{ IntegerRing() | 37, 39 },
{ IntegerRing() | 38, 40 },
{ IntegerRing() | 41, 43 },
{ IntegerRing() | 42, 44 },
{ IntegerRing() | 45, 47 },
{ IntegerRing() | 46, 48 },
{ IntegerRing() | 49, 51 },
{ IntegerRing() | 50, 52 },
{ IntegerRing() | 53, 55 },
{ IntegerRing() | 54, 56 },
{ IntegerRing() | 57, 59 },
{ IntegerRing() | 58, 60 },
{ IntegerRing() | 61, 63 },
{ IntegerRing() | 62, 64 }
@};
edge2`UpstairsTriple := [ PermutationGroup<64 |  
\[ 2, 3, 4, 5, 6, 7, 8, 9, 10, 11, 12, 13, 14, 15, 16, 17, 18, 19, 20, 21, 22, 23, 24, 25, 26, 27, 28, 29, 30, 31, 32, 33, 34, 35, 36, 37, 38, 39, 40, 41, 42, 43, 44, 45, 46, 47, 48, 49, 50, 51, 52, 53, 54, 55, 56, 57, 58, 59, 60, 61, 62, 63, 64, 1 ],
\[ 2, 1, 3, 4, 5, 6, 7, 8, 9, 10, 11, 12, 13, 14, 15, 16, 17, 18, 19, 20, 21, 22, 23, 24, 25, 26, 27, 28, 29, 30, 31, 32, 33, 34, 35, 36, 37, 38, 39, 40, 41, 42, 43, 44, 45, 46, 47, 48, 49, 50, 51, 52, 53, 54, 55, 56, 57, 58, 59, 60, 61, 62, 63, 64 ]:
 Order := 126886932185884164103433389335161480802865516174545192198801894375214704230400000000000000 > |
[ 11, 18, 8, 7, 2, 5, 20, 10, 22, 12, 9, 28, 6, 1, 4, 15, 14, 19, 31, 21, 32, 29, 16, 3, 17, 24, 13, 30, 39, 40, 37, 38, 25, 26, 27, 23, 47, 48, 45, 46, 34, 35, 36, 33, 55, 56, 53, 54, 42, 43, 44, 41, 63, 64, 61, 62, 50, 51, 52, 49, 60, 57, 58, 59 ],
[ 3, 4, 13, 14, 15, 16, 1, 6, 10, 5, 8, 2, 23, 24, 17, 25, 26, 7, 20, 11, 9, 12, 33, 27, 34, 35, 36, 18, 28, 19, 21, 22, 41, 42, 43, 44, 32, 29, 30, 31, 49, 50, 51, 52, 40, 37, 38, 39, 57, 58, 59, 60, 48, 45, 46, 47, 63, 64, 61, 62, 56, 53, 54, 55 ],
[ 4, 10, 14, 5, 8, 3, 2, 1, 20, 11, 7, 9, 24, 15, 6, 13, 16, 12, 28, 18, 19, 21, 27, 17, 23, 25, 26, 22, 32, 29, 30, 31, 36, 33, 34, 35, 40, 37, 38, 39, 44, 41, 42, 43, 48, 45, 46, 47, 52, 49, 50, 51, 56, 53, 54, 55, 60, 57, 58, 59, 64, 61, 62, 63 ]
];
edge2`UpstairsFilename := "64S50-32,32,4-g23-1340419425.m";
edge2`DownstairsTriple := [ PermutationGroup<32 |  
\[ 2, 3, 4, 5, 6, 7, 8, 9, 10, 11, 12, 13, 14, 15, 16, 17, 18, 19, 20, 21, 22, 23, 24, 25, 26, 27, 28, 29, 30, 31, 32, 1 ],
\[ 2, 1, 3, 4, 5, 6, 7, 8, 9, 10, 11, 12, 13, 14, 15, 16, 17, 18, 19, 20, 21, 22, 23, 24, 25, 26, 27, 28, 29, 30, 31, 32 ]:
 Order := 263130836933693530167218012160000000 > |
[ 2, 5, 1, 6, 9, 10, 3, 4, 13, 14, 7, 8, 17, 18, 11, 12, 21, 22, 15, 16, 25, 26, 19, 20, 29, 30, 23, 24, 27, 32, 28, 31 ],
[ 8, 4, 12, 3, 6, 1, 16, 7, 10, 2, 20, 11, 14, 5, 24, 15, 18, 9, 28, 19, 22, 13, 31, 23, 26, 17, 32, 27, 30, 21, 29, 25 ],
[ 4, 6, 8, 1, 10, 2, 12, 3, 14, 5, 16, 7, 18, 9, 20, 11, 22, 13, 24, 15, 26, 17, 28, 19, 30, 21, 31, 23, 32, 25, 27, 29 ]
];
edge2`DownstairsFilename := "32S16-16,16,2-g7-1754964992.m";
Append(~s`Edges, edge2);
edge3 := TwoEdgeInitialize();
edge3`Blocks := {@ PowerSet(IntegerRing()) |
{ IntegerRing() | 1, 5 },
{ IntegerRing() | 2, 10 },
{ IntegerRing() | 3, 14 },
{ IntegerRing() | 4, 18 },
{ IntegerRing() | 6, 21 },
{ IntegerRing() | 7, 22 },
{ IntegerRing() | 8, 23 },
{ IntegerRing() | 9, 27 },
{ IntegerRing() | 11, 30 },
{ IntegerRing() | 12, 31 },
{ IntegerRing() | 13, 34 },
{ IntegerRing() | 15, 37 },
{ IntegerRing() | 16, 38 },
{ IntegerRing() | 17, 40 },
{ IntegerRing() | 19, 41 },
{ IntegerRing() | 20, 42 },
{ IntegerRing() | 24, 43 },
{ IntegerRing() | 25, 44 },
{ IntegerRing() | 26, 48 },
{ IntegerRing() | 28, 50 },
{ IntegerRing() | 29, 51 },
{ IntegerRing() | 32, 53 },
{ IntegerRing() | 33, 55 },
{ IntegerRing() | 35, 56 },
{ IntegerRing() | 36, 57 },
{ IntegerRing() | 39, 58 },
{ IntegerRing() | 45, 59 },
{ IntegerRing() | 46, 60 },
{ IntegerRing() | 47, 61 },
{ IntegerRing() | 49, 62 },
{ IntegerRing() | 52, 63 },
{ IntegerRing() | 54, 64 }
@};
edge3`UpstairsTriple := [ PermutationGroup<64 |  
\[ 2, 3, 4, 5, 6, 7, 8, 9, 10, 11, 12, 13, 14, 15, 16, 17, 18, 19, 20, 21, 22, 23, 24, 25, 26, 27, 28, 29, 30, 31, 32, 33, 34, 35, 36, 37, 38, 39, 40, 41, 42, 43, 44, 45, 46, 47, 48, 49, 50, 51, 52, 53, 54, 55, 56, 57, 58, 59, 60, 61, 62, 63, 64, 1 ],
\[ 2, 1, 3, 4, 5, 6, 7, 8, 9, 10, 11, 12, 13, 14, 15, 16, 17, 18, 19, 20, 21, 22, 23, 24, 25, 26, 27, 28, 29, 30, 31, 32, 33, 34, 35, 36, 37, 38, 39, 40, 41, 42, 43, 44, 45, 46, 47, 48, 49, 50, 51, 52, 53, 54, 55, 56, 57, 58, 59, 60, 61, 62, 63, 64 ]:
 Order := 126886932185884164103433389335161480802865516174545192198801894375214704230400000000000000 > |
[ 2, 9, 8, 7, 10, 1, 11, 12, 26, 27, 28, 29, 16, 23, 3, 17, 20, 22, 4, 25, 5, 30, 31, 6, 32, 47, 48, 49, 46, 50, 51, 52, 36, 38, 13, 19, 14, 40, 15, 42, 18, 44, 21, 53, 24, 54, 39, 61, 45, 62, 60, 33, 63, 35, 57, 34, 41, 37, 43, 64, 58, 59, 55, 56 ],
[ 14, 23, 34, 21, 3, 37, 5, 38, 31, 8, 10, 40, 55, 13, 56, 57, 41, 6, 43, 18, 15, 1, 16, 58, 22, 51, 12, 27, 42, 2, 17, 30, 62, 33, 63, 59, 35, 36, 64, 19, 24, 4, 39, 7, 61, 44, 60, 29, 48, 9, 20, 50, 11, 53, 49, 52, 45, 54, 47, 25, 46, 26, 28, 32 ],
[ 18, 22, 21, 40, 4, 41, 42, 5, 30, 7, 44, 10, 37, 6, 43, 14, 23, 17, 38, 31, 19, 20, 1, 57, 51, 50, 11, 53, 27, 25, 2, 60, 56, 15, 58, 34, 24, 3, 59, 8, 16, 12, 36, 29, 55, 48, 62, 28, 63, 32, 9, 64, 46, 61, 35, 39, 13, 45, 33, 26, 49, 52, 54, 47 ]
];
edge3`UpstairsFilename := "64S50-32,32,4-g23-3826866516.m";
edge3`DownstairsTriple := [ PermutationGroup<32 |  
\[ 2, 3, 4, 5, 6, 7, 8, 9, 10, 11, 12, 13, 14, 15, 16, 17, 18, 19, 20, 21, 22, 23, 24, 25, 26, 27, 28, 29, 30, 31, 32, 1 ],
\[ 2, 1, 3, 4, 5, 6, 7, 8, 9, 10, 11, 12, 13, 14, 15, 16, 17, 18, 19, 20, 21, 22, 23, 24, 25, 26, 27, 28, 29, 30, 31, 32 ]:
 Order := 263130836933693530167218012160000000 > |
[ 2, 9, 4, 10, 11, 1, 12, 7, 19, 20, 18, 21, 14, 5, 8, 3, 6, 22, 29, 28, 30, 31, 24, 15, 13, 16, 17, 32, 26, 27, 23, 25 ],
[ 3, 4, 13, 14, 15, 16, 1, 6, 10, 5, 8, 2, 23, 24, 17, 25, 26, 7, 20, 11, 9, 12, 30, 27, 31, 32, 29, 18, 28, 19, 21, 22 ],
[ 8, 7, 6, 1, 4, 15, 11, 5, 12, 2, 10, 18, 16, 3, 14, 17, 24, 20, 21, 9, 22, 28, 25, 13, 26, 27, 23, 19, 30, 31, 32, 29 ]
];
edge3`DownstairsFilename := "32S1-32,32,4-g12-4096869319.m";
Append(~s`Edges, edge3);

/*
Return for eval
*/

return s;
