s := TwoDBInitialize();

/*
Magma printing
*/

s`Name := "64S50-32,32,2-g15-195973546";
s`Filename := "64S50-32,32,2-g15-195973546.m";
s`Degree := 64;
s`Orders := \[ 32, 32, 2 ];
s`Geometry := "Hyperbolic";
s`Genus := 15;
s`Level := 6;
s`PermutationTriple := [ PermutationGroup<64 |  
\[ 2, 3, 4, 5, 6, 7, 8, 9, 10, 11, 12, 13, 14, 15, 16, 17, 18, 19, 20, 21, 22, 23, 24, 25, 26, 27, 28, 29, 30, 31, 32, 33, 34, 35, 36, 37, 38, 39, 40, 41, 42, 43, 44, 45, 46, 47, 48, 49, 50, 51, 52, 53, 54, 55, 56, 57, 58, 59, 60, 61, 62, 63, 64, 1 ],
\[ 2, 1, 3, 4, 5, 6, 7, 8, 9, 10, 11, 12, 13, 14, 15, 16, 17, 18, 19, 20, 21, 22, 23, 24, 25, 26, 27, 28, 29, 30, 31, 32, 33, 34, 35, 36, 37, 38, 39, 40, 41, 42, 43, 44, 45, 46, 47, 48, 49, 50, 51, 52, 53, 54, 55, 56, 57, 58, 59, 60, 61, 62, 63, 64 ]:
 Order := 126886932185884164103433389335161480802865516174545192198801894375214704230400000000000000 > |
[ 2, 7, 1, 8, 9, 10, 19, 20, 21, 22, 3, 4, 5, 6, 23, 24, 25, 26, 39, 40, 41, 42, 43, 44, 45, 46, 11, 12, 13, 14, 15, 16, 17, 18, 47, 48, 49, 50, 28, 38, 58, 27, 34, 59, 60, 35, 30, 61, 62, 31, 29, 32, 33, 36, 37, 63, 64, 52, 57, 51, 55, 56, 53, 54 ],
[ 13, 5, 29, 32, 3, 33, 9, 16, 1, 17, 51, 52, 11, 53, 54, 12, 14, 55, 21, 24, 2, 25, 36, 4, 6, 37, 60, 58, 27, 63, 64, 28, 30, 61, 62, 31, 34, 59, 41, 44, 7, 45, 48, 8, 10, 49, 56, 15, 18, 57, 42, 39, 47, 50, 43, 46, 40, 19, 20, 22, 23, 26, 35, 38 ],
[ 5, 9, 13, 16, 1, 17, 21, 24, 2, 25, 29, 32, 3, 33, 36, 4, 6, 37, 41, 44, 7, 45, 48, 8, 10, 49, 51, 52, 11, 53, 54, 12, 14, 55, 56, 15, 18, 57, 58, 59, 19, 60, 61, 20, 22, 62, 63, 23, 26, 64, 27, 28, 30, 31, 34, 35, 38, 39, 40, 42, 43, 46, 47, 50 ]
];
s`MonodromyGroup := PermutationGroup<64 |  
\[ 2, 7, 1, 8, 9, 10, 19, 20, 21, 22, 3, 4, 5, 6, 23, 24, 25, 26, 39, 40, 41, 42, 43, 44, 45, 46, 11, 12, 13, 14, 15, 16, 17, 18, 47, 48, 49, 50, 28, 38, 58, 27, 34, 59, 60, 35, 30, 61, 62, 31, 29, 32, 33, 36, 37, 63, 64, 52, 57, 51, 55, 56, 53, 54 ],
\[ 13, 5, 29, 32, 3, 33, 9, 16, 1, 17, 51, 52, 11, 53, 54, 12, 14, 55, 21, 24, 2, 25, 36, 4, 6, 37, 60, 58, 27, 63, 64, 28, 30, 61, 62, 31, 34, 59, 41, 44, 7, 45, 48, 8, 10, 49, 56, 15, 18, 57, 42, 39, 47, 50, 43, 46, 40, 19, 20, 22, 23, 26, 35, 38 ],
\[ 5, 9, 13, 16, 1, 17, 21, 24, 2, 25, 29, 32, 3, 33, 36, 4, 6, 37, 41, 44, 7, 45, 48, 8, 10, 49, 51, 52, 11, 53, 54, 12, 14, 55, 56, 15, 18, 57, 58, 59, 19, 60, 61, 20, 22, 62, 63, 23, 26, 64, 27, 28, 30, 31, 34, 35, 38, 39, 40, 42, 43, 46, 47, 50 ] >;

/*
Edge printing
*/

s`Edges := [];
edge1 := TwoEdgeInitialize();
edge1`Blocks := {@ PowerSet(IntegerRing()) |
{ IntegerRing() | 1, 5 },
{ IntegerRing() | 2, 9 },
{ IntegerRing() | 3, 13 },
{ IntegerRing() | 4, 16 },
{ IntegerRing() | 6, 17 },
{ IntegerRing() | 7, 21 },
{ IntegerRing() | 8, 24 },
{ IntegerRing() | 10, 25 },
{ IntegerRing() | 11, 29 },
{ IntegerRing() | 12, 32 },
{ IntegerRing() | 14, 33 },
{ IntegerRing() | 15, 36 },
{ IntegerRing() | 18, 37 },
{ IntegerRing() | 19, 41 },
{ IntegerRing() | 20, 44 },
{ IntegerRing() | 22, 45 },
{ IntegerRing() | 23, 48 },
{ IntegerRing() | 26, 49 },
{ IntegerRing() | 27, 51 },
{ IntegerRing() | 28, 52 },
{ IntegerRing() | 30, 53 },
{ IntegerRing() | 31, 54 },
{ IntegerRing() | 34, 55 },
{ IntegerRing() | 35, 56 },
{ IntegerRing() | 38, 57 },
{ IntegerRing() | 39, 58 },
{ IntegerRing() | 40, 59 },
{ IntegerRing() | 42, 60 },
{ IntegerRing() | 43, 61 },
{ IntegerRing() | 46, 62 },
{ IntegerRing() | 47, 63 },
{ IntegerRing() | 50, 64 }
@};
edge1`UpstairsTriple := [ PermutationGroup<64 |  
\[ 2, 3, 4, 5, 6, 7, 8, 9, 10, 11, 12, 13, 14, 15, 16, 17, 18, 19, 20, 21, 22, 23, 24, 25, 26, 27, 28, 29, 30, 31, 32, 33, 34, 35, 36, 37, 38, 39, 40, 41, 42, 43, 44, 45, 46, 47, 48, 49, 50, 51, 52, 53, 54, 55, 56, 57, 58, 59, 60, 61, 62, 63, 64, 1 ],
\[ 2, 1, 3, 4, 5, 6, 7, 8, 9, 10, 11, 12, 13, 14, 15, 16, 17, 18, 19, 20, 21, 22, 23, 24, 25, 26, 27, 28, 29, 30, 31, 32, 33, 34, 35, 36, 37, 38, 39, 40, 41, 42, 43, 44, 45, 46, 47, 48, 49, 50, 51, 52, 53, 54, 55, 56, 57, 58, 59, 60, 61, 62, 63, 64 ]:
 Order := 126886932185884164103433389335161480802865516174545192198801894375214704230400000000000000 > |
[ 2, 7, 1, 8, 9, 10, 19, 20, 21, 22, 3, 4, 5, 6, 23, 24, 25, 26, 39, 40, 41, 42, 43, 44, 45, 46, 11, 12, 13, 14, 15, 16, 17, 18, 47, 48, 49, 50, 28, 38, 58, 27, 34, 59, 60, 35, 30, 61, 62, 31, 29, 32, 33, 36, 37, 63, 64, 52, 57, 51, 55, 56, 53, 54 ],
[ 13, 5, 29, 32, 3, 33, 9, 16, 1, 17, 51, 52, 11, 53, 54, 12, 14, 55, 21, 24, 2, 25, 36, 4, 6, 37, 60, 58, 27, 63, 64, 28, 30, 61, 62, 31, 34, 59, 41, 44, 7, 45, 48, 8, 10, 49, 56, 15, 18, 57, 42, 39, 47, 50, 43, 46, 40, 19, 20, 22, 23, 26, 35, 38 ],
[ 5, 9, 13, 16, 1, 17, 21, 24, 2, 25, 29, 32, 3, 33, 36, 4, 6, 37, 41, 44, 7, 45, 48, 8, 10, 49, 51, 52, 11, 53, 54, 12, 14, 55, 56, 15, 18, 57, 58, 59, 19, 60, 61, 20, 22, 62, 63, 23, 26, 64, 27, 28, 30, 31, 34, 35, 38, 39, 40, 42, 43, 46, 47, 50 ]
];
edge1`UpstairsFilename := "64S50-32,32,2-g15-195973546.m";
edge1`DownstairsTriple := [ PermutationGroup<32 |  
\[ 2, 3, 4, 5, 6, 7, 8, 9, 10, 11, 12, 13, 14, 15, 16, 17, 18, 19, 20, 21, 22, 23, 24, 25, 26, 27, 28, 29, 30, 31, 32, 1 ],
\[ 2, 1, 3, 4, 5, 6, 7, 8, 9, 10, 11, 12, 13, 14, 15, 16, 17, 18, 19, 20, 21, 22, 23, 24, 25, 26, 27, 28, 29, 30, 31, 32 ]:
 Order := 263130836933693530167218012160000000 > |
[ 2, 5, 1, 6, 9, 10, 3, 4, 13, 14, 7, 8, 17, 18, 11, 12, 21, 22, 15, 16, 25, 26, 19, 20, 29, 30, 23, 24, 32, 31, 27, 28 ],
[ 3, 1, 7, 8, 2, 4, 11, 12, 5, 6, 15, 16, 9, 10, 19, 20, 13, 14, 23, 24, 17, 18, 27, 28, 21, 22, 31, 32, 25, 26, 30, 29 ],
[ 1, 2, 3, 4, 5, 6, 7, 8, 9, 10, 11, 12, 13, 14, 15, 16, 17, 18, 19, 20, 21, 22, 23, 24, 25, 26, 27, 28, 29, 30, 31, 32 ]
];
edge1`DownstairsFilename := "32S1-32,32,1-g0-4203823533.m";
Append(~s`Edges, edge1);
edge2 := TwoEdgeInitialize();
edge2`Blocks := {@ PowerSet(IntegerRing()) |
{ IntegerRing() | 1, 5 },
{ IntegerRing() | 2, 9 },
{ IntegerRing() | 3, 12 },
{ IntegerRing() | 4, 14 },
{ IntegerRing() | 6, 15 },
{ IntegerRing() | 7, 16 },
{ IntegerRing() | 8, 18 },
{ IntegerRing() | 10, 20 },
{ IntegerRing() | 11, 22 },
{ IntegerRing() | 13, 24 },
{ IntegerRing() | 17, 26 },
{ IntegerRing() | 19, 28 },
{ IntegerRing() | 21, 30 },
{ IntegerRing() | 23, 32 },
{ IntegerRing() | 25, 34 },
{ IntegerRing() | 27, 36 },
{ IntegerRing() | 29, 38 },
{ IntegerRing() | 31, 40 },
{ IntegerRing() | 33, 42 },
{ IntegerRing() | 35, 44 },
{ IntegerRing() | 37, 46 },
{ IntegerRing() | 39, 48 },
{ IntegerRing() | 41, 50 },
{ IntegerRing() | 43, 52 },
{ IntegerRing() | 45, 54 },
{ IntegerRing() | 47, 56 },
{ IntegerRing() | 49, 58 },
{ IntegerRing() | 51, 60 },
{ IntegerRing() | 53, 62 },
{ IntegerRing() | 55, 64 },
{ IntegerRing() | 57, 61 },
{ IntegerRing() | 59, 63 }
@};
edge2`UpstairsTriple := [ PermutationGroup<64 |  
\[ 2, 3, 4, 5, 6, 7, 8, 9, 10, 11, 12, 13, 14, 15, 16, 17, 18, 19, 20, 21, 22, 23, 24, 25, 26, 27, 28, 29, 30, 31, 32, 33, 34, 35, 36, 37, 38, 39, 40, 41, 42, 43, 44, 45, 46, 47, 48, 49, 50, 51, 52, 53, 54, 55, 56, 57, 58, 59, 60, 61, 62, 63, 64, 1 ],
\[ 2, 1, 3, 4, 5, 6, 7, 8, 9, 10, 11, 12, 13, 14, 15, 16, 17, 18, 19, 20, 21, 22, 23, 24, 25, 26, 27, 28, 29, 30, 31, 32, 33, 34, 35, 36, 37, 38, 39, 40, 41, 42, 43, 44, 45, 46, 47, 48, 49, 50, 51, 52, 53, 54, 55, 56, 57, 58, 59, 60, 61, 62, 63, 64 ]:
 Order := 126886932185884164103433389335161480802865516174545192198801894375214704230400000000000000 > |
[ 2, 8, 4, 7, 9, 1, 10, 17, 18, 19, 6, 14, 3, 16, 5, 20, 25, 26, 27, 28, 13, 15, 11, 12, 33, 34, 35, 36, 23, 24, 21, 22, 41, 42, 43, 44, 31, 32, 29, 30, 49, 50, 51, 52, 39, 40, 37, 38, 57, 58, 59, 60, 47, 48, 45, 46, 64, 61, 62, 63, 55, 56, 53, 54 ],
[ 3, 4, 11, 6, 12, 13, 1, 7, 14, 2, 21, 22, 23, 15, 24, 5, 10, 16, 8, 9, 29, 30, 31, 32, 19, 20, 17, 18, 37, 38, 39, 40, 27, 28, 25, 26, 45, 46, 47, 48, 35, 36, 33, 34, 53, 54, 55, 56, 43, 44, 41, 42, 61, 62, 63, 64, 51, 52, 49, 50, 60, 57, 58, 59 ],
[ 4, 7, 6, 1, 14, 3, 2, 10, 16, 8, 13, 15, 11, 5, 12, 9, 19, 20, 17, 18, 23, 24, 21, 22, 27, 28, 25, 26, 31, 32, 29, 30, 35, 36, 33, 34, 39, 40, 37, 38, 43, 44, 41, 42, 47, 48, 45, 46, 51, 52, 49, 50, 55, 56, 53, 54, 59, 60, 57, 58, 63, 64, 61, 62 ]
];
edge2`UpstairsFilename := "64S50-32,32,2-g15-3972823214.m";
edge2`DownstairsTriple := [ PermutationGroup<32 |  
\[ 2, 3, 4, 5, 6, 7, 8, 9, 10, 11, 12, 13, 14, 15, 16, 17, 18, 19, 20, 21, 22, 23, 24, 25, 26, 27, 28, 29, 30, 31, 32, 1 ],
\[ 2, 1, 3, 4, 5, 6, 7, 8, 9, 10, 11, 12, 13, 14, 15, 16, 17, 18, 19, 20, 21, 22, 23, 24, 25, 26, 27, 28, 29, 30, 31, 32 ]:
 Order := 263130836933693530167218012160000000 > |
[ 2, 5, 1, 6, 9, 10, 3, 4, 13, 14, 7, 8, 17, 18, 11, 12, 21, 22, 15, 16, 25, 26, 19, 20, 29, 30, 23, 24, 27, 32, 28, 31 ],
[ 8, 4, 12, 3, 6, 1, 16, 7, 10, 2, 20, 11, 14, 5, 24, 15, 18, 9, 28, 19, 22, 13, 31, 23, 26, 17, 32, 27, 30, 21, 29, 25 ],
[ 4, 6, 8, 1, 10, 2, 12, 3, 14, 5, 16, 7, 18, 9, 20, 11, 22, 13, 24, 15, 26, 17, 28, 19, 30, 21, 31, 23, 32, 25, 27, 29 ]
];
edge2`DownstairsFilename := "32S16-16,16,2-g7-1754964992.m";
Append(~s`Edges, edge2);
edge3 := TwoEdgeInitialize();
edge3`Blocks := {@ PowerSet(IntegerRing()) |
{ IntegerRing() | 1, 5 },
{ IntegerRing() | 2, 9 },
{ IntegerRing() | 3, 12 },
{ IntegerRing() | 4, 14 },
{ IntegerRing() | 6, 15 },
{ IntegerRing() | 7, 16 },
{ IntegerRing() | 8, 18 },
{ IntegerRing() | 10, 20 },
{ IntegerRing() | 11, 22 },
{ IntegerRing() | 13, 24 },
{ IntegerRing() | 17, 26 },
{ IntegerRing() | 19, 28 },
{ IntegerRing() | 21, 30 },
{ IntegerRing() | 23, 32 },
{ IntegerRing() | 25, 34 },
{ IntegerRing() | 27, 36 },
{ IntegerRing() | 29, 38 },
{ IntegerRing() | 31, 40 },
{ IntegerRing() | 33, 42 },
{ IntegerRing() | 35, 44 },
{ IntegerRing() | 37, 46 },
{ IntegerRing() | 39, 48 },
{ IntegerRing() | 41, 50 },
{ IntegerRing() | 43, 52 },
{ IntegerRing() | 45, 54 },
{ IntegerRing() | 47, 56 },
{ IntegerRing() | 49, 58 },
{ IntegerRing() | 51, 60 },
{ IntegerRing() | 53, 61 },
{ IntegerRing() | 55, 62 },
{ IntegerRing() | 57, 63 },
{ IntegerRing() | 59, 64 }
@};
edge3`UpstairsTriple := [ PermutationGroup<64 |  
\[ 2, 3, 4, 5, 6, 7, 8, 9, 10, 11, 12, 13, 14, 15, 16, 17, 18, 19, 20, 21, 22, 23, 24, 25, 26, 27, 28, 29, 30, 31, 32, 33, 34, 35, 36, 37, 38, 39, 40, 41, 42, 43, 44, 45, 46, 47, 48, 49, 50, 51, 52, 53, 54, 55, 56, 57, 58, 59, 60, 61, 62, 63, 64, 1 ],
\[ 2, 1, 3, 4, 5, 6, 7, 8, 9, 10, 11, 12, 13, 14, 15, 16, 17, 18, 19, 20, 21, 22, 23, 24, 25, 26, 27, 28, 29, 30, 31, 32, 33, 34, 35, 36, 37, 38, 39, 40, 41, 42, 43, 44, 45, 46, 47, 48, 49, 50, 51, 52, 53, 54, 55, 56, 57, 58, 59, 60, 61, 62, 63, 64 ]:
 Order := 126886932185884164103433389335161480802865516174545192198801894375214704230400000000000000 > |
[ 2, 8, 4, 7, 9, 1, 10, 17, 18, 19, 6, 14, 3, 16, 5, 20, 25, 26, 27, 28, 13, 15, 11, 12, 33, 34, 35, 36, 23, 24, 21, 22, 41, 42, 43, 44, 31, 32, 29, 30, 49, 50, 51, 52, 39, 40, 37, 38, 57, 58, 59, 60, 47, 48, 45, 46, 53, 63, 55, 64, 56, 54, 61, 62 ],
[ 12, 14, 22, 15, 3, 24, 5, 16, 4, 9, 30, 11, 32, 6, 13, 1, 20, 7, 18, 2, 38, 21, 40, 23, 28, 10, 26, 8, 46, 29, 48, 31, 36, 19, 34, 17, 54, 37, 56, 39, 44, 27, 42, 25, 61, 45, 62, 47, 52, 35, 50, 33, 64, 53, 63, 55, 60, 43, 58, 41, 59, 57, 51, 49 ],
[ 14, 16, 15, 5, 4, 12, 9, 20, 7, 18, 24, 6, 22, 1, 3, 2, 28, 10, 26, 8, 32, 13, 30, 11, 36, 19, 34, 17, 40, 23, 38, 21, 44, 27, 42, 25, 48, 31, 46, 29, 52, 35, 50, 33, 56, 39, 54, 37, 60, 43, 58, 41, 62, 47, 61, 45, 64, 51, 63, 49, 55, 53, 59, 57 ]
];
edge3`UpstairsFilename := "64S50-32,32,2-g15-3163522366.m";
edge3`DownstairsTriple := [ PermutationGroup<32 |  
\[ 2, 3, 4, 5, 6, 7, 8, 9, 10, 11, 12, 13, 14, 15, 16, 17, 18, 19, 20, 21, 22, 23, 24, 25, 26, 27, 28, 29, 30, 31, 32, 1 ],
\[ 2, 1, 3, 4, 5, 6, 7, 8, 9, 10, 11, 12, 13, 14, 15, 16, 17, 18, 19, 20, 21, 22, 23, 24, 25, 26, 27, 28, 29, 30, 31, 32 ]:
 Order := 263130836933693530167218012160000000 > |
[ 2, 5, 1, 6, 9, 10, 3, 4, 13, 14, 7, 8, 17, 18, 11, 12, 21, 22, 15, 16, 25, 26, 19, 20, 29, 30, 23, 24, 32, 31, 27, 28 ],
[ 8, 4, 12, 3, 6, 1, 16, 7, 10, 2, 20, 11, 14, 5, 24, 15, 18, 9, 28, 19, 22, 13, 32, 23, 26, 17, 29, 27, 30, 21, 25, 31 ],
[ 4, 6, 8, 1, 10, 2, 12, 3, 14, 5, 16, 7, 18, 9, 20, 11, 22, 13, 24, 15, 26, 17, 28, 19, 30, 21, 32, 23, 31, 25, 29, 27 ]
];
edge3`DownstairsFilename := "32S1-32,32,2-g8-256112193.m";
Append(~s`Edges, edge3);

/*
Return for eval
*/

return s;
