s := TwoDBInitialize();

/*
Magma printing
*/

s`Name := "64S50-32,16,32-g29-1145282757";
s`Filename := "64S50-32,16,32-g29-1145282757.m";
s`Degree := 64;
s`Orders := \[ 32, 16, 32 ];
s`Geometry := "Hyperbolic";
s`Genus := 29;
s`Level := 6;
s`PermutationTriple := [ PermutationGroup<64 |  
\[ 2, 3, 4, 5, 6, 7, 8, 9, 10, 11, 12, 13, 14, 15, 16, 17, 18, 19, 20, 21, 22, 23, 24, 25, 26, 27, 28, 29, 30, 31, 32, 33, 34, 35, 36, 37, 38, 39, 40, 41, 42, 43, 44, 45, 46, 47, 48, 49, 50, 51, 52, 53, 54, 55, 56, 57, 58, 59, 60, 61, 62, 63, 64, 1 ],
\[ 2, 1, 3, 4, 5, 6, 7, 8, 9, 10, 11, 12, 13, 14, 15, 16, 17, 18, 19, 20, 21, 22, 23, 24, 25, 26, 27, 28, 29, 30, 31, 32, 33, 34, 35, 36, 37, 38, 39, 40, 41, 42, 43, 44, 45, 46, 47, 48, 49, 50, 51, 52, 53, 54, 55, 56, 57, 58, 59, 60, 61, 62, 63, 64 ]:
 Order := 126886932185884164103433389335161480802865516174545192198801894375214704230400000000000000 > |
[ 2, 6, 5, 7, 1, 8, 13, 14, 11, 12, 3, 4, 15, 16, 21, 22, 19, 20, 9, 10, 23, 24, 29, 30, 27, 28, 17, 18, 31, 32, 37, 38, 35, 36, 25, 26, 39, 40, 45, 46, 43, 44, 33, 34, 47, 48, 53, 54, 51, 52, 41, 42, 55, 56, 61, 57, 59, 60, 49, 50, 62, 63, 64, 58 ],
[ 10, 12, 18, 3, 20, 4, 5, 7, 26, 9, 28, 11, 1, 13, 2, 15, 34, 17, 36, 19, 6, 21, 8, 23, 42, 25, 44, 27, 14, 29, 16, 31, 50, 33, 52, 35, 22, 37, 24, 39, 58, 41, 60, 43, 30, 45, 32, 47, 63, 49, 64, 51, 38, 53, 40, 55, 61, 57, 62, 59, 46, 48, 54, 56 ],
[ 7, 13, 12, 2, 4, 15, 6, 21, 20, 5, 10, 1, 8, 23, 14, 29, 28, 11, 18, 3, 16, 31, 22, 37, 36, 19, 26, 9, 24, 39, 30, 45, 44, 27, 34, 17, 32, 47, 38, 53, 52, 35, 42, 25, 40, 55, 46, 61, 60, 43, 50, 33, 48, 62, 54, 63, 64, 51, 58, 41, 56, 57, 59, 49 ]
];
s`MonodromyGroup := PermutationGroup<64 |  
\[ 2, 6, 5, 7, 1, 8, 13, 14, 11, 12, 3, 4, 15, 16, 21, 22, 19, 20, 9, 10, 23, 24, 29, 30, 27, 28, 17, 18, 31, 32, 37, 38, 35, 36, 25, 26, 39, 40, 45, 46, 43, 44, 33, 34, 47, 48, 53, 54, 51, 52, 41, 42, 55, 56, 61, 57, 59, 60, 49, 50, 62, 63, 64, 58 ],
\[ 10, 12, 18, 3, 20, 4, 5, 7, 26, 9, 28, 11, 1, 13, 2, 15, 34, 17, 36, 19, 6, 21, 8, 23, 42, 25, 44, 27, 14, 29, 16, 31, 50, 33, 52, 35, 22, 37, 24, 39, 58, 41, 60, 43, 30, 45, 32, 47, 63, 49, 64, 51, 38, 53, 40, 55, 61, 57, 62, 59, 46, 48, 54, 56 ],
\[ 7, 13, 12, 2, 4, 15, 6, 21, 20, 5, 10, 1, 8, 23, 14, 29, 28, 11, 18, 3, 16, 31, 22, 37, 36, 19, 26, 9, 24, 39, 30, 45, 44, 27, 34, 17, 32, 47, 38, 53, 52, 35, 42, 25, 40, 55, 46, 61, 60, 43, 50, 33, 48, 62, 54, 63, 64, 51, 58, 41, 56, 57, 59, 49 ] >;

/*
Edge printing
*/

s`Edges := [];
edge1 := TwoEdgeInitialize();
edge1`Blocks := {@ PowerSet(IntegerRing()) |
{ IntegerRing() | 1, 4 },
{ IntegerRing() | 2, 7 },
{ IntegerRing() | 3, 10 },
{ IntegerRing() | 5, 12 },
{ IntegerRing() | 6, 13 },
{ IntegerRing() | 8, 15 },
{ IntegerRing() | 9, 18 },
{ IntegerRing() | 11, 20 },
{ IntegerRing() | 14, 21 },
{ IntegerRing() | 16, 23 },
{ IntegerRing() | 17, 26 },
{ IntegerRing() | 19, 28 },
{ IntegerRing() | 22, 29 },
{ IntegerRing() | 24, 31 },
{ IntegerRing() | 25, 34 },
{ IntegerRing() | 27, 36 },
{ IntegerRing() | 30, 37 },
{ IntegerRing() | 32, 39 },
{ IntegerRing() | 33, 42 },
{ IntegerRing() | 35, 44 },
{ IntegerRing() | 38, 45 },
{ IntegerRing() | 40, 47 },
{ IntegerRing() | 41, 50 },
{ IntegerRing() | 43, 52 },
{ IntegerRing() | 46, 53 },
{ IntegerRing() | 48, 55 },
{ IntegerRing() | 49, 58 },
{ IntegerRing() | 51, 60 },
{ IntegerRing() | 54, 61 },
{ IntegerRing() | 56, 62 },
{ IntegerRing() | 57, 63 },
{ IntegerRing() | 59, 64 }
@};
edge1`UpstairsTriple := [ PermutationGroup<64 |  
\[ 2, 3, 4, 5, 6, 7, 8, 9, 10, 11, 12, 13, 14, 15, 16, 17, 18, 19, 20, 21, 22, 23, 24, 25, 26, 27, 28, 29, 30, 31, 32, 33, 34, 35, 36, 37, 38, 39, 40, 41, 42, 43, 44, 45, 46, 47, 48, 49, 50, 51, 52, 53, 54, 55, 56, 57, 58, 59, 60, 61, 62, 63, 64, 1 ],
\[ 2, 1, 3, 4, 5, 6, 7, 8, 9, 10, 11, 12, 13, 14, 15, 16, 17, 18, 19, 20, 21, 22, 23, 24, 25, 26, 27, 28, 29, 30, 31, 32, 33, 34, 35, 36, 37, 38, 39, 40, 41, 42, 43, 44, 45, 46, 47, 48, 49, 50, 51, 52, 53, 54, 55, 56, 57, 58, 59, 60, 61, 62, 63, 64 ]:
 Order := 126886932185884164103433389335161480802865516174545192198801894375214704230400000000000000 > |
[ 2, 6, 5, 7, 1, 8, 13, 14, 11, 12, 3, 4, 15, 16, 21, 22, 19, 20, 9, 10, 23, 24, 29, 30, 27, 28, 17, 18, 31, 32, 37, 38, 35, 36, 25, 26, 39, 40, 45, 46, 43, 44, 33, 34, 47, 48, 53, 54, 51, 52, 41, 42, 55, 56, 61, 57, 59, 60, 49, 50, 62, 63, 64, 58 ],
[ 10, 12, 18, 3, 20, 4, 5, 7, 26, 9, 28, 11, 1, 13, 2, 15, 34, 17, 36, 19, 6, 21, 8, 23, 42, 25, 44, 27, 14, 29, 16, 31, 50, 33, 52, 35, 22, 37, 24, 39, 58, 41, 60, 43, 30, 45, 32, 47, 63, 49, 64, 51, 38, 53, 40, 55, 61, 57, 62, 59, 46, 48, 54, 56 ],
[ 7, 13, 12, 2, 4, 15, 6, 21, 20, 5, 10, 1, 8, 23, 14, 29, 28, 11, 18, 3, 16, 31, 22, 37, 36, 19, 26, 9, 24, 39, 30, 45, 44, 27, 34, 17, 32, 47, 38, 53, 52, 35, 42, 25, 40, 55, 46, 61, 60, 43, 50, 33, 48, 62, 54, 63, 64, 51, 58, 41, 56, 57, 59, 49 ]
];
edge1`UpstairsFilename := "64S50-32,16,32-g29-1145282757.m";
edge1`DownstairsTriple := [ PermutationGroup<32 |  
\[ 2, 3, 4, 5, 6, 7, 8, 9, 10, 11, 12, 13, 14, 15, 16, 17, 18, 19, 20, 21, 22, 23, 24, 25, 26, 27, 28, 29, 30, 31, 32, 1 ],
\[ 2, 1, 3, 4, 5, 6, 7, 8, 9, 10, 11, 12, 13, 14, 15, 16, 17, 18, 19, 20, 21, 22, 23, 24, 25, 26, 27, 28, 29, 30, 31, 32 ]:
 Order := 263130836933693530167218012160000000 > |
[ 2, 7, 8, 9, 1, 10, 15, 4, 6, 16, 17, 5, 3, 18, 14, 23, 12, 24, 25, 13, 11, 26, 22, 31, 20, 27, 32, 21, 19, 29, 30, 28 ],
[ 12, 5, 20, 3, 17, 4, 1, 13, 8, 9, 28, 11, 25, 7, 2, 6, 21, 15, 30, 19, 32, 16, 10, 14, 29, 23, 22, 27, 31, 24, 18, 26 ],
[ 2, 7, 8, 9, 1, 10, 15, 4, 6, 16, 17, 5, 3, 18, 14, 23, 12, 24, 25, 13, 11, 26, 22, 31, 20, 27, 32, 21, 19, 29, 30, 28 ]
];
edge1`DownstairsFilename := "32S1-32,16,32-g15-2387677230.m";
Append(~s`Edges, edge1);
edge2 := TwoEdgeInitialize();
edge2`Blocks := {@ PowerSet(IntegerRing()) |
{ IntegerRing() | 1, 5 },
{ IntegerRing() | 2, 12 },
{ IntegerRing() | 3, 17 },
{ IntegerRing() | 4, 20 },
{ IntegerRing() | 6, 16 },
{ IntegerRing() | 7, 11 },
{ IntegerRing() | 8, 10 },
{ IntegerRing() | 9, 27 },
{ IntegerRing() | 13, 26 },
{ IntegerRing() | 14, 25 },
{ IntegerRing() | 15, 35 },
{ IntegerRing() | 18, 34 },
{ IntegerRing() | 19, 29 },
{ IntegerRing() | 21, 24 },
{ IntegerRing() | 22, 30 },
{ IntegerRing() | 23, 31 },
{ IntegerRing() | 28, 41 },
{ IntegerRing() | 32, 43 },
{ IntegerRing() | 33, 51 },
{ IntegerRing() | 36, 50 },
{ IntegerRing() | 37, 45 },
{ IntegerRing() | 38, 46 },
{ IntegerRing() | 39, 42 },
{ IntegerRing() | 40, 47 },
{ IntegerRing() | 44, 57 },
{ IntegerRing() | 48, 59 },
{ IntegerRing() | 49, 56 },
{ IntegerRing() | 52, 63 },
{ IntegerRing() | 53, 61 },
{ IntegerRing() | 54, 62 },
{ IntegerRing() | 55, 58 },
{ IntegerRing() | 60, 64 }
@};
edge2`UpstairsTriple := [ PermutationGroup<64 |  
\[ 2, 3, 4, 5, 6, 7, 8, 9, 10, 11, 12, 13, 14, 15, 16, 17, 18, 19, 20, 21, 22, 23, 24, 25, 26, 27, 28, 29, 30, 31, 32, 33, 34, 35, 36, 37, 38, 39, 40, 41, 42, 43, 44, 45, 46, 47, 48, 49, 50, 51, 52, 53, 54, 55, 56, 57, 58, 59, 60, 61, 62, 63, 64, 1 ],
\[ 2, 1, 3, 4, 5, 6, 7, 8, 9, 10, 11, 12, 13, 14, 15, 16, 17, 18, 19, 20, 21, 22, 23, 24, 25, 26, 27, 28, 29, 30, 31, 32, 33, 34, 35, 36, 37, 38, 39, 40, 41, 42, 43, 44, 45, 46, 47, 48, 49, 50, 51, 52, 53, 54, 55, 56, 57, 58, 59, 60, 61, 62, 63, 64 ]:
 Order := 126886932185884164103433389335161480802865516174545192198801894375214704230400000000000000 > |
[ 12, 27, 8, 7, 2, 5, 26, 25, 21, 14, 13, 9, 41, 20, 19, 1, 10, 17, 22, 11, 23, 16, 43, 31, 4, 28, 24, 39, 30, 6, 32, 57, 37, 3, 29, 35, 38, 34, 40, 59, 42, 47, 44, 55, 46, 18, 48, 64, 53, 15, 45, 51, 54, 50, 56, 61, 58, 49, 60, 52, 62, 36, 33, 63 ],
[ 3, 10, 15, 16, 17, 18, 1, 19, 25, 29, 5, 8, 2, 30, 33, 34, 35, 36, 37, 6, 4, 38, 7, 20, 22, 12, 14, 9, 45, 46, 11, 13, 49, 50, 51, 52, 53, 54, 21, 23, 27, 24, 26, 28, 61, 62, 31, 32, 47, 63, 56, 55, 48, 64, 39, 40, 41, 42, 43, 44, 59, 60, 58, 57 ],
[ 4, 11, 16, 9, 20, 14, 21, 1, 26, 5, 24, 7, 31, 2, 34, 25, 6, 30, 3, 27, 28, 8, 39, 41, 12, 23, 13, 43, 17, 10, 42, 47, 50, 22, 18, 46, 15, 19, 44, 55, 32, 57, 40, 59, 35, 29, 58, 49, 63, 38, 36, 62, 33, 37, 60, 52, 48, 64, 56, 61, 51, 45, 54, 53 ]
];
edge2`UpstairsFilename := "64S50-32,16,32-g29-3436205328.m";
edge2`DownstairsTriple := [ PermutationGroup<32 |  
\[ 2, 3, 4, 5, 6, 7, 8, 9, 10, 11, 12, 13, 14, 15, 16, 17, 18, 19, 20, 21, 22, 23, 24, 25, 26, 27, 28, 29, 30, 31, 32, 1 ],
\[ 2, 1, 3, 4, 5, 6, 7, 8, 9, 10, 11, 12, 13, 14, 15, 16, 17, 18, 19, 20, 21, 22, 23, 24, 25, 26, 27, 28, 29, 30, 31, 32 ]:
 Order := 263130836933693530167218012160000000 > |
[ 2, 6, 5, 7, 1, 8, 13, 14, 11, 12, 3, 4, 15, 16, 21, 22, 19, 20, 9, 10, 23, 24, 29, 25, 27, 28, 17, 18, 30, 31, 32, 26 ],
[ 10, 12, 18, 3, 20, 4, 5, 7, 26, 9, 28, 11, 1, 13, 2, 15, 31, 17, 32, 19, 6, 21, 8, 23, 29, 25, 30, 27, 14, 16, 22, 24 ],
[ 7, 13, 12, 2, 4, 15, 6, 21, 20, 5, 10, 1, 8, 23, 14, 29, 28, 11, 18, 3, 16, 30, 22, 31, 32, 19, 26, 9, 24, 25, 27, 17 ]
];
edge2`DownstairsFilename := "32S16-16,8,16-g13-4248825990.m";
Append(~s`Edges, edge2);
edge3 := TwoEdgeInitialize();
edge3`Blocks := {@ PowerSet(IntegerRing()) |
{ IntegerRing() | 1, 5 },
{ IntegerRing() | 2, 10 },
{ IntegerRing() | 3, 14 },
{ IntegerRing() | 4, 17 },
{ IntegerRing() | 6, 19 },
{ IntegerRing() | 7, 20 },
{ IntegerRing() | 8, 21 },
{ IntegerRing() | 9, 24 },
{ IntegerRing() | 11, 26 },
{ IntegerRing() | 12, 27 },
{ IntegerRing() | 13, 30 },
{ IntegerRing() | 15, 33 },
{ IntegerRing() | 16, 34 },
{ IntegerRing() | 18, 36 },
{ IntegerRing() | 22, 38 },
{ IntegerRing() | 23, 39 },
{ IntegerRing() | 25, 41 },
{ IntegerRing() | 28, 43 },
{ IntegerRing() | 29, 46 },
{ IntegerRing() | 31, 49 },
{ IntegerRing() | 32, 50 },
{ IntegerRing() | 35, 52 },
{ IntegerRing() | 37, 53 },
{ IntegerRing() | 40, 55 },
{ IntegerRing() | 42, 57 },
{ IntegerRing() | 44, 58 },
{ IntegerRing() | 45, 59 },
{ IntegerRing() | 47, 60 },
{ IntegerRing() | 48, 61 },
{ IntegerRing() | 51, 62 },
{ IntegerRing() | 54, 63 },
{ IntegerRing() | 56, 64 }
@};
edge3`UpstairsTriple := [ PermutationGroup<64 |  
\[ 2, 3, 4, 5, 6, 7, 8, 9, 10, 11, 12, 13, 14, 15, 16, 17, 18, 19, 20, 21, 22, 23, 24, 25, 26, 27, 28, 29, 30, 31, 32, 33, 34, 35, 36, 37, 38, 39, 40, 41, 42, 43, 44, 45, 46, 47, 48, 49, 50, 51, 52, 53, 54, 55, 56, 57, 58, 59, 60, 61, 62, 63, 64, 1 ],
\[ 2, 1, 3, 4, 5, 6, 7, 8, 9, 10, 11, 12, 13, 14, 15, 16, 17, 18, 19, 20, 21, 22, 23, 24, 25, 26, 27, 28, 29, 30, 31, 32, 33, 34, 35, 36, 37, 38, 39, 40, 41, 42, 43, 44, 45, 46, 47, 48, 49, 50, 51, 52, 53, 54, 55, 56, 57, 58, 59, 60, 61, 62, 63, 64 ]:
 Order := 126886932185884164103433389335161480802865516174545192198801894375214704230400000000000000 > |
[ 2, 9, 8, 7, 10, 1, 11, 12, 18, 24, 25, 4, 16, 21, 3, 22, 20, 23, 5, 26, 27, 6, 28, 36, 37, 41, 17, 42, 32, 34, 13, 35, 14, 38, 15, 39, 40, 19, 43, 44, 53, 54, 57, 45, 48, 50, 29, 51, 30, 52, 31, 33, 55, 56, 58, 47, 63, 59, 61, 46, 62, 49, 64, 60 ],
[ 14, 21, 30, 19, 3, 33, 5, 34, 27, 8, 10, 38, 46, 13, 49, 50, 6, 17, 15, 1, 16, 52, 20, 12, 24, 2, 22, 26, 59, 29, 60, 61, 31, 32, 62, 4, 36, 35, 7, 39, 9, 41, 11, 43, 57, 45, 58, 63, 47, 48, 64, 51, 18, 53, 23, 55, 25, 28, 42, 44, 54, 56, 37, 40 ],
[ 17, 20, 19, 24, 4, 27, 36, 5, 26, 7, 39, 10, 33, 6, 38, 14, 9, 41, 12, 18, 1, 21, 53, 11, 43, 23, 2, 55, 49, 15, 52, 30, 22, 3, 34, 25, 57, 8, 37, 63, 28, 58, 40, 64, 60, 31, 62, 46, 35, 13, 50, 16, 42, 59, 54, 61, 44, 56, 47, 51, 29, 32, 45, 48 ]
];
edge3`UpstairsFilename := "64S50-32,16,32-g29-613658358.m";
edge3`DownstairsTriple := [ PermutationGroup<32 |  
\[ 2, 3, 4, 5, 6, 7, 8, 9, 10, 11, 12, 13, 14, 15, 16, 17, 18, 19, 20, 21, 22, 23, 24, 25, 26, 27, 28, 29, 30, 31, 32, 1 ],
\[ 2, 1, 3, 4, 5, 6, 7, 8, 9, 10, 11, 12, 13, 14, 15, 16, 17, 18, 19, 20, 21, 22, 23, 24, 25, 26, 27, 28, 29, 30, 31, 32 ]:
 Order := 263130836933693530167218012160000000 > |
[ 9, 6, 5, 2, 4, 15, 10, 1, 7, 14, 13, 8, 12, 23, 16, 18, 3, 22, 21, 17, 20, 31, 24, 26, 11, 30, 29, 25, 28, 32, 27, 19 ],
[ 3, 8, 11, 12, 13, 1, 4, 17, 5, 2, 19, 20, 21, 6, 9, 7, 25, 10, 27, 28, 29, 14, 15, 16, 32, 18, 24, 30, 26, 22, 23, 31 ],
[ 2, 7, 8, 9, 1, 10, 15, 4, 6, 16, 17, 5, 3, 18, 14, 23, 12, 24, 25, 13, 11, 26, 22, 31, 20, 27, 32, 21, 19, 29, 30, 28 ]
];
edge3`DownstairsFilename := "32S1-32,16,32-g15-339434612.m";
Append(~s`Edges, edge3);

/*
Return for eval
*/

return s;
