s := TwoDBInitialize();

/*
Magma printing
*/

s`Name := "64S50-32,16,32-g29-1175124187";
s`Filename := "64S50-32,16,32-g29-1175124187.m";
s`Degree := 64;
s`Orders := \[ 32, 16, 32 ];
s`Geometry := "Hyperbolic";
s`Genus := 29;
s`Level := 6;
s`PermutationTriple := [ PermutationGroup<64 |  
\[ 2, 3, 4, 5, 6, 7, 8, 9, 10, 11, 12, 13, 14, 15, 16, 17, 18, 19, 20, 21, 22, 23, 24, 25, 26, 27, 28, 29, 30, 31, 32, 33, 34, 35, 36, 37, 38, 39, 40, 41, 42, 43, 44, 45, 46, 47, 48, 49, 50, 51, 52, 53, 54, 55, 56, 57, 58, 59, 60, 61, 62, 63, 64, 1 ],
\[ 2, 1, 3, 4, 5, 6, 7, 8, 9, 10, 11, 12, 13, 14, 15, 16, 17, 18, 19, 20, 21, 22, 23, 24, 25, 26, 27, 28, 29, 30, 31, 32, 33, 34, 35, 36, 37, 38, 39, 40, 41, 42, 43, 44, 45, 46, 47, 48, 49, 50, 51, 52, 53, 54, 55, 56, 57, 58, 59, 60, 61, 62, 63, 64 ]:
 Order := 126886932185884164103433389335161480802865516174545192198801894375214704230400000000000000 > |
[ 2, 9, 8, 7, 10, 1, 11, 12, 27, 28, 13, 29, 16, 23, 3, 26, 20, 22, 4, 25, 5, 30, 31, 6, 15, 32, 36, 49, 50, 33, 51, 52, 35, 14, 47, 48, 40, 42, 17, 44, 18, 46, 19, 24, 21, 34, 53, 54, 55, 37, 62, 39, 63, 43, 61, 58, 38, 60, 41, 45, 64, 56, 57, 59 ],
[ 14, 23, 33, 21, 3, 34, 5, 35, 31, 8, 10, 47, 28, 13, 30, 49, 41, 6, 45, 18, 15, 1, 16, 46, 22, 55, 51, 12, 53, 2, 26, 61, 9, 11, 27, 62, 57, 19, 59, 38, 24, 4, 60, 42, 25, 7, 36, 56, 29, 63, 32, 64, 48, 58, 50, 39, 43, 17, 44, 20, 37, 52, 54, 40 ],
[ 18, 22, 21, 38, 4, 41, 42, 5, 30, 7, 46, 10, 34, 6, 45, 14, 56, 17, 57, 58, 19, 20, 1, 59, 60, 23, 33, 11, 28, 25, 2, 31, 15, 24, 3, 35, 55, 37, 62, 61, 39, 40, 63, 64, 43, 44, 8, 47, 13, 49, 9, 51, 12, 53, 16, 36, 50, 48, 52, 54, 26, 27, 29, 32 ]
];
s`MonodromyGroup := PermutationGroup<64 |  
\[ 2, 9, 8, 7, 10, 1, 11, 12, 27, 28, 13, 29, 16, 23, 3, 26, 20, 22, 4, 25, 5, 30, 31, 6, 15, 32, 36, 49, 50, 33, 51, 52, 35, 14, 47, 48, 40, 42, 17, 44, 18, 46, 19, 24, 21, 34, 53, 54, 55, 37, 62, 39, 63, 43, 61, 58, 38, 60, 41, 45, 64, 56, 57, 59 ],
\[ 14, 23, 33, 21, 3, 34, 5, 35, 31, 8, 10, 47, 28, 13, 30, 49, 41, 6, 45, 18, 15, 1, 16, 46, 22, 55, 51, 12, 53, 2, 26, 61, 9, 11, 27, 62, 57, 19, 59, 38, 24, 4, 60, 42, 25, 7, 36, 56, 29, 63, 32, 64, 48, 58, 50, 39, 43, 17, 44, 20, 37, 52, 54, 40 ],
\[ 18, 22, 21, 38, 4, 41, 42, 5, 30, 7, 46, 10, 34, 6, 45, 14, 56, 17, 57, 58, 19, 20, 1, 59, 60, 23, 33, 11, 28, 25, 2, 31, 15, 24, 3, 35, 55, 37, 62, 61, 39, 40, 63, 64, 43, 44, 8, 47, 13, 49, 9, 51, 12, 53, 16, 36, 50, 48, 52, 54, 26, 27, 29, 32 ] >;

/*
Edge printing
*/

s`Edges := [];
edge1 := TwoEdgeInitialize();
edge1`Blocks := {@ PowerSet(IntegerRing()) |
{ IntegerRing() | 1, 5 },
{ IntegerRing() | 2, 10 },
{ IntegerRing() | 3, 14 },
{ IntegerRing() | 4, 18 },
{ IntegerRing() | 6, 21 },
{ IntegerRing() | 7, 22 },
{ IntegerRing() | 8, 23 },
{ IntegerRing() | 9, 28 },
{ IntegerRing() | 11, 30 },
{ IntegerRing() | 12, 31 },
{ IntegerRing() | 13, 33 },
{ IntegerRing() | 15, 34 },
{ IntegerRing() | 16, 35 },
{ IntegerRing() | 17, 38 },
{ IntegerRing() | 19, 41 },
{ IntegerRing() | 20, 42 },
{ IntegerRing() | 24, 45 },
{ IntegerRing() | 25, 46 },
{ IntegerRing() | 26, 47 },
{ IntegerRing() | 27, 49 },
{ IntegerRing() | 29, 51 },
{ IntegerRing() | 32, 53 },
{ IntegerRing() | 36, 55 },
{ IntegerRing() | 37, 56 },
{ IntegerRing() | 39, 57 },
{ IntegerRing() | 40, 58 },
{ IntegerRing() | 43, 59 },
{ IntegerRing() | 44, 60 },
{ IntegerRing() | 48, 61 },
{ IntegerRing() | 50, 62 },
{ IntegerRing() | 52, 63 },
{ IntegerRing() | 54, 64 }
@};
edge1`UpstairsTriple := [ PermutationGroup<64 |  
\[ 2, 3, 4, 5, 6, 7, 8, 9, 10, 11, 12, 13, 14, 15, 16, 17, 18, 19, 20, 21, 22, 23, 24, 25, 26, 27, 28, 29, 30, 31, 32, 33, 34, 35, 36, 37, 38, 39, 40, 41, 42, 43, 44, 45, 46, 47, 48, 49, 50, 51, 52, 53, 54, 55, 56, 57, 58, 59, 60, 61, 62, 63, 64, 1 ],
\[ 2, 1, 3, 4, 5, 6, 7, 8, 9, 10, 11, 12, 13, 14, 15, 16, 17, 18, 19, 20, 21, 22, 23, 24, 25, 26, 27, 28, 29, 30, 31, 32, 33, 34, 35, 36, 37, 38, 39, 40, 41, 42, 43, 44, 45, 46, 47, 48, 49, 50, 51, 52, 53, 54, 55, 56, 57, 58, 59, 60, 61, 62, 63, 64 ]:
 Order := 126886932185884164103433389335161480802865516174545192198801894375214704230400000000000000 > |
[ 2, 9, 8, 7, 10, 1, 11, 12, 27, 28, 13, 29, 16, 23, 3, 26, 20, 22, 4, 25, 5, 30, 31, 6, 15, 32, 36, 49, 50, 33, 51, 52, 35, 14, 47, 48, 40, 42, 17, 44, 18, 46, 19, 24, 21, 34, 53, 54, 55, 37, 62, 39, 63, 43, 61, 58, 38, 60, 41, 45, 64, 56, 57, 59 ],
[ 14, 23, 33, 21, 3, 34, 5, 35, 31, 8, 10, 47, 28, 13, 30, 49, 41, 6, 45, 18, 15, 1, 16, 46, 22, 55, 51, 12, 53, 2, 26, 61, 9, 11, 27, 62, 57, 19, 59, 38, 24, 4, 60, 42, 25, 7, 36, 56, 29, 63, 32, 64, 48, 58, 50, 39, 43, 17, 44, 20, 37, 52, 54, 40 ],
[ 18, 22, 21, 38, 4, 41, 42, 5, 30, 7, 46, 10, 34, 6, 45, 14, 56, 17, 57, 58, 19, 20, 1, 59, 60, 23, 33, 11, 28, 25, 2, 31, 15, 24, 3, 35, 55, 37, 62, 61, 39, 40, 63, 64, 43, 44, 8, 47, 13, 49, 9, 51, 12, 53, 16, 36, 50, 48, 52, 54, 26, 27, 29, 32 ]
];
edge1`UpstairsFilename := "64S50-32,16,32-g29-1175124187.m";
edge1`DownstairsTriple := [ PermutationGroup<32 |  
\[ 2, 3, 4, 5, 6, 7, 8, 9, 10, 11, 12, 13, 14, 15, 16, 17, 18, 19, 20, 21, 22, 23, 24, 25, 26, 27, 28, 29, 30, 31, 32, 1 ],
\[ 2, 1, 3, 4, 5, 6, 7, 8, 9, 10, 11, 12, 13, 14, 15, 16, 17, 18, 19, 20, 21, 22, 23, 24, 25, 26, 27, 28, 29, 30, 31, 32 ]:
 Order := 263130836933693530167218012160000000 > |
[ 2, 9, 8, 7, 10, 1, 11, 12, 27, 17, 13, 18, 16, 23, 3, 26, 20, 22, 4, 25, 5, 28, 19, 6, 15, 21, 32, 29, 31, 14, 24, 30 ],
[ 3, 8, 13, 6, 14, 15, 1, 16, 12, 23, 2, 26, 9, 29, 11, 27, 19, 21, 24, 4, 30, 5, 31, 25, 7, 32, 18, 10, 17, 28, 20, 22 ],
[ 4, 7, 6, 17, 18, 19, 20, 1, 11, 22, 25, 2, 15, 21, 24, 3, 28, 9, 10, 29, 12, 27, 5, 23, 31, 8, 13, 32, 30, 26, 14, 16 ]
];
edge1`DownstairsFilename := "32S1-32,16,32-g15-3233534570.m";
Append(~s`Edges, edge1);
edge2 := TwoEdgeInitialize();
edge2`Blocks := {@ PowerSet(IntegerRing()) |
{ IntegerRing() | 1, 5 },
{ IntegerRing() | 2, 12 },
{ IntegerRing() | 3, 17 },
{ IntegerRing() | 4, 21 },
{ IntegerRing() | 6, 16 },
{ IntegerRing() | 7, 11 },
{ IntegerRing() | 8, 10 },
{ IntegerRing() | 9, 20 },
{ IntegerRing() | 13, 27 },
{ IntegerRing() | 14, 22 },
{ IntegerRing() | 15, 35 },
{ IntegerRing() | 18, 34 },
{ IntegerRing() | 19, 29 },
{ IntegerRing() | 23, 30 },
{ IntegerRing() | 24, 26 },
{ IntegerRing() | 25, 31 },
{ IntegerRing() | 28, 40 },
{ IntegerRing() | 32, 43 },
{ IntegerRing() | 33, 51 },
{ IntegerRing() | 36, 50 },
{ IntegerRing() | 37, 45 },
{ IntegerRing() | 38, 39 },
{ IntegerRing() | 41, 46 },
{ IntegerRing() | 42, 47 },
{ IntegerRing() | 44, 56 },
{ IntegerRing() | 48, 59 },
{ IntegerRing() | 49, 58 },
{ IntegerRing() | 52, 63 },
{ IntegerRing() | 53, 61 },
{ IntegerRing() | 54, 55 },
{ IntegerRing() | 57, 62 },
{ IntegerRing() | 60, 64 }
@};
edge2`UpstairsTriple := [ PermutationGroup<64 |  
\[ 2, 3, 4, 5, 6, 7, 8, 9, 10, 11, 12, 13, 14, 15, 16, 17, 18, 19, 20, 21, 22, 23, 24, 25, 26, 27, 28, 29, 30, 31, 32, 33, 34, 35, 36, 37, 38, 39, 40, 41, 42, 43, 44, 45, 46, 47, 48, 49, 50, 51, 52, 53, 54, 55, 56, 57, 58, 59, 60, 61, 62, 63, 64, 1 ],
\[ 2, 1, 3, 4, 5, 6, 7, 8, 9, 10, 11, 12, 13, 14, 15, 16, 17, 18, 19, 20, 21, 22, 23, 24, 25, 26, 27, 28, 29, 30, 31, 32, 33, 34, 35, 36, 37, 38, 39, 40, 41, 42, 43, 44, 45, 46, 47, 48, 49, 50, 51, 52, 53, 54, 55, 56, 57, 58, 59, 60, 61, 62, 63, 64 ]:
 Order := 126886932185884164103433389335161480802865516174545192198801894375214704230400000000000000 > |
[ 12, 20, 8, 7, 2, 5, 27, 22, 30, 14, 13, 9, 40, 4, 19, 1, 10, 17, 26, 23, 11, 21, 25, 16, 43, 6, 28, 46, 24, 31, 32, 56, 37, 3, 29, 35, 39, 34, 18, 41, 42, 59, 44, 62, 38, 47, 48, 64, 53, 15, 45, 51, 55, 50, 36, 57, 58, 61, 60, 63, 54, 49, 33, 52 ],
[ 3, 10, 15, 16, 17, 18, 1, 19, 22, 29, 5, 8, 2, 24, 33, 34, 35, 36, 37, 14, 6, 26, 4, 38, 7, 39, 12, 9, 45, 21, 11, 13, 49, 50, 51, 52, 53, 54, 55, 20, 23, 25, 27, 28, 61, 30, 31, 32, 47, 63, 58, 57, 48, 60, 64, 40, 41, 42, 43, 44, 59, 46, 62, 56 ],
[ 4, 11, 16, 20, 21, 22, 23, 1, 27, 5, 30, 7, 31, 2, 34, 14, 6, 26, 3, 13, 9, 12, 40, 10, 41, 8, 25, 43, 17, 28, 46, 47, 50, 24, 18, 39, 15, 29, 19, 32, 56, 57, 42, 59, 35, 44, 62, 49, 63, 38, 36, 55, 33, 45, 37, 48, 64, 52, 58, 61, 51, 60, 54, 53 ]
];
edge2`UpstairsFilename := "64S50-32,16,32-g29-2836765400.m";
edge2`DownstairsTriple := [ PermutationGroup<32 |  
\[ 2, 3, 4, 5, 6, 7, 8, 9, 10, 11, 12, 13, 14, 15, 16, 17, 18, 19, 20, 21, 22, 23, 24, 25, 26, 27, 28, 29, 30, 31, 32, 1 ],
\[ 2, 1, 3, 4, 5, 6, 7, 8, 9, 10, 11, 12, 13, 14, 15, 16, 17, 18, 19, 20, 21, 22, 23, 24, 25, 26, 27, 28, 29, 30, 31, 32 ]:
 Order := 263130836933693530167218012160000000 > |
[ 2, 6, 5, 7, 1, 8, 13, 14, 11, 12, 3, 4, 15, 16, 21, 22, 19, 20, 9, 10, 23, 24, 29, 25, 27, 28, 17, 18, 30, 31, 32, 26 ],
[ 10, 12, 18, 3, 20, 4, 5, 7, 26, 9, 28, 11, 1, 13, 2, 15, 31, 17, 32, 19, 6, 21, 8, 23, 29, 25, 30, 27, 14, 16, 22, 24 ],
[ 7, 13, 12, 2, 4, 15, 6, 21, 20, 5, 10, 1, 8, 23, 14, 29, 28, 11, 18, 3, 16, 30, 22, 31, 32, 19, 26, 9, 24, 25, 27, 17 ]
];
edge2`DownstairsFilename := "32S16-16,8,16-g13-4248825990.m";
Append(~s`Edges, edge2);
edge3 := TwoEdgeInitialize();
edge3`Blocks := {@ PowerSet(IntegerRing()) |
{ IntegerRing() | 1, 5 },
{ IntegerRing() | 2, 10 },
{ IntegerRing() | 3, 14 },
{ IntegerRing() | 4, 18 },
{ IntegerRing() | 6, 21 },
{ IntegerRing() | 7, 22 },
{ IntegerRing() | 8, 23 },
{ IntegerRing() | 9, 28 },
{ IntegerRing() | 11, 31 },
{ IntegerRing() | 12, 32 },
{ IntegerRing() | 13, 35 },
{ IntegerRing() | 15, 37 },
{ IntegerRing() | 16, 38 },
{ IntegerRing() | 17, 40 },
{ IntegerRing() | 19, 42 },
{ IntegerRing() | 20, 43 },
{ IntegerRing() | 24, 45 },
{ IntegerRing() | 25, 46 },
{ IntegerRing() | 26, 47 },
{ IntegerRing() | 27, 49 },
{ IntegerRing() | 29, 51 },
{ IntegerRing() | 30, 52 },
{ IntegerRing() | 33, 55 },
{ IntegerRing() | 34, 56 },
{ IntegerRing() | 36, 57 },
{ IntegerRing() | 39, 58 },
{ IntegerRing() | 41, 59 },
{ IntegerRing() | 44, 60 },
{ IntegerRing() | 48, 61 },
{ IntegerRing() | 50, 62 },
{ IntegerRing() | 53, 63 },
{ IntegerRing() | 54, 64 }
@};
edge3`UpstairsTriple := [ PermutationGroup<64 |  
\[ 2, 3, 4, 5, 6, 7, 8, 9, 10, 11, 12, 13, 14, 15, 16, 17, 18, 19, 20, 21, 22, 23, 24, 25, 26, 27, 28, 29, 30, 31, 32, 33, 34, 35, 36, 37, 38, 39, 40, 41, 42, 43, 44, 45, 46, 47, 48, 49, 50, 51, 52, 53, 54, 55, 56, 57, 58, 59, 60, 61, 62, 63, 64, 1 ],
\[ 2, 1, 3, 4, 5, 6, 7, 8, 9, 10, 11, 12, 13, 14, 15, 16, 17, 18, 19, 20, 21, 22, 23, 24, 25, 26, 27, 28, 29, 30, 31, 32, 33, 34, 35, 36, 37, 38, 39, 40, 41, 42, 43, 44, 45, 46, 47, 48, 49, 50, 51, 52, 53, 54, 55, 56, 57, 58, 59, 60, 61, 62, 63, 64 ]:
 Order := 126886932185884164103433389335161480802865516174545192198801894375214704230400000000000000 > |
[ 2, 9, 8, 7, 10, 1, 11, 12, 27, 28, 29, 30, 16, 23, 3, 26, 20, 22, 4, 25, 5, 31, 32, 6, 33, 34, 39, 49, 48, 50, 51, 52, 53, 54, 38, 13, 14, 47, 15, 43, 17, 18, 46, 19, 21, 55, 56, 24, 58, 36, 61, 62, 44, 41, 63, 64, 35, 37, 40, 42, 45, 57, 60, 59 ],
[ 14, 23, 35, 21, 3, 37, 5, 38, 32, 8, 10, 47, 40, 13, 57, 43, 42, 6, 45, 18, 15, 1, 16, 58, 22, 46, 52, 12, 28, 56, 2, 26, 31, 55, 17, 59, 36, 20, 62, 19, 60, 24, 4, 61, 39, 7, 25, 49, 30, 64, 9, 34, 51, 63, 11, 33, 41, 50, 44, 48, 27, 54, 29, 53 ],
[ 18, 22, 21, 40, 4, 42, 43, 5, 31, 7, 46, 10, 37, 6, 45, 14, 57, 17, 59, 35, 19, 20, 1, 60, 38, 23, 51, 11, 55, 28, 25, 2, 47, 32, 15, 58, 24, 3, 61, 36, 62, 41, 13, 64, 44, 16, 8, 63, 29, 49, 33, 9, 56, 52, 26, 12, 39, 48, 50, 54, 53, 27, 34, 30 ]
];
edge3`UpstairsFilename := "64S50-32,16,32-g29-2059577819.m";
edge3`DownstairsTriple := [ PermutationGroup<32 |  
\[ 2, 3, 4, 5, 6, 7, 8, 9, 10, 11, 12, 13, 14, 15, 16, 17, 18, 19, 20, 21, 22, 23, 24, 25, 26, 27, 28, 29, 30, 31, 32, 1 ],
\[ 2, 1, 3, 4, 5, 6, 7, 8, 9, 10, 11, 12, 13, 14, 15, 16, 17, 18, 19, 20, 21, 22, 23, 24, 25, 26, 27, 28, 29, 30, 31, 32 ]:
 Order := 263130836933693530167218012160000000 > |
[ 2, 9, 8, 7, 10, 1, 11, 12, 27, 17, 13, 18, 16, 23, 3, 26, 20, 22, 4, 25, 5, 28, 19, 6, 15, 21, 32, 29, 31, 14, 24, 30 ],
[ 14, 23, 29, 21, 3, 30, 5, 31, 19, 8, 10, 24, 17, 13, 28, 20, 12, 6, 26, 18, 15, 1, 16, 32, 22, 25, 4, 2, 9, 11, 27, 7 ],
[ 18, 22, 21, 9, 4, 12, 27, 5, 28, 7, 32, 10, 30, 6, 26, 14, 11, 17, 2, 13, 19, 20, 1, 8, 16, 23, 29, 25, 15, 24, 3, 31 ]
];
edge3`DownstairsFilename := "32S1-32,16,32-g15-3350013342.m";
Append(~s`Edges, edge3);

/*
Return for eval
*/

return s;
