s := TwoDBInitialize();

/*
Magma printing
*/

s`AutomorphismGroup := PermutationGroup<64 |  
\[ 23, 6, 22, 12, 9, 11, 31, 53, 1, 4, 18, 20, 24, 32, 46, 52, 13, 2, 36, 10, 37, 7, 5, 33, 54, 57, 63, 51, 47, 34, 3, 8, 17, 19, 21, 30, 48, 50, 44, 42, 58, 39, 61, 40, 38, 25, 28, 35, 56, 59, 29, 26, 14, 15, 64, 62, 16, 27, 45, 49, 55, 60, 41, 43 ],
\[ 2, 9, 10, 3, 11, 1, 12, 13, 18, 31, 23, 22, 32, 33, 34, 35, 14, 5, 15, 7, 16, 4, 6, 8, 36, 37, 38, 39, 40, 25, 20, 17, 53, 54, 57, 46, 52, 58, 47, 51, 59, 29, 60, 28, 41, 19, 42, 26, 43, 27, 44, 21, 24, 30, 56, 61, 48, 45, 63, 64, 49, 55, 50, 62 ],
\[ 31, 53, 23, 54, 22, 57, 9, 18, 63, 51, 32, 47, 34, 6, 12, 11, 40, 52, 24, 46, 42, 64, 58, 39, 10, 2, 5, 20, 4, 17, 61, 62, 36, 21, 30, 48, 19, 29, 37, 35, 1, 13, 7, 33, 25, 59, 50, 44, 26, 15, 45, 60, 49, 38, 3, 14, 56, 55, 28, 8, 41, 16, 43, 27 ]:
 Order := 64 >;
s`Blocks := {@ PowerSet(IntegerRing()) |
{ IntegerRing() | 1, 5 },
{ IntegerRing() | 2, 11 },
{ IntegerRing() | 3, 7 },
{ IntegerRing() | 4, 20 },
{ IntegerRing() | 6, 18 },
{ IntegerRing() | 8, 14 },
{ IntegerRing() | 9, 23 },
{ IntegerRing() | 10, 12 },
{ IntegerRing() | 13, 33 },
{ IntegerRing() | 15, 25 },
{ IntegerRing() | 16, 26 },
{ IntegerRing() | 17, 24 },
{ IntegerRing() | 19, 30 },
{ IntegerRing() | 21, 48 },
{ IntegerRing() | 22, 31 },
{ IntegerRing() | 27, 41 },
{ IntegerRing() | 28, 29 },
{ IntegerRing() | 32, 53 },
{ IntegerRing() | 34, 36 },
{ IntegerRing() | 35, 37 },
{ IntegerRing() | 38, 59 },
{ IntegerRing() | 39, 40 },
{ IntegerRing() | 42, 44 },
{ IntegerRing() | 43, 55 },
{ IntegerRing() | 45, 50 },
{ IntegerRing() | 46, 54 },
{ IntegerRing() | 47, 51 },
{ IntegerRing() | 49, 62 },
{ IntegerRing() | 52, 57 },
{ IntegerRing() | 56, 60 },
{ IntegerRing() | 58, 63 },
{ IntegerRing() | 61, 64 }
@};
s`Child := "32S6-4,2,4-g1-path6";
s`Degree := 64;
s`Filename := "64S5-8,4,8-g17-path54.m";
s`GaloisOrbit := [ PowerSequence(PermutationGroup<64 |  
\[ 2, 3, 4, 5, 6, 7, 8, 9, 10, 11, 12, 13, 14, 15, 16, 17, 18, 19, 20, 21, 22, 23, 24, 25, 26, 27, 28, 29, 30, 31, 32, 33, 34, 35, 36, 37, 38, 39, 40, 41, 42, 43, 44, 45, 46, 47, 48, 49, 50, 51, 52, 53, 54, 55, 56, 57, 58, 59, 60, 61, 62, 63, 64, 1 ],
\[ 2, 1, 3, 4, 5, 6, 7, 8, 9, 10, 11, 12, 13, 14, 15, 16, 17, 18, 19, 20, 21, 22, 23, 24, 25, 26, 27, 28, 29, 30, 31, 32, 33, 34, 35, 36, 37, 38, 39, 40, 41, 42, 43, 44, 45, 46, 47, 48, 49, 50, 51, 52, 53, 54, 55, 56, 57, 58, 59, 60, 61, 62, 63, 64 ]:
 Order := 126886932185884164103433389335161480802865516174545192198801894375214704230400000000000000 >) |
[ PermutationGroup<64 |  
\[ 2, 3, 4, 5, 6, 7, 8, 9, 10, 11, 12, 13, 14, 15, 16, 17, 18, 19, 20, 21, 22, 23, 24, 25, 26, 27, 28, 29, 30, 31, 32, 33, 34, 35, 36, 37, 38, 39, 40, 41, 42, 43, 44, 45, 46, 47, 48, 49, 50, 51, 52, 53, 54, 55, 56, 57, 58, 59, 60, 61, 62, 63, 64, 1 ],
\[ 2, 1, 3, 4, 5, 6, 7, 8, 9, 10, 11, 12, 13, 14, 15, 16, 17, 18, 19, 20, 21, 22, 23, 24, 25, 26, 27, 28, 29, 30, 31, 32, 33, 34, 35, 36, 37, 38, 39, 40, 41, 42, 43, 44, 45, 46, 47, 48, 49, 50, 51, 52, 53, 54, 55, 56, 57, 58, 59, 60, 61, 62, 63, 64 ]:
 Order := 126886932185884164103433389335161480802865516174545192198801894375214704230400000000000000 > |
[ 11, 23, 8, 24, 2, 5, 14, 41, 6, 13, 9, 33, 59, 27, 44, 7, 50, 1, 51, 17, 20, 53, 18, 45, 42, 3, 26, 30, 19, 47, 32, 63, 38, 28, 12, 29, 10, 37, 25, 15, 16, 46, 56, 54, 21, 40, 36, 4, 55, 48, 34, 31, 58, 39, 60, 64, 22, 52, 35, 61, 62, 43, 57, 49 ],
[ 3, 10, 5, 18, 7, 4, 1, 28, 31, 11, 12, 2, 39, 29, 26, 15, 42, 20, 48, 6, 19, 9, 22, 44, 16, 25, 43, 14, 8, 21, 23, 47, 40, 37, 34, 35, 36, 60, 33, 13, 55, 24, 41, 17, 62, 57, 53, 30, 45, 49, 32, 46, 51, 52, 27, 38, 54, 64, 56, 59, 58, 50, 61, 63 ],
[ 4, 3, 15, 19, 20, 22, 25, 1, 10, 34, 7, 36, 2, 5, 33, 43, 18, 31, 14, 30, 49, 46, 12, 6, 13, 55, 28, 35, 37, 8, 54, 9, 11, 53, 60, 32, 56, 39, 57, 52, 29, 26, 45, 16, 42, 17, 48, 62, 58, 44, 21, 61, 23, 24, 50, 27, 64, 47, 40, 41, 38, 63, 51, 59 ]
]
];
s`GaloisOrbitSize := 1;
s`Genus := 17;
s`Geometry := "Hyperbolic";
s`Level := 6;
s`MonodromyGroup := PermutationGroup<64 |  
\[ 11, 23, 8, 24, 2, 5, 14, 41, 6, 13, 9, 33, 59, 27, 44, 7, 50, 1, 51, 17, 20, 53, 18, 45, 42, 3, 26, 30, 19, 47, 32, 63, 38, 28, 12, 29, 10, 37, 25, 15, 16, 46, 56, 54, 21, 40, 36, 4, 55, 48, 34, 31, 58, 39, 60, 64, 22, 52, 35, 61, 62, 43, 57, 49 ],
\[ 3, 10, 5, 18, 7, 4, 1, 28, 31, 11, 12, 2, 39, 29, 26, 15, 42, 20, 48, 6, 19, 9, 22, 44, 16, 25, 43, 14, 8, 21, 23, 47, 40, 37, 34, 35, 36, 60, 33, 13, 55, 24, 41, 17, 62, 57, 53, 30, 45, 49, 32, 46, 51, 52, 27, 38, 54, 64, 56, 59, 58, 50, 61, 63 ],
\[ 4, 3, 15, 19, 20, 22, 25, 1, 10, 34, 7, 36, 2, 5, 33, 43, 18, 31, 14, 30, 49, 46, 12, 6, 13, 55, 28, 35, 37, 8, 54, 9, 11, 53, 60, 32, 56, 39, 57, 52, 29, 26, 45, 16, 42, 17, 48, 62, 58, 44, 21, 61, 23, 24, 50, 27, 64, 47, 40, 41, 38, 63, 51, 59 ] >;
s`Name := "64S5-8,4,8-g17-path54";
s`Orders := \[ 8, 4, 8 ];
s`Passport := [ PowerSequence(PermutationGroup<64 |  
\[ 11, 23, 8, 24, 2, 5, 14, 41, 6, 13, 9, 33, 59, 27, 44, 7, 50, 1, 51, 17, 20, 53, 18, 45, 42, 3, 26, 30, 19, 47, 32, 63, 38, 28, 12, 29, 10, 37, 25, 15, 16, 46, 56, 54, 21, 40, 36, 4, 55, 48, 34, 31, 58, 39, 60, 64, 22, 52, 35, 61, 62, 43, 57, 49 ],
\[ 3, 10, 5, 18, 7, 4, 1, 28, 31, 11, 12, 2, 39, 29, 26, 15, 42, 20, 48, 6, 19, 9, 22, 44, 16, 25, 43, 14, 8, 21, 23, 47, 40, 37, 34, 35, 36, 60, 33, 13, 55, 24, 41, 17, 62, 57, 53, 30, 45, 49, 32, 46, 51, 52, 27, 38, 54, 64, 56, 59, 58, 50, 61, 63 ],
\[ 4, 3, 15, 19, 20, 22, 25, 1, 10, 34, 7, 36, 2, 5, 33, 43, 18, 31, 14, 30, 49, 46, 12, 6, 13, 55, 28, 35, 37, 8, 54, 9, 11, 53, 60, 32, 56, 39, 57, 52, 29, 26, 45, 16, 42, 17, 48, 62, 58, 44, 21, 61, 23, 24, 50, 27, 64, 47, 40, 41, 38, 63, 51, 59 ]:
 Order := 64 >) |
[ PermutationGroup<64 |  
\[ 11, 23, 8, 24, 2, 5, 14, 41, 6, 13, 9, 33, 59, 27, 44, 7, 50, 1, 51, 17, 20, 53, 18, 45, 42, 3, 26, 30, 19, 47, 32, 63, 38, 28, 12, 29, 10, 37, 25, 15, 16, 46, 56, 54, 21, 40, 36, 4, 55, 48, 34, 31, 58, 39, 60, 64, 22, 52, 35, 61, 62, 43, 57, 49 ],
\[ 3, 10, 5, 18, 7, 4, 1, 28, 31, 11, 12, 2, 39, 29, 26, 15, 42, 20, 48, 6, 19, 9, 22, 44, 16, 25, 43, 14, 8, 21, 23, 47, 40, 37, 34, 35, 36, 60, 33, 13, 55, 24, 41, 17, 62, 57, 53, 30, 45, 49, 32, 46, 51, 52, 27, 38, 54, 64, 56, 59, 58, 50, 61, 63 ],
\[ 4, 3, 15, 19, 20, 22, 25, 1, 10, 34, 7, 36, 2, 5, 33, 43, 18, 31, 14, 30, 49, 46, 12, 6, 13, 55, 28, 35, 37, 8, 54, 9, 11, 53, 60, 32, 56, 39, 57, 52, 29, 26, 45, 16, 42, 17, 48, 62, 58, 44, 21, 61, 23, 24, 50, 27, 64, 47, 40, 41, 38, 63, 51, 59 ]:
 Order := 64 > |
[ 18, 5, 26, 48, 6, 9, 16, 3, 11, 37, 1, 35, 10, 7, 40, 41, 20, 23, 29, 21, 45, 57, 2, 4, 39, 27, 14, 34, 36, 28, 52, 31, 12, 51, 59, 47, 38, 33, 54, 46, 8, 25, 62, 15, 24, 42, 30, 50, 64, 17, 19, 58, 22, 44, 49, 43, 63, 53, 13, 55, 60, 61, 32, 56 ],
[ 17, 14, 42, 47, 24, 32, 44, 2, 33, 29, 8, 28, 9, 11, 59, 60, 5, 53, 41, 51, 43, 39, 13, 1, 38, 56, 19, 10, 12, 27, 40, 18, 23, 63, 64, 58, 61, 15, 31, 22, 30, 7, 48, 3, 54, 45, 20, 55, 57, 46, 4, 49, 6, 50, 21, 16, 62, 34, 25, 26, 35, 52, 36, 37 ],
[ 14, 33, 11, 5, 8, 17, 2, 19, 53, 23, 13, 9, 15, 30, 7, 42, 54, 24, 20, 1, 47, 18, 32, 46, 3, 44, 60, 41, 27, 4, 6, 34, 25, 12, 29, 10, 28, 64, 59, 38, 56, 50, 26, 45, 55, 31, 63, 51, 48, 43, 58, 39, 36, 22, 16, 35, 40, 62, 61, 37, 57, 21, 49, 52 ]
],
[ PermutationGroup<64 |  
\[ 11, 23, 8, 24, 2, 5, 14, 41, 6, 13, 9, 33, 59, 27, 44, 7, 50, 1, 51, 17, 20, 53, 18, 45, 42, 3, 26, 30, 19, 47, 32, 63, 38, 28, 12, 29, 10, 37, 25, 15, 16, 46, 56, 54, 21, 40, 36, 4, 55, 48, 34, 31, 58, 39, 60, 64, 22, 52, 35, 61, 62, 43, 57, 49 ],
\[ 3, 10, 5, 18, 7, 4, 1, 28, 31, 11, 12, 2, 39, 29, 26, 15, 42, 20, 48, 6, 19, 9, 22, 44, 16, 25, 43, 14, 8, 21, 23, 47, 40, 37, 34, 35, 36, 60, 33, 13, 55, 24, 41, 17, 62, 57, 53, 30, 45, 49, 32, 46, 51, 52, 27, 38, 54, 64, 56, 59, 58, 50, 61, 63 ],
\[ 4, 3, 15, 19, 20, 22, 25, 1, 10, 34, 7, 36, 2, 5, 33, 43, 18, 31, 14, 30, 49, 46, 12, 6, 13, 55, 28, 35, 37, 8, 54, 9, 11, 53, 60, 32, 56, 39, 57, 52, 29, 26, 45, 16, 42, 17, 48, 62, 58, 44, 21, 61, 23, 24, 50, 27, 64, 47, 40, 41, 38, 63, 51, 59 ]:
 Order := 64 > |
[ 18, 5, 26, 48, 6, 9, 16, 3, 11, 37, 1, 35, 10, 7, 40, 41, 20, 23, 29, 21, 45, 57, 2, 4, 39, 27, 14, 34, 36, 28, 52, 31, 12, 51, 59, 47, 38, 33, 54, 46, 8, 25, 62, 15, 24, 42, 30, 50, 64, 17, 19, 58, 22, 44, 49, 43, 63, 53, 13, 55, 60, 61, 32, 56 ],
[ 33, 53, 30, 54, 13, 14, 19, 60, 24, 25, 32, 15, 64, 56, 50, 11, 55, 8, 63, 46, 5, 34, 17, 43, 45, 2, 42, 20, 4, 58, 36, 62, 61, 27, 23, 41, 9, 29, 7, 3, 44, 22, 37, 31, 51, 59, 12, 1, 26, 47, 10, 18, 49, 38, 35, 57, 6, 40, 28, 52, 48, 16, 39, 21 ],
[ 16, 35, 18, 9, 26, 21, 6, 36, 57, 5, 37, 1, 46, 34, 41, 39, 15, 48, 45, 23, 28, 2, 52, 25, 27, 40, 49, 3, 7, 50, 11, 19, 54, 59, 47, 38, 51, 43, 10, 12, 62, 20, 14, 4, 64, 58, 31, 29, 17, 61, 22, 44, 30, 63, 8, 13, 42, 60, 55, 33, 32, 24, 56, 53 ]
]
];
s`PassportName := "64S5-8,4,8-g17";
s`PassportSize := 2;
s`PathNumber := 54;
s`PathToPP1 := [ Strings() | "PP1", "2T1-2,1,2-g0-path1", "4T2-2,2,2-g0-path2", "8T2-4,2,4-g1-path4", "16T10-4,2,4-g1-path4", "32S6-4,2,4-g1-path6", "64S5-8,4,8-g17-path54" ];
s`PermutationTriple := [ PermutationGroup<64 |  
\[ 2, 3, 4, 5, 6, 7, 8, 9, 10, 11, 12, 13, 14, 15, 16, 17, 18, 19, 20, 21, 22, 23, 24, 25, 26, 27, 28, 29, 30, 31, 32, 33, 34, 35, 36, 37, 38, 39, 40, 41, 42, 43, 44, 45, 46, 47, 48, 49, 50, 51, 52, 53, 54, 55, 56, 57, 58, 59, 60, 61, 62, 63, 64, 1 ],
\[ 2, 1, 3, 4, 5, 6, 7, 8, 9, 10, 11, 12, 13, 14, 15, 16, 17, 18, 19, 20, 21, 22, 23, 24, 25, 26, 27, 28, 29, 30, 31, 32, 33, 34, 35, 36, 37, 38, 39, 40, 41, 42, 43, 44, 45, 46, 47, 48, 49, 50, 51, 52, 53, 54, 55, 56, 57, 58, 59, 60, 61, 62, 63, 64 ]:
 Order := 126886932185884164103433389335161480802865516174545192198801894375214704230400000000000000 > |
[ 11, 23, 8, 24, 2, 5, 14, 41, 6, 13, 9, 33, 59, 27, 44, 7, 50, 1, 51, 17, 20, 53, 18, 45, 42, 3, 26, 30, 19, 47, 32, 63, 38, 28, 12, 29, 10, 37, 25, 15, 16, 46, 56, 54, 21, 40, 36, 4, 55, 48, 34, 31, 58, 39, 60, 64, 22, 52, 35, 61, 62, 43, 57, 49 ],
[ 3, 10, 5, 18, 7, 4, 1, 28, 31, 11, 12, 2, 39, 29, 26, 15, 42, 20, 48, 6, 19, 9, 22, 44, 16, 25, 43, 14, 8, 21, 23, 47, 40, 37, 34, 35, 36, 60, 33, 13, 55, 24, 41, 17, 62, 57, 53, 30, 45, 49, 32, 46, 51, 52, 27, 38, 54, 64, 56, 59, 58, 50, 61, 63 ],
[ 4, 3, 15, 19, 20, 22, 25, 1, 10, 34, 7, 36, 2, 5, 33, 43, 18, 31, 14, 30, 49, 46, 12, 6, 13, 55, 28, 35, 37, 8, 54, 9, 11, 53, 60, 32, 56, 39, 57, 52, 29, 26, 45, 16, 42, 17, 48, 62, 58, 44, 21, 61, 23, 24, 50, 27, 64, 47, 40, 41, 38, 63, 51, 59 ]
];
s`PointedAutomorphismGroup := PermutationGroup<64 |  
\[ 9, 18, 31, 10, 23, 2, 22, 32, 5, 20, 6, 4, 17, 53, 54, 57, 33, 11, 34, 12, 35, 3, 1, 13, 46, 52, 58, 47, 51, 36, 7, 14, 24, 30, 48, 19, 21, 45, 42, 44, 63, 40, 64, 39, 59, 15, 29, 37, 60, 38, 28, 16, 8, 25, 61, 49, 26, 41, 50, 62, 43, 56, 27, 55 ],
\[ 6, 1, 4, 22, 18, 23, 20, 24, 2, 3, 5, 7, 8, 17, 19, 21, 32, 9, 46, 31, 52, 12, 11, 53, 30, 48, 50, 44, 42, 54, 10, 13, 14, 15, 16, 25, 26, 27, 28, 29, 45, 47, 49, 51, 58, 36, 39, 57, 61, 63, 40, 37, 33, 34, 62, 55, 35, 38, 41, 43, 56, 64, 59, 60 ]:
 Order := 8 >;
s`PointedPassport := [ PowerSequence(PermutationGroup<64 |  
\[ 2, 3, 4, 5, 6, 7, 8, 9, 10, 11, 12, 13, 14, 15, 16, 17, 18, 19, 20, 21, 22, 23, 24, 25, 26, 27, 28, 29, 30, 31, 32, 33, 34, 35, 36, 37, 38, 39, 40, 41, 42, 43, 44, 45, 46, 47, 48, 49, 50, 51, 52, 53, 54, 55, 56, 57, 58, 59, 60, 61, 62, 63, 64, 1 ],
\[ 2, 1, 3, 4, 5, 6, 7, 8, 9, 10, 11, 12, 13, 14, 15, 16, 17, 18, 19, 20, 21, 22, 23, 24, 25, 26, 27, 28, 29, 30, 31, 32, 33, 34, 35, 36, 37, 38, 39, 40, 41, 42, 43, 44, 45, 46, 47, 48, 49, 50, 51, 52, 53, 54, 55, 56, 57, 58, 59, 60, 61, 62, 63, 64 ]:
 Order := 126886932185884164103433389335161480802865516174545192198801894375214704230400000000000000 >) |
[ PermutationGroup<64 |  
\[ 2, 3, 4, 5, 6, 7, 8, 9, 10, 11, 12, 13, 14, 15, 16, 17, 18, 19, 20, 21, 22, 23, 24, 25, 26, 27, 28, 29, 30, 31, 32, 33, 34, 35, 36, 37, 38, 39, 40, 41, 42, 43, 44, 45, 46, 47, 48, 49, 50, 51, 52, 53, 54, 55, 56, 57, 58, 59, 60, 61, 62, 63, 64, 1 ],
\[ 2, 1, 3, 4, 5, 6, 7, 8, 9, 10, 11, 12, 13, 14, 15, 16, 17, 18, 19, 20, 21, 22, 23, 24, 25, 26, 27, 28, 29, 30, 31, 32, 33, 34, 35, 36, 37, 38, 39, 40, 41, 42, 43, 44, 45, 46, 47, 48, 49, 50, 51, 52, 53, 54, 55, 56, 57, 58, 59, 60, 61, 62, 63, 64 ]:
 Order := 126886932185884164103433389335161480802865516174545192198801894375214704230400000000000000 > |
[ 18, 5, 26, 48, 6, 9, 16, 3, 11, 37, 1, 35, 10, 7, 40, 41, 20, 23, 29, 21, 45, 57, 2, 4, 39, 27, 14, 34, 36, 28, 52, 31, 12, 51, 59, 47, 38, 33, 54, 46, 8, 25, 62, 15, 24, 42, 30, 50, 64, 17, 19, 58, 22, 44, 49, 43, 63, 53, 13, 55, 60, 61, 32, 56 ],
[ 3, 10, 5, 18, 7, 4, 1, 28, 31, 11, 12, 2, 39, 29, 26, 15, 42, 20, 48, 6, 19, 9, 22, 44, 16, 25, 43, 14, 8, 21, 23, 47, 40, 37, 34, 35, 36, 60, 33, 13, 55, 24, 41, 17, 62, 57, 53, 30, 45, 49, 32, 46, 51, 52, 27, 38, 54, 64, 56, 59, 58, 50, 61, 63 ],
[ 10, 31, 29, 42, 12, 3, 28, 43, 20, 40, 22, 39, 60, 55, 24, 5, 62, 7, 53, 44, 18, 47, 4, 49, 17, 1, 15, 48, 21, 32, 51, 64, 56, 8, 11, 14, 2, 34, 26, 16, 25, 52, 59, 57, 30, 33, 37, 6, 41, 19, 35, 9, 61, 13, 38, 58, 23, 54, 36, 63, 45, 27, 46, 50 ]
],
[ PermutationGroup<64 |  
\[ 2, 3, 4, 5, 6, 7, 8, 9, 10, 11, 12, 13, 14, 15, 16, 17, 18, 19, 20, 21, 22, 23, 24, 25, 26, 27, 28, 29, 30, 31, 32, 33, 34, 35, 36, 37, 38, 39, 40, 41, 42, 43, 44, 45, 46, 47, 48, 49, 50, 51, 52, 53, 54, 55, 56, 57, 58, 59, 60, 61, 62, 63, 64, 1 ],
\[ 2, 1, 3, 4, 5, 6, 7, 8, 9, 10, 11, 12, 13, 14, 15, 16, 17, 18, 19, 20, 21, 22, 23, 24, 25, 26, 27, 28, 29, 30, 31, 32, 33, 34, 35, 36, 37, 38, 39, 40, 41, 42, 43, 44, 45, 46, 47, 48, 49, 50, 51, 52, 53, 54, 55, 56, 57, 58, 59, 60, 61, 62, 63, 64 ]:
 Order := 126886932185884164103433389335161480802865516174545192198801894375214704230400000000000000 > |
[ 18, 5, 26, 48, 6, 9, 16, 3, 11, 37, 1, 35, 10, 7, 40, 41, 20, 23, 29, 21, 45, 57, 2, 4, 39, 27, 14, 34, 36, 28, 52, 31, 12, 51, 59, 47, 38, 33, 54, 46, 8, 25, 62, 15, 24, 42, 30, 50, 64, 17, 19, 58, 22, 44, 49, 43, 63, 53, 13, 55, 60, 61, 32, 56 ],
[ 31, 20, 55, 62, 22, 10, 43, 15, 7, 56, 4, 60, 34, 25, 52, 29, 30, 12, 37, 49, 42, 64, 3, 19, 57, 28, 5, 53, 32, 35, 61, 54, 36, 21, 40, 48, 39, 11, 24, 17, 1, 13, 63, 33, 6, 26, 8, 44, 59, 18, 14, 47, 46, 16, 58, 45, 51, 23, 2, 50, 41, 38, 9, 27 ],
[ 38, 58, 47, 39, 59, 27, 51, 61, 45, 42, 63, 44, 49, 64, 48, 9, 60, 41, 57, 40, 2, 28, 50, 56, 21, 23, 46, 17, 24, 52, 29, 43, 62, 26, 18, 16, 6, 19, 14, 8, 54, 53, 10, 32, 34, 35, 33, 11, 3, 36, 13, 1, 55, 37, 12, 22, 5, 15, 30, 31, 4, 7, 25, 20 ]
]
];
s`PointedPassportSize := 2;
s`RefinedPassport := [ PowerSequence(PermutationGroup<64 |  
\[ 2, 3, 4, 5, 6, 7, 8, 9, 10, 11, 12, 13, 14, 15, 16, 17, 18, 19, 20, 21, 22, 23, 24, 25, 26, 27, 28, 29, 30, 31, 32, 33, 34, 35, 36, 37, 38, 39, 40, 41, 42, 43, 44, 45, 46, 47, 48, 49, 50, 51, 52, 53, 54, 55, 56, 57, 58, 59, 60, 61, 62, 63, 64, 1 ],
\[ 2, 1, 3, 4, 5, 6, 7, 8, 9, 10, 11, 12, 13, 14, 15, 16, 17, 18, 19, 20, 21, 22, 23, 24, 25, 26, 27, 28, 29, 30, 31, 32, 33, 34, 35, 36, 37, 38, 39, 40, 41, 42, 43, 44, 45, 46, 47, 48, 49, 50, 51, 52, 53, 54, 55, 56, 57, 58, 59, 60, 61, 62, 63, 64 ]:
 Order := 126886932185884164103433389335161480802865516174545192198801894375214704230400000000000000 >) |
[ PermutationGroup<64 |  
\[ 2, 3, 4, 5, 6, 7, 8, 9, 10, 11, 12, 13, 14, 15, 16, 17, 18, 19, 20, 21, 22, 23, 24, 25, 26, 27, 28, 29, 30, 31, 32, 33, 34, 35, 36, 37, 38, 39, 40, 41, 42, 43, 44, 45, 46, 47, 48, 49, 50, 51, 52, 53, 54, 55, 56, 57, 58, 59, 60, 61, 62, 63, 64, 1 ],
\[ 2, 1, 3, 4, 5, 6, 7, 8, 9, 10, 11, 12, 13, 14, 15, 16, 17, 18, 19, 20, 21, 22, 23, 24, 25, 26, 27, 28, 29, 30, 31, 32, 33, 34, 35, 36, 37, 38, 39, 40, 41, 42, 43, 44, 45, 46, 47, 48, 49, 50, 51, 52, 53, 54, 55, 56, 57, 58, 59, 60, 61, 62, 63, 64 ]:
 Order := 126886932185884164103433389335161480802865516174545192198801894375214704230400000000000000 > |
[ 11, 23, 8, 24, 2, 5, 14, 41, 6, 13, 9, 33, 59, 27, 44, 7, 50, 1, 51, 17, 20, 53, 18, 45, 42, 3, 26, 30, 19, 47, 32, 63, 38, 28, 12, 29, 10, 37, 25, 15, 16, 46, 56, 54, 21, 40, 36, 4, 55, 48, 34, 31, 58, 39, 60, 64, 22, 52, 35, 61, 62, 43, 57, 49 ],
[ 35, 57, 34, 15, 37, 16, 36, 49, 48, 54, 52, 46, 43, 62, 20, 18, 64, 26, 31, 25, 9, 19, 21, 61, 4, 6, 39, 45, 50, 22, 30, 60, 55, 7, 5, 3, 1, 47, 41, 27, 40, 63, 33, 58, 29, 10, 59, 23, 14, 28, 38, 2, 56, 12, 13, 32, 11, 42, 51, 53, 17, 8, 44, 24 ],
[ 16, 35, 18, 9, 26, 21, 6, 36, 57, 5, 37, 1, 46, 34, 41, 39, 15, 48, 45, 23, 28, 2, 52, 25, 27, 40, 49, 3, 7, 50, 11, 19, 54, 59, 47, 38, 51, 43, 10, 12, 62, 20, 14, 4, 64, 58, 31, 29, 17, 61, 22, 44, 30, 63, 8, 13, 42, 60, 55, 33, 32, 24, 56, 53 ]
]
];
s`RefinedPassportSize := 1;

/*
Return for eval
*/

return s;
