s := TwoDBInitialize();

/*
Magma printing
*/

s`Name := "64S5-8,4,8-g17-677735537";
s`Filename := "64S5-8,4,8-g17-677735537.m";
s`Degree := 64;
s`Orders := \[ 8, 4, 8 ];
s`Geometry := "Hyperbolic";
s`Genus := 17;
s`Level := 6;
s`PermutationTriple := [ PermutationGroup<64 |  
\[ 2, 3, 4, 5, 6, 7, 8, 9, 10, 11, 12, 13, 14, 15, 16, 17, 18, 19, 20, 21, 22, 23, 24, 25, 26, 27, 28, 29, 30, 31, 32, 33, 34, 35, 36, 37, 38, 39, 40, 41, 42, 43, 44, 45, 46, 47, 48, 49, 50, 51, 52, 53, 54, 55, 56, 57, 58, 59, 60, 61, 62, 63, 64, 1 ],
\[ 2, 1, 3, 4, 5, 6, 7, 8, 9, 10, 11, 12, 13, 14, 15, 16, 17, 18, 19, 20, 21, 22, 23, 24, 25, 26, 27, 28, 29, 30, 31, 32, 33, 34, 35, 36, 37, 38, 39, 40, 41, 42, 43, 44, 45, 46, 47, 48, 49, 50, 51, 52, 53, 54, 55, 56, 57, 58, 59, 60, 61, 62, 63, 64 ]:
 Order := 126886932185884164103433389335161480802865516174545192198801894375214704230400000000000000 > |
[ 12, 40, 8, 61, 2, 5, 46, 28, 26, 14, 31, 9, 64, 4, 34, 20, 43, 15, 18, 29, 39, 1, 47, 21, 24, 16, 30, 48, 22, 44, 41, 51, 11, 33, 37, 23, 52, 49, 50, 38, 19, 45, 54, 25, 6, 59, 60, 7, 42, 27, 53, 57, 55, 63, 17, 62, 36, 3, 58, 35, 13, 10, 32, 56 ],
[ 3, 10, 16, 22, 18, 27, 1, 35, 34, 42, 5, 44, 2, 37, 53, 7, 58, 49, 47, 39, 57, 56, 14, 6, 55, 4, 38, 45, 41, 60, 54, 48, 52, 29, 46, 8, 64, 24, 12, 28, 9, 13, 62, 20, 59, 36, 33, 17, 11, 63, 61, 19, 31, 15, 50, 26, 30, 32, 40, 21, 43, 51, 25, 23 ],
[ 4, 11, 17, 23, 24, 28, 32, 1, 39, 43, 47, 7, 51, 2, 5, 56, 25, 52, 29, 3, 38, 34, 46, 63, 12, 41, 55, 36, 44, 6, 49, 50, 9, 54, 30, 21, 8, 59, 60, 13, 53, 18, 48, 57, 10, 16, 64, 40, 27, 20, 58, 14, 62, 61, 15, 37, 33, 45, 35, 19, 26, 22, 31, 42 ]
];
s`MonodromyGroup := PermutationGroup<64 |  
\[ 12, 40, 8, 61, 2, 5, 46, 28, 26, 14, 31, 9, 64, 4, 34, 20, 43, 15, 18, 29, 39, 1, 47, 21, 24, 16, 30, 48, 22, 44, 41, 51, 11, 33, 37, 23, 52, 49, 50, 38, 19, 45, 54, 25, 6, 59, 60, 7, 42, 27, 53, 57, 55, 63, 17, 62, 36, 3, 58, 35, 13, 10, 32, 56 ],
\[ 3, 10, 16, 22, 18, 27, 1, 35, 34, 42, 5, 44, 2, 37, 53, 7, 58, 49, 47, 39, 57, 56, 14, 6, 55, 4, 38, 45, 41, 60, 54, 48, 52, 29, 46, 8, 64, 24, 12, 28, 9, 13, 62, 20, 59, 36, 33, 17, 11, 63, 61, 19, 31, 15, 50, 26, 30, 32, 40, 21, 43, 51, 25, 23 ],
\[ 4, 11, 17, 23, 24, 28, 32, 1, 39, 43, 47, 7, 51, 2, 5, 56, 25, 52, 29, 3, 38, 34, 46, 63, 12, 41, 55, 36, 44, 6, 49, 50, 9, 54, 30, 21, 8, 59, 60, 13, 53, 18, 48, 57, 10, 16, 64, 40, 27, 20, 58, 14, 62, 61, 15, 37, 33, 45, 35, 19, 26, 22, 31, 42 ] >;

/*
Edge printing
*/

s`Edges := [];
edge1 := TwoEdgeInitialize();
edge1`Blocks := {@ PowerSet(IntegerRing()) |
{ IntegerRing() | 1, 5 },
{ IntegerRing() | 2, 12 },
{ IntegerRing() | 3, 18 },
{ IntegerRing() | 4, 24 },
{ IntegerRing() | 6, 22 },
{ IntegerRing() | 7, 11 },
{ IntegerRing() | 8, 15 },
{ IntegerRing() | 9, 40 },
{ IntegerRing() | 10, 44 },
{ IntegerRing() | 13, 39 },
{ IntegerRing() | 14, 25 },
{ IntegerRing() | 16, 49 },
{ IntegerRing() | 17, 52 },
{ IntegerRing() | 19, 58 },
{ IntegerRing() | 20, 42 },
{ IntegerRing() | 21, 61 },
{ IntegerRing() | 23, 63 },
{ IntegerRing() | 26, 38 },
{ IntegerRing() | 27, 56 },
{ IntegerRing() | 28, 34 },
{ IntegerRing() | 29, 45 },
{ IntegerRing() | 30, 62 },
{ IntegerRing() | 31, 46 },
{ IntegerRing() | 32, 47 },
{ IntegerRing() | 33, 48 },
{ IntegerRing() | 35, 53 },
{ IntegerRing() | 36, 54 },
{ IntegerRing() | 37, 55 },
{ IntegerRing() | 41, 59 },
{ IntegerRing() | 43, 57 },
{ IntegerRing() | 50, 64 },
{ IntegerRing() | 51, 60 }
@};
edge1`UpstairsTriple := [ PermutationGroup<64 |  
\[ 2, 3, 4, 5, 6, 7, 8, 9, 10, 11, 12, 13, 14, 15, 16, 17, 18, 19, 20, 21, 22, 23, 24, 25, 26, 27, 28, 29, 30, 31, 32, 33, 34, 35, 36, 37, 38, 39, 40, 41, 42, 43, 44, 45, 46, 47, 48, 49, 50, 51, 52, 53, 54, 55, 56, 57, 58, 59, 60, 61, 62, 63, 64, 1 ],
\[ 2, 1, 3, 4, 5, 6, 7, 8, 9, 10, 11, 12, 13, 14, 15, 16, 17, 18, 19, 20, 21, 22, 23, 24, 25, 26, 27, 28, 29, 30, 31, 32, 33, 34, 35, 36, 37, 38, 39, 40, 41, 42, 43, 44, 45, 46, 47, 48, 49, 50, 51, 52, 53, 54, 55, 56, 57, 58, 59, 60, 61, 62, 63, 64 ]:
 Order := 126886932185884164103433389335161480802865516174545192198801894375214704230400000000000000 > |
[ 12, 40, 8, 61, 2, 5, 46, 28, 26, 14, 31, 9, 64, 4, 34, 20, 43, 15, 18, 29, 39, 1, 47, 21, 24, 16, 30, 48, 22, 44, 41, 51, 11, 33, 37, 23, 52, 49, 50, 38, 19, 45, 54, 25, 6, 59, 60, 7, 42, 27, 53, 57, 55, 63, 17, 62, 36, 3, 58, 35, 13, 10, 32, 56 ],
[ 3, 10, 16, 22, 18, 27, 1, 35, 34, 42, 5, 44, 2, 37, 53, 7, 58, 49, 47, 39, 57, 56, 14, 6, 55, 4, 38, 45, 41, 60, 54, 48, 52, 29, 46, 8, 64, 24, 12, 28, 9, 13, 62, 20, 59, 36, 33, 17, 11, 63, 61, 19, 31, 15, 50, 26, 30, 32, 40, 21, 43, 51, 25, 23 ],
[ 4, 11, 17, 23, 24, 28, 32, 1, 39, 43, 47, 7, 51, 2, 5, 56, 25, 52, 29, 3, 38, 34, 46, 63, 12, 41, 55, 36, 44, 6, 49, 50, 9, 54, 30, 21, 8, 59, 60, 13, 53, 18, 48, 57, 10, 16, 64, 40, 27, 20, 58, 14, 62, 61, 15, 37, 33, 45, 35, 19, 26, 22, 31, 42 ]
];
edge1`UpstairsFilename := "64S5-8,4,8-g17-677735537.m";
edge1`DownstairsTriple := [ PermutationGroup<32 |  
\[ 2, 3, 4, 5, 6, 7, 8, 9, 10, 11, 12, 13, 14, 15, 16, 17, 18, 19, 20, 21, 22, 23, 24, 25, 26, 27, 28, 29, 30, 31, 32, 1 ],
\[ 2, 1, 3, 4, 5, 6, 7, 8, 9, 10, 11, 12, 13, 14, 15, 16, 17, 18, 19, 20, 21, 22, 23, 24, 25, 26, 27, 28, 29, 30, 31, 32 ]:
 Order := 263130836933693530167218012160000000 > |
[ 11, 22, 8, 23, 2, 5, 14, 29, 6, 13, 9, 30, 20, 21, 32, 7, 12, 1, 24, 17, 25, 18, 10, 31, 3, 28, 19, 15, 16, 4, 26, 27 ],
[ 3, 10, 5, 18, 7, 4, 1, 26, 29, 11, 12, 2, 19, 27, 25, 15, 31, 20, 30, 6, 9, 21, 32, 16, 24, 14, 8, 13, 22, 28, 23, 17 ],
[ 4, 3, 15, 19, 20, 21, 24, 1, 10, 31, 7, 32, 2, 5, 30, 9, 18, 29, 14, 28, 26, 12, 6, 13, 22, 17, 23, 8, 27, 11, 25, 16 ]
];
edge1`DownstairsFilename := "32S5-8,4,8-g9-3079523836.m";
Append(~s`Edges, edge1);
edge2 := TwoEdgeInitialize();
edge2`Blocks := {@ PowerSet(IntegerRing()) |
{ IntegerRing() | 1, 5 },
{ IntegerRing() | 2, 12 },
{ IntegerRing() | 3, 18 },
{ IntegerRing() | 4, 24 },
{ IntegerRing() | 6, 22 },
{ IntegerRing() | 7, 11 },
{ IntegerRing() | 8, 15 },
{ IntegerRing() | 9, 41 },
{ IntegerRing() | 10, 45 },
{ IntegerRing() | 13, 40 },
{ IntegerRing() | 14, 42 },
{ IntegerRing() | 16, 50 },
{ IntegerRing() | 17, 52 },
{ IntegerRing() | 19, 59 },
{ IntegerRing() | 20, 43 },
{ IntegerRing() | 21, 61 },
{ IntegerRing() | 23, 64 },
{ IntegerRing() | 25, 63 },
{ IntegerRing() | 26, 38 },
{ IntegerRing() | 27, 57 },
{ IntegerRing() | 28, 39 },
{ IntegerRing() | 29, 46 },
{ IntegerRing() | 30, 62 },
{ IntegerRing() | 31, 47 },
{ IntegerRing() | 32, 48 },
{ IntegerRing() | 33, 49 },
{ IntegerRing() | 34, 53 },
{ IntegerRing() | 35, 54 },
{ IntegerRing() | 36, 55 },
{ IntegerRing() | 37, 56 },
{ IntegerRing() | 44, 60 },
{ IntegerRing() | 51, 58 }
@};
edge2`UpstairsTriple := [ PermutationGroup<64 |  
\[ 2, 3, 4, 5, 6, 7, 8, 9, 10, 11, 12, 13, 14, 15, 16, 17, 18, 19, 20, 21, 22, 23, 24, 25, 26, 27, 28, 29, 30, 31, 32, 33, 34, 35, 36, 37, 38, 39, 40, 41, 42, 43, 44, 45, 46, 47, 48, 49, 50, 51, 52, 53, 54, 55, 56, 57, 58, 59, 60, 61, 62, 63, 64, 1 ],
\[ 2, 1, 3, 4, 5, 6, 7, 8, 9, 10, 11, 12, 13, 14, 15, 16, 17, 18, 19, 20, 21, 22, 23, 24, 25, 26, 27, 28, 29, 30, 31, 32, 33, 34, 35, 36, 37, 38, 39, 40, 41, 42, 43, 44, 45, 46, 47, 48, 49, 50, 51, 52, 53, 54, 55, 56, 57, 58, 59, 60, 61, 62, 63, 64 ]:
 Order := 126886932185884164103433389335161480802865516174545192198801894375214704230400000000000000 > |
[ 12, 41, 8, 61, 2, 5, 47, 53, 26, 14, 31, 9, 63, 57, 34, 20, 51, 15, 18, 29, 45, 1, 52, 21, 24, 16, 30, 59, 22, 40, 39, 44, 11, 33, 37, 23, 48, 50, 19, 25, 38, 27, 46, 55, 42, 6, 28, 60, 7, 43, 54, 58, 49, 56, 64, 32, 62, 35, 3, 36, 10, 13, 4, 17 ],
[ 3, 10, 16, 22, 18, 27, 1, 35, 39, 43, 5, 45, 2, 23, 54, 7, 59, 50, 48, 40, 58, 57, 63, 6, 56, 4, 38, 46, 34, 60, 55, 49, 52, 9, 47, 8, 14, 24, 29, 12, 28, 64, 13, 61, 20, 53, 36, 33, 17, 11, 62, 19, 41, 31, 15, 42, 26, 30, 32, 21, 51, 44, 37, 25 ],
[ 4, 11, 17, 23, 24, 28, 32, 1, 40, 44, 48, 7, 51, 2, 5, 57, 42, 52, 9, 3, 38, 39, 47, 64, 20, 34, 56, 35, 45, 6, 50, 25, 29, 55, 21, 30, 8, 53, 54, 58, 13, 12, 18, 59, 60, 10, 16, 63, 46, 27, 49, 14, 36, 61, 62, 15, 37, 33, 41, 19, 26, 22, 43, 31 ]
];
edge2`UpstairsFilename := "64S5-8,4,8-g17-3646662041.m";
edge2`DownstairsTriple := [ PermutationGroup<32 |  
\[ 2, 3, 4, 5, 6, 7, 8, 9, 10, 11, 12, 13, 14, 15, 16, 17, 18, 19, 20, 21, 22, 23, 24, 25, 26, 27, 28, 29, 30, 31, 32, 1 ],
\[ 2, 1, 3, 4, 5, 6, 7, 8, 9, 10, 11, 12, 13, 14, 15, 16, 17, 18, 19, 20, 21, 22, 23, 24, 25, 26, 27, 28, 29, 30, 31, 32 ]:
 Order := 263130836933693530167218012160000000 > |
[ 11, 23, 8, 24, 2, 5, 14, 22, 6, 13, 9, 21, 4, 27, 31, 7, 10, 1, 15, 17, 20, 16, 18, 12, 32, 3, 26, 30, 19, 25, 28, 29 ],
[ 3, 10, 5, 18, 7, 4, 1, 28, 27, 11, 12, 2, 30, 29, 26, 15, 32, 20, 13, 6, 19, 9, 22, 31, 16, 25, 23, 14, 8, 21, 17, 24 ],
[ 4, 3, 15, 19, 20, 22, 25, 1, 10, 31, 7, 32, 2, 5, 21, 23, 18, 27, 14, 30, 11, 29, 12, 6, 13, 9, 28, 24, 17, 8, 16, 26 ]
];
edge2`DownstairsFilename := "32S8-8,4,8-g9-440941202.m";
Append(~s`Edges, edge2);
edge3 := TwoEdgeInitialize();
edge3`Blocks := {@ PowerSet(IntegerRing()) |
{ IntegerRing() | 1, 5 },
{ IntegerRing() | 2, 11 },
{ IntegerRing() | 3, 7 },
{ IntegerRing() | 4, 20 },
{ IntegerRing() | 6, 18 },
{ IntegerRing() | 8, 14 },
{ IntegerRing() | 9, 23 },
{ IntegerRing() | 10, 12 },
{ IntegerRing() | 13, 33 },
{ IntegerRing() | 15, 25 },
{ IntegerRing() | 16, 26 },
{ IntegerRing() | 17, 24 },
{ IntegerRing() | 19, 30 },
{ IntegerRing() | 21, 48 },
{ IntegerRing() | 22, 31 },
{ IntegerRing() | 27, 41 },
{ IntegerRing() | 28, 29 },
{ IntegerRing() | 32, 53 },
{ IntegerRing() | 34, 36 },
{ IntegerRing() | 35, 37 },
{ IntegerRing() | 38, 59 },
{ IntegerRing() | 39, 40 },
{ IntegerRing() | 42, 44 },
{ IntegerRing() | 43, 55 },
{ IntegerRing() | 45, 50 },
{ IntegerRing() | 46, 54 },
{ IntegerRing() | 47, 51 },
{ IntegerRing() | 49, 62 },
{ IntegerRing() | 52, 57 },
{ IntegerRing() | 56, 60 },
{ IntegerRing() | 58, 63 },
{ IntegerRing() | 61, 64 }
@};
edge3`UpstairsTriple := [ PermutationGroup<64 |  
\[ 2, 3, 4, 5, 6, 7, 8, 9, 10, 11, 12, 13, 14, 15, 16, 17, 18, 19, 20, 21, 22, 23, 24, 25, 26, 27, 28, 29, 30, 31, 32, 33, 34, 35, 36, 37, 38, 39, 40, 41, 42, 43, 44, 45, 46, 47, 48, 49, 50, 51, 52, 53, 54, 55, 56, 57, 58, 59, 60, 61, 62, 63, 64, 1 ],
\[ 2, 1, 3, 4, 5, 6, 7, 8, 9, 10, 11, 12, 13, 14, 15, 16, 17, 18, 19, 20, 21, 22, 23, 24, 25, 26, 27, 28, 29, 30, 31, 32, 33, 34, 35, 36, 37, 38, 39, 40, 41, 42, 43, 44, 45, 46, 47, 48, 49, 50, 51, 52, 53, 54, 55, 56, 57, 58, 59, 60, 61, 62, 63, 64 ]:
 Order := 126886932185884164103433389335161480802865516174545192198801894375214704230400000000000000 > |
[ 11, 23, 8, 24, 2, 5, 14, 41, 6, 13, 9, 33, 59, 27, 44, 7, 50, 1, 51, 17, 20, 53, 18, 45, 42, 3, 26, 30, 19, 47, 32, 63, 38, 28, 12, 29, 10, 37, 25, 15, 16, 46, 56, 54, 21, 40, 36, 4, 55, 48, 34, 31, 58, 39, 60, 64, 22, 52, 35, 61, 62, 43, 57, 49 ],
[ 3, 10, 5, 18, 7, 4, 1, 28, 31, 11, 12, 2, 39, 29, 26, 15, 42, 20, 48, 6, 19, 9, 22, 44, 16, 25, 43, 14, 8, 21, 23, 47, 40, 37, 34, 35, 36, 60, 33, 13, 55, 24, 41, 17, 62, 57, 53, 30, 45, 49, 32, 46, 51, 52, 27, 38, 54, 64, 56, 59, 58, 50, 61, 63 ],
[ 4, 3, 15, 19, 20, 22, 25, 1, 10, 34, 7, 36, 2, 5, 33, 43, 18, 31, 14, 30, 49, 46, 12, 6, 13, 55, 28, 35, 37, 8, 54, 9, 11, 53, 60, 32, 56, 39, 57, 52, 29, 26, 45, 16, 42, 17, 48, 62, 58, 44, 21, 61, 23, 24, 50, 27, 64, 47, 40, 41, 38, 63, 51, 59 ]
];
edge3`UpstairsFilename := "64S5-8,4,8-g17-2885674182.m";
edge3`DownstairsTriple := [ PermutationGroup<32 |  
\[ 2, 3, 4, 5, 6, 7, 8, 9, 10, 11, 12, 13, 14, 15, 16, 17, 18, 19, 20, 21, 22, 23, 24, 25, 26, 27, 28, 29, 30, 31, 32, 1 ],
\[ 2, 1, 3, 4, 5, 6, 7, 8, 9, 10, 11, 12, 13, 14, 15, 16, 17, 18, 19, 20, 21, 22, 23, 24, 25, 26, 27, 28, 29, 30, 31, 32 ]:
 Order := 263130836933693530167218012160000000 > |
[ 2, 8, 7, 15, 10, 1, 22, 6, 11, 24, 17, 30, 20, 3, 27, 31, 28, 4, 5, 21, 25, 14, 16, 19, 13, 23, 18, 9, 12, 32, 26, 29 ],
[ 3, 9, 1, 6, 13, 4, 23, 21, 2, 27, 29, 14, 5, 12, 30, 18, 19, 16, 17, 32, 8, 24, 7, 22, 31, 28, 10, 26, 11, 15, 25, 20 ],
[ 4, 3, 12, 16, 17, 21, 1, 9, 26, 13, 2, 11, 31, 24, 6, 7, 29, 10, 22, 5, 32, 23, 28, 27, 8, 25, 30, 19, 20, 14, 18, 15 ]
];
edge3`DownstairsFilename := "32S6-4,2,4-g1-1995076890.m";
Append(~s`Edges, edge3);

/*
Return for eval
*/

return s;
