s := TwoDBInitialize();

/*
Magma printing
*/

s`Name := "64S50-16,32,32-g29-2629598603";
s`Filename := "64S50-16,32,32-g29-2629598603.m";
s`Degree := 64;
s`Orders := \[ 16, 32, 32 ];
s`Geometry := "Hyperbolic";
s`Genus := 29;
s`Level := 6;
s`PermutationTriple := [ PermutationGroup<64 |  
\[ 2, 3, 4, 5, 6, 7, 8, 9, 10, 11, 12, 13, 14, 15, 16, 17, 18, 19, 20, 21, 22, 23, 24, 25, 26, 27, 28, 29, 30, 31, 32, 33, 34, 35, 36, 37, 38, 39, 40, 41, 42, 43, 44, 45, 46, 47, 48, 49, 50, 51, 52, 53, 54, 55, 56, 57, 58, 59, 60, 61, 62, 63, 64, 1 ],
\[ 2, 1, 3, 4, 5, 6, 7, 8, 9, 10, 11, 12, 13, 14, 15, 16, 17, 18, 19, 20, 21, 22, 23, 24, 25, 26, 27, 28, 29, 30, 31, 32, 33, 34, 35, 36, 37, 38, 39, 40, 41, 42, 43, 44, 45, 46, 47, 48, 49, 50, 51, 52, 53, 54, 55, 56, 57, 58, 59, 60, 61, 62, 63, 64 ]:
 Order := 126886932185884164103433389335161480802865516174545192198801894375214704230400000000000000 > |
[ 10, 25, 21, 20, 2, 5, 28, 29, 42, 9, 45, 46, 34, 8, 14, 39, 7, 17, 1, 11, 12, 19, 48, 57, 24, 58, 59, 26, 27, 60, 16, 31, 3, 23, 33, 4, 36, 6, 30, 38, 61, 41, 62, 63, 43, 44, 64, 47, 13, 49, 15, 51, 18, 53, 22, 55, 50, 52, 54, 56, 32, 35, 37, 40 ],
[ 3, 8, 13, 6, 14, 15, 1, 16, 12, 21, 2, 23, 18, 31, 32, 4, 19, 22, 33, 5, 34, 35, 7, 27, 29, 9, 30, 10, 39, 11, 36, 37, 49, 17, 50, 38, 40, 51, 20, 52, 44, 46, 24, 47, 25, 48, 26, 28, 53, 54, 61, 41, 55, 56, 62, 43, 59, 42, 60, 45, 63, 57, 64, 58 ],
[ 17, 20, 19, 31, 4, 36, 34, 5, 28, 7, 39, 10, 33, 6, 38, 14, 13, 49, 18, 16, 1, 53, 21, 45, 11, 48, 25, 23, 2, 29, 15, 51, 22, 3, 55, 32, 61, 37, 8, 63, 58, 26, 60, 42, 30, 9, 46, 12, 35, 62, 40, 64, 50, 57, 54, 59, 43, 47, 24, 27, 52, 56, 41, 44 ]
];
s`MonodromyGroup := PermutationGroup<64 |  
\[ 10, 25, 21, 20, 2, 5, 28, 29, 42, 9, 45, 46, 34, 8, 14, 39, 7, 17, 1, 11, 12, 19, 48, 57, 24, 58, 59, 26, 27, 60, 16, 31, 3, 23, 33, 4, 36, 6, 30, 38, 61, 41, 62, 63, 43, 44, 64, 47, 13, 49, 15, 51, 18, 53, 22, 55, 50, 52, 54, 56, 32, 35, 37, 40 ],
\[ 3, 8, 13, 6, 14, 15, 1, 16, 12, 21, 2, 23, 18, 31, 32, 4, 19, 22, 33, 5, 34, 35, 7, 27, 29, 9, 30, 10, 39, 11, 36, 37, 49, 17, 50, 38, 40, 51, 20, 52, 44, 46, 24, 47, 25, 48, 26, 28, 53, 54, 61, 41, 55, 56, 62, 43, 59, 42, 60, 45, 63, 57, 64, 58 ],
\[ 17, 20, 19, 31, 4, 36, 34, 5, 28, 7, 39, 10, 33, 6, 38, 14, 13, 49, 18, 16, 1, 53, 21, 45, 11, 48, 25, 23, 2, 29, 15, 51, 22, 3, 55, 32, 61, 37, 8, 63, 58, 26, 60, 42, 30, 9, 46, 12, 35, 62, 40, 64, 50, 57, 54, 59, 43, 47, 24, 27, 52, 56, 41, 44 ] >;

/*
Edge printing
*/

s`Edges := [];
edge1 := TwoEdgeInitialize();
edge1`Blocks := {@ PowerSet(IntegerRing()) |
{ IntegerRing() | 1, 5 },
{ IntegerRing() | 2, 10 },
{ IntegerRing() | 3, 14 },
{ IntegerRing() | 4, 17 },
{ IntegerRing() | 6, 19 },
{ IntegerRing() | 7, 20 },
{ IntegerRing() | 8, 21 },
{ IntegerRing() | 9, 25 },
{ IntegerRing() | 11, 28 },
{ IntegerRing() | 12, 29 },
{ IntegerRing() | 13, 31 },
{ IntegerRing() | 15, 33 },
{ IntegerRing() | 16, 34 },
{ IntegerRing() | 18, 36 },
{ IntegerRing() | 22, 38 },
{ IntegerRing() | 23, 39 },
{ IntegerRing() | 24, 42 },
{ IntegerRing() | 26, 45 },
{ IntegerRing() | 27, 46 },
{ IntegerRing() | 30, 48 },
{ IntegerRing() | 32, 49 },
{ IntegerRing() | 35, 51 },
{ IntegerRing() | 37, 53 },
{ IntegerRing() | 40, 55 },
{ IntegerRing() | 41, 57 },
{ IntegerRing() | 43, 58 },
{ IntegerRing() | 44, 59 },
{ IntegerRing() | 47, 60 },
{ IntegerRing() | 50, 61 },
{ IntegerRing() | 52, 62 },
{ IntegerRing() | 54, 63 },
{ IntegerRing() | 56, 64 }
@};
edge1`UpstairsTriple := [ PermutationGroup<64 |  
\[ 2, 3, 4, 5, 6, 7, 8, 9, 10, 11, 12, 13, 14, 15, 16, 17, 18, 19, 20, 21, 22, 23, 24, 25, 26, 27, 28, 29, 30, 31, 32, 33, 34, 35, 36, 37, 38, 39, 40, 41, 42, 43, 44, 45, 46, 47, 48, 49, 50, 51, 52, 53, 54, 55, 56, 57, 58, 59, 60, 61, 62, 63, 64, 1 ],
\[ 2, 1, 3, 4, 5, 6, 7, 8, 9, 10, 11, 12, 13, 14, 15, 16, 17, 18, 19, 20, 21, 22, 23, 24, 25, 26, 27, 28, 29, 30, 31, 32, 33, 34, 35, 36, 37, 38, 39, 40, 41, 42, 43, 44, 45, 46, 47, 48, 49, 50, 51, 52, 53, 54, 55, 56, 57, 58, 59, 60, 61, 62, 63, 64 ]:
 Order := 126886932185884164103433389335161480802865516174545192198801894375214704230400000000000000 > |
[ 10, 25, 21, 20, 2, 5, 28, 29, 42, 9, 45, 46, 34, 8, 14, 39, 7, 17, 1, 11, 12, 19, 48, 57, 24, 58, 59, 26, 27, 60, 16, 31, 3, 23, 33, 4, 36, 6, 30, 38, 61, 41, 62, 63, 43, 44, 64, 47, 13, 49, 15, 51, 18, 53, 22, 55, 50, 52, 54, 56, 32, 35, 37, 40 ],
[ 3, 8, 13, 6, 14, 15, 1, 16, 12, 21, 2, 23, 18, 31, 32, 4, 19, 22, 33, 5, 34, 35, 7, 27, 29, 9, 30, 10, 39, 11, 36, 37, 49, 17, 50, 38, 40, 51, 20, 52, 44, 46, 24, 47, 25, 48, 26, 28, 53, 54, 61, 41, 55, 56, 62, 43, 59, 42, 60, 45, 63, 57, 64, 58 ],
[ 17, 20, 19, 31, 4, 36, 34, 5, 28, 7, 39, 10, 33, 6, 38, 14, 13, 49, 18, 16, 1, 53, 21, 45, 11, 48, 25, 23, 2, 29, 15, 51, 22, 3, 55, 32, 61, 37, 8, 63, 58, 26, 60, 42, 30, 9, 46, 12, 35, 62, 40, 64, 50, 57, 54, 59, 43, 47, 24, 27, 52, 56, 41, 44 ]
];
edge1`UpstairsFilename := "64S50-16,32,32-g29-2629598603.m";
edge1`DownstairsTriple := [ PermutationGroup<32 |  
\[ 2, 3, 4, 5, 6, 7, 8, 9, 10, 11, 12, 13, 14, 15, 16, 17, 18, 19, 20, 21, 22, 23, 24, 25, 26, 27, 28, 29, 30, 31, 32, 1 ],
\[ 2, 1, 3, 4, 5, 6, 7, 8, 9, 10, 11, 12, 13, 14, 15, 16, 17, 18, 19, 20, 21, 22, 23, 24, 25, 26, 27, 28, 29, 30, 31, 32 ]:
 Order := 263130836933693530167218012160000000 > |
[ 8, 16, 13, 2, 4, 18, 24, 7, 26, 6, 10, 1, 9, 12, 30, 15, 32, 17, 3, 19, 5, 21, 22, 23, 28, 25, 11, 27, 14, 29, 20, 31 ],
[ 3, 6, 5, 10, 11, 1, 9, 13, 2, 12, 14, 19, 4, 20, 17, 18, 7, 8, 21, 22, 27, 28, 25, 26, 15, 16, 29, 30, 31, 32, 23, 24 ],
[ 10, 13, 12, 3, 19, 4, 18, 6, 8, 5, 21, 11, 1, 27, 26, 9, 16, 2, 14, 29, 20, 31, 32, 17, 24, 7, 22, 23, 28, 25, 30, 15 ]
];
edge1`DownstairsFilename := "32S1-16,32,32-g15-1173445838.m";
Append(~s`Edges, edge1);
edge2 := TwoEdgeInitialize();
edge2`Blocks := {@ PowerSet(IntegerRing()) |
{ IntegerRing() | 1, 5 },
{ IntegerRing() | 2, 10 },
{ IntegerRing() | 3, 14 },
{ IntegerRing() | 4, 17 },
{ IntegerRing() | 6, 19 },
{ IntegerRing() | 7, 20 },
{ IntegerRing() | 8, 21 },
{ IntegerRing() | 9, 25 },
{ IntegerRing() | 11, 28 },
{ IntegerRing() | 12, 29 },
{ IntegerRing() | 13, 31 },
{ IntegerRing() | 15, 33 },
{ IntegerRing() | 16, 34 },
{ IntegerRing() | 18, 36 },
{ IntegerRing() | 22, 38 },
{ IntegerRing() | 23, 39 },
{ IntegerRing() | 24, 42 },
{ IntegerRing() | 26, 45 },
{ IntegerRing() | 27, 46 },
{ IntegerRing() | 30, 48 },
{ IntegerRing() | 32, 49 },
{ IntegerRing() | 35, 51 },
{ IntegerRing() | 37, 53 },
{ IntegerRing() | 40, 55 },
{ IntegerRing() | 41, 56 },
{ IntegerRing() | 43, 59 },
{ IntegerRing() | 44, 60 },
{ IntegerRing() | 47, 62 },
{ IntegerRing() | 50, 63 },
{ IntegerRing() | 52, 58 },
{ IntegerRing() | 54, 57 },
{ IntegerRing() | 61, 64 }
@};
edge2`UpstairsTriple := [ PermutationGroup<64 |  
\[ 2, 3, 4, 5, 6, 7, 8, 9, 10, 11, 12, 13, 14, 15, 16, 17, 18, 19, 20, 21, 22, 23, 24, 25, 26, 27, 28, 29, 30, 31, 32, 33, 34, 35, 36, 37, 38, 39, 40, 41, 42, 43, 44, 45, 46, 47, 48, 49, 50, 51, 52, 53, 54, 55, 56, 57, 58, 59, 60, 61, 62, 63, 64, 1 ],
\[ 2, 1, 3, 4, 5, 6, 7, 8, 9, 10, 11, 12, 13, 14, 15, 16, 17, 18, 19, 20, 21, 22, 23, 24, 25, 26, 27, 28, 29, 30, 31, 32, 33, 34, 35, 36, 37, 38, 39, 40, 41, 42, 43, 44, 45, 46, 47, 48, 49, 50, 51, 52, 53, 54, 55, 56, 57, 58, 59, 60, 61, 62, 63, 64 ]:
 Order := 126886932185884164103433389335161480802865516174545192198801894375214704230400000000000000 > |
[ 2, 9, 8, 7, 10, 1, 11, 12, 24, 25, 26, 27, 16, 21, 3, 23, 20, 4, 5, 28, 29, 6, 30, 41, 42, 43, 44, 45, 46, 47, 34, 13, 14, 39, 15, 17, 18, 19, 48, 22, 55, 56, 57, 58, 59, 60, 61, 62, 31, 32, 33, 35, 36, 37, 38, 40, 53, 51, 54, 52, 63, 64, 49, 50 ],
[ 3, 8, 13, 6, 14, 15, 1, 16, 12, 21, 2, 23, 18, 31, 32, 4, 19, 22, 33, 5, 34, 35, 7, 27, 29, 9, 30, 10, 39, 11, 36, 37, 49, 17, 50, 38, 40, 51, 20, 52, 44, 46, 24, 47, 25, 48, 26, 28, 53, 54, 63, 64, 55, 56, 58, 60, 41, 61, 42, 62, 43, 45, 57, 59 ],
[ 4, 7, 6, 13, 17, 18, 16, 1, 11, 20, 23, 2, 15, 19, 22, 3, 31, 32, 36, 34, 5, 37, 8, 26, 28, 30, 9, 39, 10, 12, 33, 35, 38, 14, 40, 49, 50, 53, 21, 54, 43, 45, 47, 24, 48, 25, 27, 29, 51, 52, 55, 56, 63, 64, 57, 59, 61, 41, 62, 42, 44, 46, 58, 60 ]
];
edge2`UpstairsFilename := "64S50-16,32,32-g29-343620592.m";
edge2`DownstairsTriple := [ PermutationGroup<32 |  
\[ 2, 3, 4, 5, 6, 7, 8, 9, 10, 11, 12, 13, 14, 15, 16, 17, 18, 19, 20, 21, 22, 23, 24, 25, 26, 27, 28, 29, 30, 31, 32, 1 ],
\[ 2, 1, 3, 4, 5, 6, 7, 8, 9, 10, 11, 12, 13, 14, 15, 16, 17, 18, 19, 20, 21, 22, 23, 24, 25, 26, 27, 28, 29, 30, 31, 32 ]:
 Order := 263130836933693530167218012160000000 > |
[ 8, 16, 13, 2, 4, 18, 24, 7, 26, 6, 10, 1, 9, 12, 30, 15, 31, 17, 3, 19, 5, 21, 29, 23, 32, 25, 11, 27, 14, 22, 28, 20 ],
[ 3, 6, 5, 10, 11, 1, 9, 13, 2, 12, 14, 19, 4, 20, 17, 18, 7, 8, 21, 22, 27, 28, 25, 26, 15, 16, 29, 23, 32, 31, 24, 30 ],
[ 10, 13, 12, 3, 19, 4, 18, 6, 8, 5, 21, 11, 1, 27, 26, 9, 16, 2, 14, 29, 20, 32, 31, 17, 24, 7, 22, 30, 28, 25, 15, 23 ]
];
edge2`DownstairsFilename := "32S16-8,16,16-g13-1044549698.m";
Append(~s`Edges, edge2);
edge3 := TwoEdgeInitialize();
edge3`Blocks := {@ PowerSet(IntegerRing()) |
{ IntegerRing() | 1, 4 },
{ IntegerRing() | 2, 8 },
{ IntegerRing() | 3, 10 },
{ IntegerRing() | 5, 12 },
{ IntegerRing() | 6, 13 },
{ IntegerRing() | 7, 16 },
{ IntegerRing() | 9, 18 },
{ IntegerRing() | 11, 19 },
{ IntegerRing() | 14, 21 },
{ IntegerRing() | 15, 24 },
{ IntegerRing() | 17, 26 },
{ IntegerRing() | 20, 27 },
{ IntegerRing() | 22, 29 },
{ IntegerRing() | 23, 32 },
{ IntegerRing() | 25, 34 },
{ IntegerRing() | 28, 35 },
{ IntegerRing() | 30, 37 },
{ IntegerRing() | 31, 40 },
{ IntegerRing() | 33, 42 },
{ IntegerRing() | 36, 43 },
{ IntegerRing() | 38, 45 },
{ IntegerRing() | 39, 48 },
{ IntegerRing() | 41, 50 },
{ IntegerRing() | 44, 51 },
{ IntegerRing() | 46, 53 },
{ IntegerRing() | 47, 56 },
{ IntegerRing() | 49, 58 },
{ IntegerRing() | 52, 59 },
{ IntegerRing() | 54, 61 },
{ IntegerRing() | 55, 62 },
{ IntegerRing() | 57, 63 },
{ IntegerRing() | 60, 64 }
@};
edge3`UpstairsTriple := [ PermutationGroup<64 |  
\[ 2, 3, 4, 5, 6, 7, 8, 9, 10, 11, 12, 13, 14, 15, 16, 17, 18, 19, 20, 21, 22, 23, 24, 25, 26, 27, 28, 29, 30, 31, 32, 33, 34, 35, 36, 37, 38, 39, 40, 41, 42, 43, 44, 45, 46, 47, 48, 49, 50, 51, 52, 53, 54, 55, 56, 57, 58, 59, 60, 61, 62, 63, 64, 1 ],
\[ 2, 1, 3, 4, 5, 6, 7, 8, 9, 10, 11, 12, 13, 14, 15, 16, 17, 18, 19, 20, 21, 22, 23, 24, 25, 26, 27, 28, 29, 30, 31, 32, 33, 34, 35, 36, 37, 38, 39, 40, 41, 42, 43, 44, 45, 46, 47, 48, 49, 50, 51, 52, 53, 54, 55, 56, 57, 58, 59, 60, 61, 62, 63, 64 ]:
 Order := 126886932185884164103433389335161480802865516174545192198801894375214704230400000000000000 > |
[ 8, 16, 13, 2, 4, 18, 24, 7, 26, 6, 10, 1, 9, 12, 32, 15, 34, 17, 3, 19, 5, 21, 40, 23, 42, 25, 11, 27, 14, 29, 48, 31, 50, 33, 20, 35, 22, 37, 56, 39, 58, 41, 28, 43, 30, 45, 62, 47, 63, 49, 36, 51, 38, 53, 61, 55, 64, 57, 44, 59, 46, 54, 60, 52 ],
[ 3, 6, 5, 10, 11, 1, 9, 13, 2, 12, 14, 19, 4, 20, 17, 18, 7, 8, 21, 22, 27, 28, 25, 26, 15, 16, 29, 30, 35, 36, 33, 34, 23, 24, 37, 38, 43, 44, 41, 42, 31, 32, 45, 46, 51, 52, 49, 50, 39, 40, 53, 54, 59, 60, 57, 58, 47, 48, 61, 55, 64, 63, 56, 62 ],
[ 10, 13, 12, 3, 19, 4, 18, 6, 8, 5, 21, 11, 1, 27, 26, 9, 16, 2, 14, 29, 20, 35, 34, 17, 24, 7, 22, 37, 28, 43, 42, 25, 32, 15, 30, 45, 36, 51, 50, 33, 40, 23, 38, 53, 44, 59, 58, 41, 48, 31, 46, 61, 52, 64, 63, 49, 56, 39, 54, 62, 60, 57, 47, 55 ]
];
edge3`UpstairsFilename := "64S50-16,32,32-g29-1238103745.m";
edge3`DownstairsTriple := [ PermutationGroup<32 |  
\[ 2, 3, 4, 5, 6, 7, 8, 9, 10, 11, 12, 13, 14, 15, 16, 17, 18, 19, 20, 21, 22, 23, 24, 25, 26, 27, 28, 29, 30, 31, 32, 1 ],
\[ 2, 1, 3, 4, 5, 6, 7, 8, 9, 10, 11, 12, 13, 14, 15, 16, 17, 18, 19, 20, 21, 22, 23, 24, 25, 26, 27, 28, 29, 30, 31, 32 ]:
 Order := 263130836933693530167218012160000000 > |
[ 2, 7, 6, 8, 1, 9, 15, 16, 17, 13, 3, 4, 18, 5, 23, 24, 25, 26, 10, 11, 12, 14, 29, 30, 31, 32, 19, 20, 21, 22, 27, 28 ],
[ 3, 6, 5, 10, 11, 1, 9, 13, 2, 12, 14, 19, 4, 20, 17, 18, 7, 8, 21, 22, 27, 28, 25, 26, 15, 16, 29, 30, 31, 32, 23, 24 ],
[ 3, 6, 5, 10, 11, 1, 9, 13, 2, 12, 14, 19, 4, 20, 17, 18, 7, 8, 21, 22, 27, 28, 25, 26, 15, 16, 29, 30, 31, 32, 23, 24 ]
];
edge3`DownstairsFilename := "32S1-16,32,32-g15-2994902072.m";
Append(~s`Edges, edge3);

/*
Return for eval
*/

return s;
