s := TwoDBInitialize();

/*
Magma printing
*/

s`Name := "64S50-32,32,8-g27-4138695974";
s`Filename := "64S50-32,32,8-g27-4138695974.m";
s`Degree := 64;
s`Orders := \[ 32, 32, 8 ];
s`Geometry := "Hyperbolic";
s`Genus := 27;
s`Level := 6;
s`PermutationTriple := [ PermutationGroup<64 |  
\[ 2, 3, 4, 5, 6, 7, 8, 9, 10, 11, 12, 13, 14, 15, 16, 17, 18, 19, 20, 21, 22, 23, 24, 25, 26, 27, 28, 29, 30, 31, 32, 33, 34, 35, 36, 37, 38, 39, 40, 41, 42, 43, 44, 45, 46, 47, 48, 49, 50, 51, 52, 53, 54, 55, 56, 57, 58, 59, 60, 61, 62, 63, 64, 1 ],
\[ 2, 1, 3, 4, 5, 6, 7, 8, 9, 10, 11, 12, 13, 14, 15, 16, 17, 18, 19, 20, 21, 22, 23, 24, 25, 26, 27, 28, 29, 30, 31, 32, 33, 34, 35, 36, 37, 38, 39, 40, 41, 42, 43, 44, 45, 46, 47, 48, 49, 50, 51, 52, 53, 54, 55, 56, 57, 58, 59, 60, 61, 62, 63, 64 ]:
 Order := 126886932185884164103433389335161480802865516174545192198801894375214704230400000000000000 > |
[ 2, 9, 8, 7, 10, 1, 11, 12, 19, 27, 28, 24, 16, 23, 3, 26, 20, 22, 4, 25, 5, 29, 30, 6, 31, 32, 43, 17, 51, 46, 40, 15, 36, 38, 13, 39, 14, 48, 50, 42, 44, 45, 18, 47, 49, 21, 52, 53, 54, 35, 41, 59, 37, 33, 57, 34, 58, 63, 60, 61, 62, 64, 56, 55 ],
[ 14, 23, 34, 21, 3, 37, 5, 38, 30, 8, 10, 48, 55, 13, 56, 57, 43, 6, 46, 18, 15, 1, 16, 53, 22, 58, 12, 27, 2, 26, 29, 63, 59, 33, 64, 60, 35, 36, 61, 51, 19, 41, 24, 4, 44, 32, 7, 39, 47, 62, 9, 11, 50, 52, 40, 54, 42, 45, 28, 17, 20, 25, 49, 31 ],
[ 18, 22, 21, 41, 4, 43, 44, 5, 29, 7, 47, 10, 37, 6, 46, 14, 59, 17, 51, 60, 19, 20, 1, 27, 61, 23, 11, 52, 25, 2, 62, 30, 56, 15, 53, 34, 24, 3, 38, 64, 40, 55, 28, 42, 57, 9, 45, 8, 58, 48, 31, 49, 12, 63, 35, 32, 13, 16, 54, 33, 36, 39, 26, 50 ]
];
s`MonodromyGroup := PermutationGroup<64 |  
\[ 2, 9, 8, 7, 10, 1, 11, 12, 19, 27, 28, 24, 16, 23, 3, 26, 20, 22, 4, 25, 5, 29, 30, 6, 31, 32, 43, 17, 51, 46, 40, 15, 36, 38, 13, 39, 14, 48, 50, 42, 44, 45, 18, 47, 49, 21, 52, 53, 54, 35, 41, 59, 37, 33, 57, 34, 58, 63, 60, 61, 62, 64, 56, 55 ],
\[ 14, 23, 34, 21, 3, 37, 5, 38, 30, 8, 10, 48, 55, 13, 56, 57, 43, 6, 46, 18, 15, 1, 16, 53, 22, 58, 12, 27, 2, 26, 29, 63, 59, 33, 64, 60, 35, 36, 61, 51, 19, 41, 24, 4, 44, 32, 7, 39, 47, 62, 9, 11, 50, 52, 40, 54, 42, 45, 28, 17, 20, 25, 49, 31 ],
\[ 18, 22, 21, 41, 4, 43, 44, 5, 29, 7, 47, 10, 37, 6, 46, 14, 59, 17, 51, 60, 19, 20, 1, 27, 61, 23, 11, 52, 25, 2, 62, 30, 56, 15, 53, 34, 24, 3, 38, 64, 40, 55, 28, 42, 57, 9, 45, 8, 58, 48, 31, 49, 12, 63, 35, 32, 13, 16, 54, 33, 36, 39, 26, 50 ] >;

/*
Edge printing
*/

s`Edges := [];
edge1 := TwoEdgeInitialize();
edge1`Blocks := {@ PowerSet(IntegerRing()) |
{ IntegerRing() | 1, 5 },
{ IntegerRing() | 2, 10 },
{ IntegerRing() | 3, 14 },
{ IntegerRing() | 4, 18 },
{ IntegerRing() | 6, 21 },
{ IntegerRing() | 7, 22 },
{ IntegerRing() | 8, 23 },
{ IntegerRing() | 9, 27 },
{ IntegerRing() | 11, 29 },
{ IntegerRing() | 12, 30 },
{ IntegerRing() | 13, 34 },
{ IntegerRing() | 15, 37 },
{ IntegerRing() | 16, 38 },
{ IntegerRing() | 17, 41 },
{ IntegerRing() | 19, 43 },
{ IntegerRing() | 20, 44 },
{ IntegerRing() | 24, 46 },
{ IntegerRing() | 25, 47 },
{ IntegerRing() | 26, 48 },
{ IntegerRing() | 28, 51 },
{ IntegerRing() | 31, 52 },
{ IntegerRing() | 32, 53 },
{ IntegerRing() | 33, 55 },
{ IntegerRing() | 35, 56 },
{ IntegerRing() | 36, 57 },
{ IntegerRing() | 39, 58 },
{ IntegerRing() | 40, 59 },
{ IntegerRing() | 42, 60 },
{ IntegerRing() | 45, 61 },
{ IntegerRing() | 49, 62 },
{ IntegerRing() | 50, 63 },
{ IntegerRing() | 54, 64 }
@};
edge1`UpstairsTriple := [ PermutationGroup<64 |  
\[ 2, 3, 4, 5, 6, 7, 8, 9, 10, 11, 12, 13, 14, 15, 16, 17, 18, 19, 20, 21, 22, 23, 24, 25, 26, 27, 28, 29, 30, 31, 32, 33, 34, 35, 36, 37, 38, 39, 40, 41, 42, 43, 44, 45, 46, 47, 48, 49, 50, 51, 52, 53, 54, 55, 56, 57, 58, 59, 60, 61, 62, 63, 64, 1 ],
\[ 2, 1, 3, 4, 5, 6, 7, 8, 9, 10, 11, 12, 13, 14, 15, 16, 17, 18, 19, 20, 21, 22, 23, 24, 25, 26, 27, 28, 29, 30, 31, 32, 33, 34, 35, 36, 37, 38, 39, 40, 41, 42, 43, 44, 45, 46, 47, 48, 49, 50, 51, 52, 53, 54, 55, 56, 57, 58, 59, 60, 61, 62, 63, 64 ]:
 Order := 126886932185884164103433389335161480802865516174545192198801894375214704230400000000000000 > |
[ 2, 9, 8, 7, 10, 1, 11, 12, 19, 27, 28, 24, 16, 23, 3, 26, 20, 22, 4, 25, 5, 29, 30, 6, 31, 32, 43, 17, 51, 46, 40, 15, 36, 38, 13, 39, 14, 48, 50, 42, 44, 45, 18, 47, 49, 21, 52, 53, 54, 35, 41, 59, 37, 33, 57, 34, 58, 63, 60, 61, 62, 64, 56, 55 ],
[ 14, 23, 34, 21, 3, 37, 5, 38, 30, 8, 10, 48, 55, 13, 56, 57, 43, 6, 46, 18, 15, 1, 16, 53, 22, 58, 12, 27, 2, 26, 29, 63, 59, 33, 64, 60, 35, 36, 61, 51, 19, 41, 24, 4, 44, 32, 7, 39, 47, 62, 9, 11, 50, 52, 40, 54, 42, 45, 28, 17, 20, 25, 49, 31 ],
[ 18, 22, 21, 41, 4, 43, 44, 5, 29, 7, 47, 10, 37, 6, 46, 14, 59, 17, 51, 60, 19, 20, 1, 27, 61, 23, 11, 52, 25, 2, 62, 30, 56, 15, 53, 34, 24, 3, 38, 64, 40, 55, 28, 42, 57, 9, 45, 8, 58, 48, 31, 49, 12, 63, 35, 32, 13, 16, 54, 33, 36, 39, 26, 50 ]
];
edge1`UpstairsFilename := "64S50-32,32,8-g27-4138695974.m";
edge1`DownstairsTriple := [ PermutationGroup<32 |  
\[ 2, 3, 4, 5, 6, 7, 8, 9, 10, 11, 12, 13, 14, 15, 16, 17, 18, 19, 20, 21, 22, 23, 24, 25, 26, 27, 28, 29, 30, 31, 32, 1 ],
\[ 2, 1, 3, 4, 5, 6, 7, 8, 9, 10, 11, 12, 13, 14, 15, 16, 17, 18, 19, 20, 21, 22, 23, 24, 25, 26, 27, 28, 29, 30, 31, 32 ]:
 Order := 263130836933693530167218012160000000 > |
[ 2, 9, 8, 7, 10, 1, 11, 12, 25, 26, 15, 27, 22, 3, 24, 19, 21, 4, 14, 5, 28, 29, 6, 30, 17, 18, 20, 32, 23, 31, 13, 16 ],
[ 13, 22, 28, 20, 3, 31, 5, 32, 29, 8, 10, 16, 11, 21, 26, 25, 6, 27, 17, 14, 1, 15, 30, 18, 23, 12, 19, 2, 24, 4, 7, 9 ],
[ 17, 21, 20, 24, 4, 25, 30, 5, 28, 7, 31, 10, 6, 27, 13, 8, 16, 15, 12, 18, 19, 1, 9, 22, 32, 11, 26, 14, 2, 29, 23, 3 ]
];
edge1`DownstairsFilename := "32S1-32,32,8-g14-198606608.m";
Append(~s`Edges, edge1);
edge2 := TwoEdgeInitialize();
edge2`Blocks := {@ PowerSet(IntegerRing()) |
{ IntegerRing() | 1, 5 },
{ IntegerRing() | 2, 10 },
{ IntegerRing() | 3, 14 },
{ IntegerRing() | 4, 18 },
{ IntegerRing() | 6, 21 },
{ IntegerRing() | 7, 22 },
{ IntegerRing() | 8, 23 },
{ IntegerRing() | 9, 28 },
{ IntegerRing() | 11, 31 },
{ IntegerRing() | 12, 32 },
{ IntegerRing() | 13, 36 },
{ IntegerRing() | 15, 39 },
{ IntegerRing() | 16, 40 },
{ IntegerRing() | 17, 26 },
{ IntegerRing() | 19, 42 },
{ IntegerRing() | 20, 34 },
{ IntegerRing() | 24, 45 },
{ IntegerRing() | 25, 46 },
{ IntegerRing() | 27, 50 },
{ IntegerRing() | 29, 53 },
{ IntegerRing() | 30, 44 },
{ IntegerRing() | 33, 55 },
{ IntegerRing() | 35, 57 },
{ IntegerRing() | 37, 59 },
{ IntegerRing() | 38, 43 },
{ IntegerRing() | 41, 61 },
{ IntegerRing() | 47, 58 },
{ IntegerRing() | 48, 52 },
{ IntegerRing() | 49, 60 },
{ IntegerRing() | 51, 62 },
{ IntegerRing() | 54, 63 },
{ IntegerRing() | 56, 64 }
@};
edge2`UpstairsTriple := [ PermutationGroup<64 |  
\[ 2, 3, 4, 5, 6, 7, 8, 9, 10, 11, 12, 13, 14, 15, 16, 17, 18, 19, 20, 21, 22, 23, 24, 25, 26, 27, 28, 29, 30, 31, 32, 33, 34, 35, 36, 37, 38, 39, 40, 41, 42, 43, 44, 45, 46, 47, 48, 49, 50, 51, 52, 53, 54, 55, 56, 57, 58, 59, 60, 61, 62, 63, 64, 1 ],
\[ 2, 1, 3, 4, 5, 6, 7, 8, 9, 10, 11, 12, 13, 14, 15, 16, 17, 18, 19, 20, 21, 22, 23, 24, 25, 26, 27, 28, 29, 30, 31, 32, 33, 34, 35, 36, 37, 38, 39, 40, 41, 42, 43, 44, 45, 46, 47, 48, 49, 50, 51, 52, 53, 54, 55, 56, 57, 58, 59, 60, 61, 62, 63, 64 ]:
 Order := 126886932185884164103433389335161480802865516174545192198801894375214704230400000000000000 > |
[ 2, 9, 8, 7, 10, 1, 11, 12, 27, 28, 29, 30, 16, 23, 3, 26, 20, 22, 4, 25, 5, 31, 32, 6, 33, 34, 49, 50, 51, 52, 53, 44, 54, 46, 38, 40, 13, 42, 14, 17, 15, 18, 19, 48, 21, 55, 24, 56, 59, 60, 61, 64, 62, 58, 63, 35, 43, 45, 36, 37, 39, 41, 47, 57 ],
[ 3, 8, 13, 6, 14, 15, 1, 16, 12, 23, 2, 26, 35, 36, 37, 38, 19, 21, 24, 4, 39, 5, 40, 41, 7, 42, 30, 32, 9, 34, 10, 17, 11, 18, 54, 57, 56, 58, 59, 43, 60, 45, 47, 20, 61, 22, 62, 25, 52, 44, 27, 46, 28, 29, 31, 33, 63, 51, 64, 48, 49, 50, 53, 55 ],
[ 4, 7, 6, 17, 18, 19, 20, 1, 11, 22, 25, 2, 15, 21, 24, 3, 23, 26, 40, 32, 42, 34, 5, 43, 44, 8, 29, 31, 33, 9, 46, 10, 48, 12, 37, 39, 41, 13, 45, 14, 47, 16, 36, 28, 38, 30, 57, 50, 51, 53, 54, 27, 55, 56, 52, 60, 59, 35, 61, 62, 58, 63, 64, 49 ]
];
edge2`UpstairsFilename := "64S50-32,32,8-g27-2461729837.m";
edge2`DownstairsTriple := [ PermutationGroup<32 |  
\[ 2, 3, 4, 5, 6, 7, 8, 9, 10, 11, 12, 13, 14, 15, 16, 17, 18, 19, 20, 21, 22, 23, 24, 25, 26, 27, 28, 29, 30, 31, 32, 1 ],
\[ 2, 1, 3, 4, 5, 6, 7, 8, 9, 10, 11, 12, 13, 14, 15, 16, 17, 18, 19, 20, 21, 22, 23, 24, 25, 26, 27, 28, 29, 30, 31, 32 ]:
 Order := 263130836933693530167218012160000000 > |
[ 2, 9, 8, 7, 10, 1, 11, 12, 18, 24, 15, 23, 22, 3, 16, 19, 21, 4, 14, 5, 25, 26, 6, 30, 28, 32, 13, 29, 31, 17, 27, 20 ],
[ 13, 22, 25, 20, 3, 27, 5, 28, 26, 8, 10, 29, 11, 21, 24, 30, 6, 32, 17, 14, 1, 15, 31, 12, 2, 16, 7, 9, 18, 23, 4, 19 ],
[ 17, 21, 20, 29, 4, 30, 31, 5, 25, 7, 27, 10, 6, 32, 13, 22, 16, 28, 26, 18, 19, 1, 24, 11, 14, 2, 23, 3, 8, 15, 12, 9 ]
];
edge2`DownstairsFilename := "32S16-16,16,4-g11-2873761891.m";
Append(~s`Edges, edge2);
edge3 := TwoEdgeInitialize();
edge3`Blocks := {@ PowerSet(IntegerRing()) |
{ IntegerRing() | 1, 5 },
{ IntegerRing() | 2, 10 },
{ IntegerRing() | 3, 13 },
{ IntegerRing() | 4, 17 },
{ IntegerRing() | 6, 20 },
{ IntegerRing() | 7, 21 },
{ IntegerRing() | 8, 22 },
{ IntegerRing() | 9, 26 },
{ IntegerRing() | 11, 28 },
{ IntegerRing() | 12, 29 },
{ IntegerRing() | 14, 31 },
{ IntegerRing() | 15, 32 },
{ IntegerRing() | 16, 34 },
{ IntegerRing() | 18, 37 },
{ IntegerRing() | 19, 38 },
{ IntegerRing() | 23, 40 },
{ IntegerRing() | 24, 41 },
{ IntegerRing() | 25, 43 },
{ IntegerRing() | 27, 45 },
{ IntegerRing() | 30, 47 },
{ IntegerRing() | 33, 50 },
{ IntegerRing() | 35, 53 },
{ IntegerRing() | 36, 54 },
{ IntegerRing() | 39, 56 },
{ IntegerRing() | 42, 57 },
{ IntegerRing() | 44, 58 },
{ IntegerRing() | 46, 59 },
{ IntegerRing() | 48, 60 },
{ IntegerRing() | 49, 61 },
{ IntegerRing() | 51, 62 },
{ IntegerRing() | 52, 63 },
{ IntegerRing() | 55, 64 }
@};
edge3`UpstairsTriple := [ PermutationGroup<64 |  
\[ 2, 3, 4, 5, 6, 7, 8, 9, 10, 11, 12, 13, 14, 15, 16, 17, 18, 19, 20, 21, 22, 23, 24, 25, 26, 27, 28, 29, 30, 31, 32, 33, 34, 35, 36, 37, 38, 39, 40, 41, 42, 43, 44, 45, 46, 47, 48, 49, 50, 51, 52, 53, 54, 55, 56, 57, 58, 59, 60, 61, 62, 63, 64, 1 ],
\[ 2, 1, 3, 4, 5, 6, 7, 8, 9, 10, 11, 12, 13, 14, 15, 16, 17, 18, 19, 20, 21, 22, 23, 24, 25, 26, 27, 28, 29, 30, 31, 32, 33, 34, 35, 36, 37, 38, 39, 40, 41, 42, 43, 44, 45, 46, 47, 48, 49, 50, 51, 52, 53, 54, 55, 56, 57, 58, 59, 60, 61, 62, 63, 64 ]:
 Order := 126886932185884164103433389335161480802865516174545192198801894375214704230400000000000000 > |
[ 2, 9, 8, 7, 10, 1, 11, 12, 25, 26, 15, 27, 22, 3, 24, 19, 21, 4, 14, 5, 28, 29, 6, 30, 42, 43, 44, 32, 45, 46, 13, 41, 36, 38, 16, 23, 17, 31, 18, 20, 47, 48, 57, 49, 58, 51, 59, 55, 52, 54, 33, 39, 34, 40, 35, 37, 60, 61, 62, 64, 63, 50, 56, 53 ],
[ 13, 22, 28, 20, 3, 31, 5, 32, 29, 8, 10, 41, 11, 21, 26, 37, 6, 40, 17, 14, 1, 15, 38, 43, 45, 12, 47, 2, 24, 57, 7, 9, 53, 18, 56, 34, 23, 4, 54, 19, 25, 58, 27, 59, 30, 60, 42, 61, 62, 35, 64, 50, 39, 16, 63, 36, 44, 46, 48, 49, 51, 55, 33, 52 ],
[ 17, 21, 20, 34, 4, 37, 38, 5, 28, 7, 31, 10, 6, 40, 13, 50, 16, 53, 54, 18, 19, 1, 56, 22, 32, 11, 26, 14, 2, 29, 23, 3, 61, 33, 62, 63, 35, 36, 64, 39, 8, 41, 15, 43, 9, 45, 12, 47, 57, 49, 58, 60, 51, 52, 59, 55, 24, 25, 27, 30, 42, 44, 48, 46 ]
];
edge3`UpstairsFilename := "64S50-32,32,8-g27-3926274673.m";
edge3`DownstairsTriple := [ PermutationGroup<32 |  
\[ 2, 3, 4, 5, 6, 7, 8, 9, 10, 11, 12, 13, 14, 15, 16, 17, 18, 19, 20, 21, 22, 23, 24, 25, 26, 27, 28, 29, 30, 31, 32, 1 ],
\[ 2, 1, 3, 4, 5, 6, 7, 8, 9, 10, 11, 12, 13, 14, 15, 16, 17, 18, 19, 20, 21, 22, 23, 24, 25, 26, 27, 28, 29, 30, 31, 32 ]:
 Order := 263130836933693530167218012160000000 > |
[ 2, 9, 8, 7, 10, 1, 11, 12, 25, 26, 15, 27, 22, 3, 24, 19, 21, 4, 14, 5, 28, 29, 6, 30, 17, 18, 20, 32, 23, 31, 13, 16 ],
[ 3, 8, 11, 6, 13, 14, 1, 15, 12, 22, 2, 24, 28, 7, 9, 18, 20, 23, 4, 31, 5, 32, 19, 25, 27, 29, 30, 10, 16, 17, 21, 26 ],
[ 4, 7, 6, 16, 17, 18, 19, 1, 11, 21, 14, 2, 20, 23, 3, 22, 24, 32, 29, 25, 30, 5, 26, 8, 15, 28, 9, 31, 10, 12, 27, 13 ]
];
edge3`DownstairsFilename := "32S1-32,32,8-g14-964227879.m";
Append(~s`Edges, edge3);

/*
Return for eval
*/

return s;
