s := TwoDBInitialize();

/*
Magma printing
*/

s`Name := "64S5-4,8,8-g17-1286875052";
s`Filename := "64S5-4,8,8-g17-1286875052.m";
s`Degree := 64;
s`Orders := \[ 4, 8, 8 ];
s`Geometry := "Hyperbolic";
s`Genus := 17;
s`Level := 6;
s`PermutationTriple := [ PermutationGroup<64 |  
\[ 2, 3, 4, 5, 6, 7, 8, 9, 10, 11, 12, 13, 14, 15, 16, 17, 18, 19, 20, 21, 22, 23, 24, 25, 26, 27, 28, 29, 30, 31, 32, 33, 34, 35, 36, 37, 38, 39, 40, 41, 42, 43, 44, 45, 46, 47, 48, 49, 50, 51, 52, 53, 54, 55, 56, 57, 58, 59, 60, 61, 62, 63, 64, 1 ],
\[ 2, 1, 3, 4, 5, 6, 7, 8, 9, 10, 11, 12, 13, 14, 15, 16, 17, 18, 19, 20, 21, 22, 23, 24, 25, 26, 27, 28, 29, 30, 31, 32, 33, 34, 35, 36, 37, 38, 39, 40, 41, 42, 43, 44, 45, 46, 47, 48, 49, 50, 51, 52, 53, 54, 55, 56, 57, 58, 59, 60, 61, 62, 63, 64 ]:
 Order := 126886932185884164103433389335161480802865516174545192198801894375214704230400000000000000 > |
[ 2, 9, 8, 19, 11, 1, 30, 34, 6, 13, 38, 22, 27, 18, 39, 26, 3, 33, 12, 35, 56, 4, 41, 5, 63, 64, 29, 32, 10, 28, 45, 7, 50, 17, 37, 46, 55, 24, 36, 43, 44, 51, 48, 49, 47, 15, 59, 60, 23, 14, 21, 57, 25, 16, 20, 42, 58, 61, 31, 40, 52, 53, 62, 54 ],
[ 3, 10, 14, 6, 16, 27, 1, 35, 34, 23, 40, 2, 45, 28, 17, 49, 55, 21, 57, 22, 24, 61, 4, 48, 5, 31, 44, 9, 59, 58, 32, 52, 7, 33, 53, 8, 19, 64, 29, 18, 25, 11, 37, 12, 56, 13, 30, 50, 62, 42, 46, 54, 15, 47, 63, 39, 60, 26, 51, 20, 43, 38, 36, 41 ],
[ 4, 7, 15, 20, 21, 28, 31, 1, 12, 39, 25, 37, 2, 48, 51, 52, 9, 3, 23, 17, 59, 44, 16, 62, 35, 5, 46, 47, 6, 33, 29, 14, 40, 36, 60, 56, 8, 42, 53, 57, 10, 45, 11, 64, 26, 63, 13, 61, 27, 34, 50, 22, 49, 38, 43, 18, 32, 19, 54, 24, 30, 55, 41, 58 ]
];
s`MonodromyGroup := PermutationGroup<64 |  
\[ 2, 9, 8, 19, 11, 1, 30, 34, 6, 13, 38, 22, 27, 18, 39, 26, 3, 33, 12, 35, 56, 4, 41, 5, 63, 64, 29, 32, 10, 28, 45, 7, 50, 17, 37, 46, 55, 24, 36, 43, 44, 51, 48, 49, 47, 15, 59, 60, 23, 14, 21, 57, 25, 16, 20, 42, 58, 61, 31, 40, 52, 53, 62, 54 ],
\[ 3, 10, 14, 6, 16, 27, 1, 35, 34, 23, 40, 2, 45, 28, 17, 49, 55, 21, 57, 22, 24, 61, 4, 48, 5, 31, 44, 9, 59, 58, 32, 52, 7, 33, 53, 8, 19, 64, 29, 18, 25, 11, 37, 12, 56, 13, 30, 50, 62, 42, 46, 54, 15, 47, 63, 39, 60, 26, 51, 20, 43, 38, 36, 41 ],
\[ 4, 7, 15, 20, 21, 28, 31, 1, 12, 39, 25, 37, 2, 48, 51, 52, 9, 3, 23, 17, 59, 44, 16, 62, 35, 5, 46, 47, 6, 33, 29, 14, 40, 36, 60, 56, 8, 42, 53, 57, 10, 45, 11, 64, 26, 63, 13, 61, 27, 34, 50, 22, 49, 38, 43, 18, 32, 19, 54, 24, 30, 55, 41, 58 ] >;

/*
Edge printing
*/

s`Edges := [];
edge1 := TwoEdgeInitialize();
edge1`Blocks := {@ PowerSet(IntegerRing()) |
{ IntegerRing() | 1, 5 },
{ IntegerRing() | 2, 11 },
{ IntegerRing() | 3, 16 },
{ IntegerRing() | 4, 21 },
{ IntegerRing() | 6, 24 },
{ IntegerRing() | 7, 25 },
{ IntegerRing() | 8, 26 },
{ IntegerRing() | 9, 38 },
{ IntegerRing() | 10, 40 },
{ IntegerRing() | 12, 42 },
{ IntegerRing() | 13, 43 },
{ IntegerRing() | 14, 49 },
{ IntegerRing() | 15, 52 },
{ IntegerRing() | 17, 54 },
{ IntegerRing() | 18, 23 },
{ IntegerRing() | 19, 56 },
{ IntegerRing() | 20, 59 },
{ IntegerRing() | 22, 51 },
{ IntegerRing() | 27, 48 },
{ IntegerRing() | 28, 62 },
{ IntegerRing() | 29, 60 },
{ IntegerRing() | 30, 63 },
{ IntegerRing() | 31, 35 },
{ IntegerRing() | 32, 53 },
{ IntegerRing() | 33, 41 },
{ IntegerRing() | 34, 64 },
{ IntegerRing() | 36, 58 },
{ IntegerRing() | 37, 45 },
{ IntegerRing() | 39, 57 },
{ IntegerRing() | 44, 50 },
{ IntegerRing() | 46, 61 },
{ IntegerRing() | 47, 55 }
@};
edge1`UpstairsTriple := [ PermutationGroup<64 |  
\[ 2, 3, 4, 5, 6, 7, 8, 9, 10, 11, 12, 13, 14, 15, 16, 17, 18, 19, 20, 21, 22, 23, 24, 25, 26, 27, 28, 29, 30, 31, 32, 33, 34, 35, 36, 37, 38, 39, 40, 41, 42, 43, 44, 45, 46, 47, 48, 49, 50, 51, 52, 53, 54, 55, 56, 57, 58, 59, 60, 61, 62, 63, 64, 1 ],
\[ 2, 1, 3, 4, 5, 6, 7, 8, 9, 10, 11, 12, 13, 14, 15, 16, 17, 18, 19, 20, 21, 22, 23, 24, 25, 26, 27, 28, 29, 30, 31, 32, 33, 34, 35, 36, 37, 38, 39, 40, 41, 42, 43, 44, 45, 46, 47, 48, 49, 50, 51, 52, 53, 54, 55, 56, 57, 58, 59, 60, 61, 62, 63, 64 ]:
 Order := 126886932185884164103433389335161480802865516174545192198801894375214704230400000000000000 > |
[ 2, 9, 8, 19, 11, 1, 30, 34, 6, 13, 38, 22, 27, 18, 39, 26, 3, 33, 12, 35, 56, 4, 41, 5, 63, 64, 29, 32, 10, 28, 45, 7, 50, 17, 37, 46, 55, 24, 36, 43, 44, 51, 48, 49, 47, 15, 59, 60, 23, 14, 21, 57, 25, 16, 20, 42, 58, 61, 31, 40, 52, 53, 62, 54 ],
[ 3, 10, 14, 6, 16, 27, 1, 35, 34, 23, 40, 2, 45, 28, 17, 49, 55, 21, 57, 22, 24, 61, 4, 48, 5, 31, 44, 9, 59, 58, 32, 52, 7, 33, 53, 8, 19, 64, 29, 18, 25, 11, 37, 12, 56, 13, 30, 50, 62, 42, 46, 54, 15, 47, 63, 39, 60, 26, 51, 20, 43, 38, 36, 41 ],
[ 4, 7, 15, 20, 21, 28, 31, 1, 12, 39, 25, 37, 2, 48, 51, 52, 9, 3, 23, 17, 59, 44, 16, 62, 35, 5, 46, 47, 6, 33, 29, 14, 40, 36, 60, 56, 8, 42, 53, 57, 10, 45, 11, 64, 26, 63, 13, 61, 27, 34, 50, 22, 49, 38, 43, 18, 32, 19, 54, 24, 30, 55, 41, 58 ]
];
edge1`UpstairsFilename := "64S5-4,8,8-g17-1286875052.m";
edge1`DownstairsTriple := [ PermutationGroup<32 |  
\[ 2, 3, 4, 5, 6, 7, 8, 9, 10, 11, 12, 13, 14, 15, 16, 17, 18, 19, 20, 21, 22, 23, 24, 25, 26, 27, 28, 29, 30, 31, 32, 1 ],
\[ 2, 1, 3, 4, 5, 6, 7, 8, 9, 10, 11, 12, 13, 14, 15, 16, 17, 18, 19, 20, 21, 22, 23, 24, 25, 26, 27, 28, 29, 30, 31, 32 ]:
 Order := 263130836933693530167218012160000000 > |
[ 6, 1, 8, 20, 2, 5, 25, 15, 11, 23, 21, 3, 16, 32, 12, 26, 4, 24, 17, 19, 22, 9, 7, 28, 10, 29, 30, 31, 13, 14, 18, 27 ],
[ 3, 9, 13, 2, 15, 21, 1, 24, 29, 5, 18, 31, 10, 12, 26, 4, 30, 17, 6, 32, 16, 28, 14, 23, 27, 7, 8, 20, 19, 22, 25, 11 ],
[ 4, 10, 14, 18, 19, 7, 24, 1, 30, 31, 2, 5, 9, 17, 27, 3, 29, 12, 28, 16, 32, 6, 13, 11, 26, 21, 20, 8, 15, 25, 22, 23 ]
];
edge1`DownstairsFilename := "32S5-4,8,8-g9-652585717.m";
Append(~s`Edges, edge1);
edge2 := TwoEdgeInitialize();
edge2`Blocks := {@ PowerSet(IntegerRing()) |
{ IntegerRing() | 1, 5 },
{ IntegerRing() | 2, 11 },
{ IntegerRing() | 3, 16 },
{ IntegerRing() | 4, 21 },
{ IntegerRing() | 6, 24 },
{ IntegerRing() | 7, 25 },
{ IntegerRing() | 8, 26 },
{ IntegerRing() | 9, 38 },
{ IntegerRing() | 10, 40 },
{ IntegerRing() | 12, 42 },
{ IntegerRing() | 13, 43 },
{ IntegerRing() | 14, 41 },
{ IntegerRing() | 15, 50 },
{ IntegerRing() | 17, 52 },
{ IntegerRing() | 18, 44 },
{ IntegerRing() | 19, 49 },
{ IntegerRing() | 20, 45 },
{ IntegerRing() | 22, 55 },
{ IntegerRing() | 23, 48 },
{ IntegerRing() | 27, 54 },
{ IntegerRing() | 28, 61 },
{ IntegerRing() | 29, 62 },
{ IntegerRing() | 30, 51 },
{ IntegerRing() | 31, 53 },
{ IntegerRing() | 32, 63 },
{ IntegerRing() | 33, 60 },
{ IntegerRing() | 34, 59 },
{ IntegerRing() | 35, 47 },
{ IntegerRing() | 36, 58 },
{ IntegerRing() | 37, 64 },
{ IntegerRing() | 39, 57 },
{ IntegerRing() | 46, 56 }
@};
edge2`UpstairsTriple := [ PermutationGroup<64 |  
\[ 2, 3, 4, 5, 6, 7, 8, 9, 10, 11, 12, 13, 14, 15, 16, 17, 18, 19, 20, 21, 22, 23, 24, 25, 26, 27, 28, 29, 30, 31, 32, 33, 34, 35, 36, 37, 38, 39, 40, 41, 42, 43, 44, 45, 46, 47, 48, 49, 50, 51, 52, 53, 54, 55, 56, 57, 58, 59, 60, 61, 62, 63, 64, 1 ],
\[ 2, 1, 3, 4, 5, 6, 7, 8, 9, 10, 11, 12, 13, 14, 15, 16, 17, 18, 19, 20, 21, 22, 23, 24, 25, 26, 27, 28, 29, 30, 31, 32, 33, 34, 35, 36, 37, 38, 39, 40, 41, 42, 43, 44, 45, 46, 47, 48, 49, 50, 51, 52, 53, 54, 55, 56, 57, 58, 59, 60, 61, 62, 63, 64 ]:
 Order := 126886932185884164103433389335161480802865516174545192198801894375214704230400000000000000 > |
[ 2, 9, 8, 19, 11, 1, 30, 34, 6, 13, 38, 22, 27, 18, 39, 26, 3, 33, 12, 35, 49, 4, 41, 5, 51, 59, 29, 32, 10, 28, 45, 7, 48, 17, 37, 46, 53, 24, 36, 43, 44, 55, 54, 60, 47, 15, 64, 14, 42, 57, 61, 16, 20, 62, 21, 50, 58, 56, 52, 23, 63, 40, 25, 31 ],
[ 3, 10, 14, 6, 16, 27, 1, 35, 34, 23, 40, 2, 45, 28, 17, 41, 53, 42, 56, 22, 24, 57, 4, 54, 5, 47, 44, 9, 64, 50, 32, 58, 7, 33, 51, 8, 19, 59, 29, 48, 61, 11, 20, 12, 55, 13, 30, 21, 46, 52, 15, 31, 63, 18, 39, 43, 62, 26, 60, 25, 38, 37, 36, 49 ],
[ 4, 7, 15, 20, 21, 28, 31, 1, 12, 39, 25, 37, 2, 40, 49, 50, 9, 3, 23, 17, 45, 44, 59, 61, 53, 5, 46, 47, 6, 33, 29, 14, 54, 36, 43, 55, 8, 42, 51, 57, 10, 64, 11, 16, 52, 63, 13, 34, 48, 19, 60, 38, 62, 56, 18, 32, 30, 22, 58, 27, 35, 24, 41, 26 ]
];
edge2`UpstairsFilename := "64S5-4,8,8-g17-3701628881.m";
edge2`DownstairsTriple := [ PermutationGroup<32 |  
\[ 2, 3, 4, 5, 6, 7, 8, 9, 10, 11, 12, 13, 14, 15, 16, 17, 18, 19, 20, 21, 22, 23, 24, 25, 26, 27, 28, 29, 30, 31, 32, 1 ],
\[ 2, 1, 3, 4, 5, 6, 7, 8, 9, 10, 11, 12, 13, 14, 15, 16, 17, 18, 19, 20, 21, 22, 23, 24, 25, 26, 27, 28, 29, 30, 31, 32 ]:
 Order := 263130836933693530167218012160000000 > |
[ 6, 1, 8, 20, 2, 5, 26, 15, 11, 24, 22, 3, 16, 32, 12, 27, 4, 28, 17, 19, 13, 23, 9, 7, 18, 10, 21, 30, 31, 25, 14, 29 ],
[ 3, 9, 13, 2, 15, 22, 1, 28, 16, 5, 30, 25, 10, 12, 27, 19, 32, 17, 6, 31, 4, 21, 18, 29, 24, 14, 7, 26, 8, 20, 23, 11 ],
[ 4, 10, 14, 18, 19, 7, 25, 1, 31, 28, 2, 5, 22, 20, 29, 3, 16, 12, 30, 21, 15, 32, 6, 13, 11, 27, 9, 23, 17, 8, 24, 26 ]
];
edge2`DownstairsFilename := "32S8-4,8,8-g9-2104742026.m";
Append(~s`Edges, edge2);
edge3 := TwoEdgeInitialize();
edge3`Blocks := {@ PowerSet(IntegerRing()) |
{ IntegerRing() | 1, 5 },
{ IntegerRing() | 2, 6 },
{ IntegerRing() | 3, 14 },
{ IntegerRing() | 4, 10 },
{ IntegerRing() | 7, 21 },
{ IntegerRing() | 8, 15 },
{ IntegerRing() | 9, 22 },
{ IntegerRing() | 11, 23 },
{ IntegerRing() | 12, 27 },
{ IntegerRing() | 13, 29 },
{ IntegerRing() | 16, 38 },
{ IntegerRing() | 17, 19 },
{ IntegerRing() | 18, 30 },
{ IntegerRing() | 20, 33 },
{ IntegerRing() | 24, 26 },
{ IntegerRing() | 25, 36 },
{ IntegerRing() | 28, 41 },
{ IntegerRing() | 31, 35 },
{ IntegerRing() | 32, 51 },
{ IntegerRing() | 34, 52 },
{ IntegerRing() | 37, 43 },
{ IntegerRing() | 39, 44 },
{ IntegerRing() | 40, 55 },
{ IntegerRing() | 42, 58 },
{ IntegerRing() | 45, 48 },
{ IntegerRing() | 46, 49 },
{ IntegerRing() | 47, 56 },
{ IntegerRing() | 50, 57 },
{ IntegerRing() | 53, 59 },
{ IntegerRing() | 54, 61 },
{ IntegerRing() | 60, 63 },
{ IntegerRing() | 62, 64 }
@};
edge3`UpstairsTriple := [ PermutationGroup<64 |  
\[ 2, 3, 4, 5, 6, 7, 8, 9, 10, 11, 12, 13, 14, 15, 16, 17, 18, 19, 20, 21, 22, 23, 24, 25, 26, 27, 28, 29, 30, 31, 32, 33, 34, 35, 36, 37, 38, 39, 40, 41, 42, 43, 44, 45, 46, 47, 48, 49, 50, 51, 52, 53, 54, 55, 56, 57, 58, 59, 60, 61, 62, 63, 64, 1 ],
\[ 2, 1, 3, 4, 5, 6, 7, 8, 9, 10, 11, 12, 13, 14, 15, 16, 17, 18, 19, 20, 21, 22, 23, 24, 25, 26, 27, 28, 29, 30, 31, 32, 33, 34, 35, 36, 37, 38, 39, 40, 41, 42, 43, 44, 45, 46, 47, 48, 49, 50, 51, 52, 53, 54, 55, 56, 57, 58, 59, 60, 61, 62, 63, 64 ]:
 Order := 126886932185884164103433389335161480802865516174545192198801894375214704230400000000000000 > |
[ 2, 5, 8, 17, 6, 1, 24, 14, 11, 19, 22, 16, 31, 15, 3, 27, 10, 28, 4, 32, 26, 23, 9, 21, 34, 7, 38, 30, 35, 41, 29, 33, 51, 36, 13, 52, 47, 12, 42, 54, 18, 44, 56, 58, 46, 48, 43, 49, 45, 53, 20, 25, 57, 55, 61, 37, 59, 39, 50, 62, 40, 63, 64, 60 ],
[ 3, 9, 12, 6, 14, 22, 1, 28, 20, 2, 34, 21, 15, 27, 41, 42, 45, 19, 48, 4, 5, 33, 52, 46, 26, 49, 7, 40, 8, 17, 23, 54, 10, 44, 11, 24, 38, 58, 35, 13, 55, 60, 16, 31, 47, 53, 18, 56, 59, 51, 61, 39, 25, 62, 29, 30, 32, 63, 36, 37, 64, 50, 43, 57 ],
[ 4, 7, 13, 18, 10, 21, 25, 1, 31, 30, 2, 37, 39, 29, 5, 3, 20, 15, 33, 50, 36, 35, 6, 27, 23, 12, 43, 47, 44, 8, 40, 9, 57, 53, 55, 11, 48, 14, 38, 51, 56, 52, 45, 16, 26, 17, 60, 24, 19, 49, 22, 59, 62, 28, 32, 63, 46, 34, 64, 61, 41, 42, 54, 58 ]
];
edge3`UpstairsFilename := "64S5-4,8,8-g17-2178050210.m";
edge3`DownstairsTriple := [ PermutationGroup<32 |  
\[ 2, 3, 4, 5, 6, 7, 8, 9, 10, 11, 12, 13, 14, 15, 16, 17, 18, 19, 20, 21, 22, 23, 24, 25, 26, 27, 28, 29, 30, 31, 32, 1 ],
\[ 2, 1, 3, 4, 5, 6, 7, 8, 9, 10, 11, 12, 13, 14, 15, 16, 17, 18, 19, 20, 21, 22, 23, 24, 25, 26, 27, 28, 29, 30, 31, 32 ]:
 Order := 263130836933693530167218012160000000 > |
[ 2, 1, 7, 15, 9, 21, 3, 10, 5, 8, 14, 24, 20, 11, 4, 23, 29, 26, 31, 13, 6, 28, 16, 12, 27, 18, 25, 22, 17, 32, 19, 30 ],
[ 3, 8, 11, 2, 13, 1, 23, 18, 25, 28, 6, 7, 26, 17, 32, 15, 9, 4, 5, 22, 30, 21, 31, 10, 14, 19, 16, 29, 24, 20, 12, 27 ],
[ 4, 6, 12, 16, 17, 22, 1, 24, 19, 2, 25, 29, 30, 3, 18, 7, 28, 13, 23, 5, 11, 10, 27, 31, 32, 8, 9, 20, 14, 15, 26, 21 ]
];
edge3`DownstairsFilename := "32S6-2,4,4-g1-2396187220.m";
Append(~s`Edges, edge3);

/*
Return for eval
*/

return s;
