s := TwoDBInitialize();

/*
Magma printing
*/

s`Name := "64S50-32,16,32-g29-1010273487";
s`Filename := "64S50-32,16,32-g29-1010273487.m";
s`Degree := 64;
s`Orders := \[ 32, 16, 32 ];
s`Geometry := "Hyperbolic";
s`Genus := 29;
s`Level := 6;
s`PermutationTriple := [ PermutationGroup<64 |  
\[ 2, 3, 4, 5, 6, 7, 8, 9, 10, 11, 12, 13, 14, 15, 16, 17, 18, 19, 20, 21, 22, 23, 24, 25, 26, 27, 28, 29, 30, 31, 32, 33, 34, 35, 36, 37, 38, 39, 40, 41, 42, 43, 44, 45, 46, 47, 48, 49, 50, 51, 52, 53, 54, 55, 56, 57, 58, 59, 60, 61, 62, 63, 64, 1 ],
\[ 2, 1, 3, 4, 5, 6, 7, 8, 9, 10, 11, 12, 13, 14, 15, 16, 17, 18, 19, 20, 21, 22, 23, 24, 25, 26, 27, 28, 29, 30, 31, 32, 33, 34, 35, 36, 37, 38, 39, 40, 41, 42, 43, 44, 45, 46, 47, 48, 49, 50, 51, 52, 53, 54, 55, 56, 57, 58, 59, 60, 61, 62, 63, 64 ]:
 Order := 126886932185884164103433389335161480802865516174545192198801894375214704230400000000000000 > |
[ 2, 9, 8, 7, 10, 1, 11, 12, 21, 22, 23, 24, 4, 19, 3, 18, 5, 25, 26, 6, 33, 34, 35, 36, 37, 38, 16, 13, 14, 15, 17, 20, 45, 46, 47, 48, 49, 50, 27, 28, 29, 30, 31, 32, 54, 57, 56, 58, 59, 60, 39, 40, 41, 42, 43, 44, 62, 52, 63, 64, 51, 53, 55, 61 ],
[ 14, 19, 27, 17, 3, 29, 5, 16, 26, 8, 10, 18, 31, 13, 39, 6, 15, 1, 4, 41, 38, 12, 22, 25, 2, 7, 20, 43, 28, 51, 30, 53, 50, 24, 34, 37, 9, 11, 32, 55, 40, 61, 42, 62, 60, 36, 46, 49, 21, 23, 44, 63, 52, 64, 54, 57, 48, 59, 33, 35, 56, 58, 45, 47 ],
[ 16, 18, 17, 14, 4, 27, 19, 5, 25, 7, 26, 10, 29, 6, 31, 3, 13, 8, 1, 39, 37, 11, 38, 22, 12, 2, 15, 41, 20, 43, 28, 51, 49, 23, 50, 34, 24, 9, 30, 53, 32, 55, 40, 61, 59, 35, 60, 46, 36, 21, 42, 62, 44, 63, 52, 64, 47, 57, 48, 33, 54, 56, 58, 45 ]
];
s`MonodromyGroup := PermutationGroup<64 |  
\[ 2, 9, 8, 7, 10, 1, 11, 12, 21, 22, 23, 24, 4, 19, 3, 18, 5, 25, 26, 6, 33, 34, 35, 36, 37, 38, 16, 13, 14, 15, 17, 20, 45, 46, 47, 48, 49, 50, 27, 28, 29, 30, 31, 32, 54, 57, 56, 58, 59, 60, 39, 40, 41, 42, 43, 44, 62, 52, 63, 64, 51, 53, 55, 61 ],
\[ 14, 19, 27, 17, 3, 29, 5, 16, 26, 8, 10, 18, 31, 13, 39, 6, 15, 1, 4, 41, 38, 12, 22, 25, 2, 7, 20, 43, 28, 51, 30, 53, 50, 24, 34, 37, 9, 11, 32, 55, 40, 61, 42, 62, 60, 36, 46, 49, 21, 23, 44, 63, 52, 64, 54, 57, 48, 59, 33, 35, 56, 58, 45, 47 ],
\[ 16, 18, 17, 14, 4, 27, 19, 5, 25, 7, 26, 10, 29, 6, 31, 3, 13, 8, 1, 39, 37, 11, 38, 22, 12, 2, 15, 41, 20, 43, 28, 51, 49, 23, 50, 34, 24, 9, 30, 53, 32, 55, 40, 61, 59, 35, 60, 46, 36, 21, 42, 62, 44, 63, 52, 64, 47, 57, 48, 33, 54, 56, 58, 45 ] >;

/*
Edge printing
*/

s`Edges := [];
edge1 := TwoEdgeInitialize();
edge1`Blocks := {@ PowerSet(IntegerRing()) |
{ IntegerRing() | 1, 5 },
{ IntegerRing() | 2, 10 },
{ IntegerRing() | 3, 14 },
{ IntegerRing() | 4, 16 },
{ IntegerRing() | 6, 17 },
{ IntegerRing() | 7, 18 },
{ IntegerRing() | 8, 19 },
{ IntegerRing() | 9, 22 },
{ IntegerRing() | 11, 25 },
{ IntegerRing() | 12, 26 },
{ IntegerRing() | 13, 27 },
{ IntegerRing() | 15, 29 },
{ IntegerRing() | 20, 31 },
{ IntegerRing() | 21, 34 },
{ IntegerRing() | 23, 37 },
{ IntegerRing() | 24, 38 },
{ IntegerRing() | 28, 39 },
{ IntegerRing() | 30, 41 },
{ IntegerRing() | 32, 43 },
{ IntegerRing() | 33, 46 },
{ IntegerRing() | 35, 49 },
{ IntegerRing() | 36, 50 },
{ IntegerRing() | 40, 51 },
{ IntegerRing() | 42, 53 },
{ IntegerRing() | 44, 55 },
{ IntegerRing() | 45, 57 },
{ IntegerRing() | 47, 59 },
{ IntegerRing() | 48, 60 },
{ IntegerRing() | 52, 61 },
{ IntegerRing() | 54, 62 },
{ IntegerRing() | 56, 63 },
{ IntegerRing() | 58, 64 }
@};
edge1`UpstairsTriple := [ PermutationGroup<64 |  
\[ 2, 3, 4, 5, 6, 7, 8, 9, 10, 11, 12, 13, 14, 15, 16, 17, 18, 19, 20, 21, 22, 23, 24, 25, 26, 27, 28, 29, 30, 31, 32, 33, 34, 35, 36, 37, 38, 39, 40, 41, 42, 43, 44, 45, 46, 47, 48, 49, 50, 51, 52, 53, 54, 55, 56, 57, 58, 59, 60, 61, 62, 63, 64, 1 ],
\[ 2, 1, 3, 4, 5, 6, 7, 8, 9, 10, 11, 12, 13, 14, 15, 16, 17, 18, 19, 20, 21, 22, 23, 24, 25, 26, 27, 28, 29, 30, 31, 32, 33, 34, 35, 36, 37, 38, 39, 40, 41, 42, 43, 44, 45, 46, 47, 48, 49, 50, 51, 52, 53, 54, 55, 56, 57, 58, 59, 60, 61, 62, 63, 64 ]:
 Order := 126886932185884164103433389335161480802865516174545192198801894375214704230400000000000000 > |
[ 2, 9, 8, 7, 10, 1, 11, 12, 21, 22, 23, 24, 4, 19, 3, 18, 5, 25, 26, 6, 33, 34, 35, 36, 37, 38, 16, 13, 14, 15, 17, 20, 45, 46, 47, 48, 49, 50, 27, 28, 29, 30, 31, 32, 54, 57, 56, 58, 59, 60, 39, 40, 41, 42, 43, 44, 62, 52, 63, 64, 51, 53, 55, 61 ],
[ 14, 19, 27, 17, 3, 29, 5, 16, 26, 8, 10, 18, 31, 13, 39, 6, 15, 1, 4, 41, 38, 12, 22, 25, 2, 7, 20, 43, 28, 51, 30, 53, 50, 24, 34, 37, 9, 11, 32, 55, 40, 61, 42, 62, 60, 36, 46, 49, 21, 23, 44, 63, 52, 64, 54, 57, 48, 59, 33, 35, 56, 58, 45, 47 ],
[ 16, 18, 17, 14, 4, 27, 19, 5, 25, 7, 26, 10, 29, 6, 31, 3, 13, 8, 1, 39, 37, 11, 38, 22, 12, 2, 15, 41, 20, 43, 28, 51, 49, 23, 50, 34, 24, 9, 30, 53, 32, 55, 40, 61, 59, 35, 60, 46, 36, 21, 42, 62, 44, 63, 52, 64, 47, 57, 48, 33, 54, 56, 58, 45 ]
];
edge1`UpstairsFilename := "64S50-32,16,32-g29-1010273487.m";
edge1`DownstairsTriple := [ PermutationGroup<32 |  
\[ 2, 3, 4, 5, 6, 7, 8, 9, 10, 11, 12, 13, 14, 15, 16, 17, 18, 19, 20, 21, 22, 23, 24, 25, 26, 27, 28, 29, 30, 31, 32, 1 ],
\[ 2, 1, 3, 4, 5, 6, 7, 8, 9, 10, 11, 12, 13, 14, 15, 16, 17, 18, 19, 20, 21, 22, 23, 24, 25, 26, 27, 28, 29, 30, 31, 32 ]:
 Order := 263130836933693530167218012160000000 > |
[ 2, 9, 8, 7, 10, 1, 11, 12, 21, 22, 23, 24, 4, 19, 3, 18, 5, 25, 26, 6, 27, 28, 29, 31, 30, 32, 16, 13, 14, 15, 17, 20 ],
[ 3, 8, 13, 6, 14, 15, 1, 4, 12, 19, 2, 7, 20, 27, 28, 17, 29, 5, 16, 30, 24, 26, 9, 11, 10, 18, 31, 32, 21, 22, 23, 25 ],
[ 4, 7, 6, 3, 16, 13, 8, 1, 11, 18, 12, 2, 15, 17, 20, 14, 27, 19, 5, 28, 23, 25, 24, 9, 26, 10, 29, 30, 31, 32, 21, 22 ]
];
edge1`DownstairsFilename := "32S1-32,16,32-g15-2309967351.m";
Append(~s`Edges, edge1);
edge2 := TwoEdgeInitialize();
edge2`Blocks := {@ PowerSet(IntegerRing()) |
{ IntegerRing() | 1, 5 },
{ IntegerRing() | 2, 10 },
{ IntegerRing() | 3, 14 },
{ IntegerRing() | 4, 18 },
{ IntegerRing() | 6, 21 },
{ IntegerRing() | 7, 22 },
{ IntegerRing() | 8, 23 },
{ IntegerRing() | 9, 28 },
{ IntegerRing() | 11, 31 },
{ IntegerRing() | 12, 32 },
{ IntegerRing() | 13, 36 },
{ IntegerRing() | 15, 39 },
{ IntegerRing() | 16, 40 },
{ IntegerRing() | 17, 43 },
{ IntegerRing() | 19, 45 },
{ IntegerRing() | 20, 46 },
{ IntegerRing() | 24, 49 },
{ IntegerRing() | 25, 50 },
{ IntegerRing() | 26, 51 },
{ IntegerRing() | 27, 37 },
{ IntegerRing() | 29, 41 },
{ IntegerRing() | 30, 55 },
{ IntegerRing() | 33, 52 },
{ IntegerRing() | 34, 57 },
{ IntegerRing() | 35, 54 },
{ IntegerRing() | 38, 60 },
{ IntegerRing() | 42, 61 },
{ IntegerRing() | 44, 62 },
{ IntegerRing() | 47, 58 },
{ IntegerRing() | 48, 63 },
{ IntegerRing() | 53, 64 },
{ IntegerRing() | 56, 59 }
@};
edge2`UpstairsTriple := [ PermutationGroup<64 |  
\[ 2, 3, 4, 5, 6, 7, 8, 9, 10, 11, 12, 13, 14, 15, 16, 17, 18, 19, 20, 21, 22, 23, 24, 25, 26, 27, 28, 29, 30, 31, 32, 33, 34, 35, 36, 37, 38, 39, 40, 41, 42, 43, 44, 45, 46, 47, 48, 49, 50, 51, 52, 53, 54, 55, 56, 57, 58, 59, 60, 61, 62, 63, 64, 1 ],
\[ 2, 1, 3, 4, 5, 6, 7, 8, 9, 10, 11, 12, 13, 14, 15, 16, 17, 18, 19, 20, 21, 22, 23, 24, 25, 26, 27, 28, 29, 30, 31, 32, 33, 34, 35, 36, 37, 38, 39, 40, 41, 42, 43, 44, 45, 46, 47, 48, 49, 50, 51, 52, 53, 54, 55, 56, 57, 58, 59, 60, 61, 62, 63, 64 ]:
 Order := 126886932185884164103433389335161480802865516174545192198801894375214704230400000000000000 > |
[ 2, 9, 8, 7, 10, 1, 11, 12, 27, 28, 29, 30, 16, 23, 3, 26, 20, 22, 4, 25, 5, 31, 32, 6, 33, 34, 36, 37, 39, 54, 41, 55, 49, 56, 38, 40, 13, 42, 14, 51, 15, 48, 46, 17, 18, 50, 19, 53, 21, 52, 57, 24, 58, 60, 35, 62, 59, 45, 44, 61, 63, 43, 64, 47 ],
[ 3, 8, 13, 6, 14, 15, 1, 16, 12, 23, 2, 26, 35, 36, 37, 38, 19, 21, 24, 4, 39, 5, 40, 41, 7, 42, 30, 32, 9, 34, 10, 51, 11, 48, 59, 54, 55, 44, 27, 60, 28, 17, 45, 47, 49, 18, 52, 20, 29, 22, 61, 31, 25, 56, 57, 53, 63, 33, 64, 62, 43, 58, 46, 50 ],
[ 4, 7, 6, 17, 18, 19, 20, 1, 11, 22, 25, 2, 15, 21, 24, 3, 38, 43, 44, 42, 45, 46, 5, 47, 48, 8, 29, 31, 33, 9, 50, 10, 53, 12, 37, 39, 41, 13, 49, 14, 52, 16, 60, 35, 62, 61, 59, 26, 58, 63, 23, 64, 34, 27, 28, 30, 32, 56, 55, 36, 40, 54, 51, 57 ]
];
edge2`UpstairsFilename := "64S50-32,16,32-g29-2351629449.m";
edge2`DownstairsTriple := [ PermutationGroup<32 |  
\[ 2, 3, 4, 5, 6, 7, 8, 9, 10, 11, 12, 13, 14, 15, 16, 17, 18, 19, 20, 21, 22, 23, 24, 25, 26, 27, 28, 29, 30, 31, 32, 1 ],
\[ 2, 1, 3, 4, 5, 6, 7, 8, 9, 10, 11, 12, 13, 14, 15, 16, 17, 18, 19, 20, 21, 22, 23, 24, 25, 26, 27, 28, 29, 30, 31, 32 ]:
 Order := 263130836933693530167218012160000000 > |
[ 2, 9, 8, 7, 10, 1, 11, 12, 21, 22, 23, 24, 4, 19, 3, 18, 5, 25, 26, 6, 13, 30, 15, 20, 31, 32, 16, 14, 17, 27, 28, 29 ],
[ 14, 19, 27, 17, 3, 28, 5, 16, 26, 8, 10, 18, 29, 13, 30, 6, 15, 1, 4, 31, 32, 12, 22, 25, 2, 7, 20, 21, 23, 24, 9, 11 ],
[ 16, 18, 17, 14, 4, 27, 19, 5, 25, 7, 26, 10, 28, 6, 29, 3, 13, 8, 1, 30, 31, 11, 32, 22, 12, 2, 15, 20, 21, 23, 24, 9 ]
];
edge2`DownstairsFilename := "32S16-16,8,16-g13-3255521973.m";
Append(~s`Edges, edge2);
edge3 := TwoEdgeInitialize();
edge3`Blocks := {@ PowerSet(IntegerRing()) |
{ IntegerRing() | 1, 5 },
{ IntegerRing() | 2, 10 },
{ IntegerRing() | 3, 14 },
{ IntegerRing() | 4, 18 },
{ IntegerRing() | 6, 21 },
{ IntegerRing() | 7, 22 },
{ IntegerRing() | 8, 23 },
{ IntegerRing() | 9, 28 },
{ IntegerRing() | 11, 31 },
{ IntegerRing() | 12, 32 },
{ IntegerRing() | 13, 36 },
{ IntegerRing() | 15, 39 },
{ IntegerRing() | 16, 40 },
{ IntegerRing() | 17, 43 },
{ IntegerRing() | 19, 45 },
{ IntegerRing() | 20, 46 },
{ IntegerRing() | 24, 48 },
{ IntegerRing() | 25, 49 },
{ IntegerRing() | 26, 50 },
{ IntegerRing() | 27, 52 },
{ IntegerRing() | 29, 53 },
{ IntegerRing() | 30, 54 },
{ IntegerRing() | 33, 55 },
{ IntegerRing() | 34, 56 },
{ IntegerRing() | 35, 57 },
{ IntegerRing() | 37, 58 },
{ IntegerRing() | 38, 59 },
{ IntegerRing() | 41, 60 },
{ IntegerRing() | 42, 61 },
{ IntegerRing() | 44, 62 },
{ IntegerRing() | 47, 63 },
{ IntegerRing() | 51, 64 }
@};
edge3`UpstairsTriple := [ PermutationGroup<64 |  
\[ 2, 3, 4, 5, 6, 7, 8, 9, 10, 11, 12, 13, 14, 15, 16, 17, 18, 19, 20, 21, 22, 23, 24, 25, 26, 27, 28, 29, 30, 31, 32, 33, 34, 35, 36, 37, 38, 39, 40, 41, 42, 43, 44, 45, 46, 47, 48, 49, 50, 51, 52, 53, 54, 55, 56, 57, 58, 59, 60, 61, 62, 63, 64, 1 ],
\[ 2, 1, 3, 4, 5, 6, 7, 8, 9, 10, 11, 12, 13, 14, 15, 16, 17, 18, 19, 20, 21, 22, 23, 24, 25, 26, 27, 28, 29, 30, 31, 32, 33, 34, 35, 36, 37, 38, 39, 40, 41, 42, 43, 44, 45, 46, 47, 48, 49, 50, 51, 52, 53, 54, 55, 56, 57, 58, 59, 60, 61, 62, 63, 64 ]:
 Order := 126886932185884164103433389335161480802865516174545192198801894375214704230400000000000000 > |
[ 2, 9, 8, 7, 10, 1, 11, 12, 27, 28, 29, 30, 16, 23, 3, 26, 20, 22, 4, 25, 5, 31, 32, 6, 33, 34, 19, 52, 44, 24, 53, 54, 35, 41, 38, 40, 13, 42, 14, 50, 15, 47, 46, 17, 18, 49, 51, 21, 55, 56, 37, 45, 62, 48, 57, 60, 59, 36, 61, 39, 63, 43, 64, 58 ],
[ 14, 23, 36, 21, 3, 39, 5, 40, 32, 8, 10, 50, 57, 13, 58, 59, 45, 6, 48, 18, 15, 1, 16, 60, 22, 61, 54, 12, 28, 56, 2, 26, 31, 63, 53, 35, 55, 62, 37, 38, 64, 43, 19, 52, 24, 4, 46, 41, 7, 42, 49, 30, 9, 34, 11, 47, 29, 33, 44, 51, 17, 27, 20, 25 ],
[ 18, 22, 21, 43, 4, 45, 46, 5, 31, 7, 49, 10, 39, 6, 48, 14, 59, 17, 62, 61, 19, 20, 1, 52, 63, 23, 53, 11, 55, 28, 25, 2, 64, 32, 58, 15, 60, 36, 24, 3, 54, 40, 38, 57, 44, 42, 50, 27, 47, 8, 56, 29, 33, 9, 51, 12, 37, 41, 13, 30, 16, 35, 26, 34 ]
];
edge3`UpstairsFilename := "64S50-32,16,32-g29-1357214828.m";
edge3`DownstairsTriple := [ PermutationGroup<32 |  
\[ 2, 3, 4, 5, 6, 7, 8, 9, 10, 11, 12, 13, 14, 15, 16, 17, 18, 19, 20, 21, 22, 23, 24, 25, 26, 27, 28, 29, 30, 31, 32, 1 ],
\[ 2, 1, 3, 4, 5, 6, 7, 8, 9, 10, 11, 12, 13, 14, 15, 16, 17, 18, 19, 20, 21, 22, 23, 24, 25, 26, 27, 28, 29, 30, 31, 32 ]:
 Order := 263130836933693530167218012160000000 > |
[ 2, 9, 8, 7, 10, 1, 11, 12, 21, 22, 23, 24, 4, 19, 3, 18, 5, 25, 26, 6, 27, 28, 29, 31, 30, 32, 16, 13, 14, 15, 17, 20 ],
[ 14, 19, 27, 17, 3, 29, 5, 16, 26, 8, 10, 18, 31, 13, 21, 6, 15, 1, 4, 23, 32, 12, 22, 25, 2, 7, 20, 24, 28, 9, 30, 11 ],
[ 16, 18, 17, 14, 4, 27, 19, 5, 25, 7, 26, 10, 29, 6, 31, 3, 13, 8, 1, 21, 30, 11, 32, 22, 12, 2, 15, 23, 20, 24, 28, 9 ]
];
edge3`DownstairsFilename := "32S1-32,16,32-g15-3193795274.m";
Append(~s`Edges, edge3);

/*
Return for eval
*/

return s;
