s := TwoDBInitialize();

/*
Magma printing
*/

s`Name := "64S5-4,8,8-g17-395458106";
s`Filename := "64S5-4,8,8-g17-395458106.m";
s`Degree := 64;
s`Orders := \[ 4, 8, 8 ];
s`Geometry := "Hyperbolic";
s`Genus := 17;
s`Level := 6;
s`PermutationTriple := [ PermutationGroup<64 |  
\[ 2, 3, 4, 5, 6, 7, 8, 9, 10, 11, 12, 13, 14, 15, 16, 17, 18, 19, 20, 21, 22, 23, 24, 25, 26, 27, 28, 29, 30, 31, 32, 33, 34, 35, 36, 37, 38, 39, 40, 41, 42, 43, 44, 45, 46, 47, 48, 49, 50, 51, 52, 53, 54, 55, 56, 57, 58, 59, 60, 61, 62, 63, 64, 1 ],
\[ 2, 1, 3, 4, 5, 6, 7, 8, 9, 10, 11, 12, 13, 14, 15, 16, 17, 18, 19, 20, 21, 22, 23, 24, 25, 26, 27, 28, 29, 30, 31, 32, 33, 34, 35, 36, 37, 38, 39, 40, 41, 42, 43, 44, 45, 46, 47, 48, 49, 50, 51, 52, 53, 54, 55, 56, 57, 58, 59, 60, 61, 62, 63, 64 ]:
 Order := 126886932185884164103433389335161480802865516174545192198801894375214704230400000000000000 > |
[ 6, 1, 8, 20, 2, 5, 26, 15, 11, 24, 22, 3, 16, 35, 12, 32, 4, 33, 17, 19, 34, 23, 9, 7, 18, 10, 21, 30, 31, 36, 14, 38, 45, 43, 29, 37, 28, 13, 40, 53, 42, 56, 27, 55, 25, 50, 44, 46, 48, 49, 39, 41, 51, 47, 54, 52, 58, 64, 60, 63, 57, 59, 62, 61 ],
[ 3, 9, 13, 2, 15, 22, 1, 28, 16, 5, 30, 36, 39, 12, 32, 41, 35, 17, 6, 31, 4, 38, 37, 29, 24, 14, 7, 51, 8, 52, 23, 53, 26, 10, 11, 40, 42, 56, 57, 59, 61, 62, 19, 25, 20, 18, 27, 21, 45, 43, 63, 60, 64, 33, 34, 58, 47, 50, 54, 46, 48, 49, 44, 55 ],
[ 4, 10, 14, 18, 19, 7, 25, 1, 31, 33, 2, 5, 22, 20, 29, 3, 43, 44, 45, 21, 47, 35, 6, 34, 49, 27, 50, 23, 17, 8, 24, 9, 46, 48, 26, 11, 12, 15, 28, 13, 30, 16, 55, 57, 54, 61, 59, 62, 58, 60, 32, 38, 36, 64, 63, 37, 41, 39, 42, 40, 53, 51, 52, 56 ]
];
s`MonodromyGroup := PermutationGroup<64 |  
\[ 6, 1, 8, 20, 2, 5, 26, 15, 11, 24, 22, 3, 16, 35, 12, 32, 4, 33, 17, 19, 34, 23, 9, 7, 18, 10, 21, 30, 31, 36, 14, 38, 45, 43, 29, 37, 28, 13, 40, 53, 42, 56, 27, 55, 25, 50, 44, 46, 48, 49, 39, 41, 51, 47, 54, 52, 58, 64, 60, 63, 57, 59, 62, 61 ],
\[ 3, 9, 13, 2, 15, 22, 1, 28, 16, 5, 30, 36, 39, 12, 32, 41, 35, 17, 6, 31, 4, 38, 37, 29, 24, 14, 7, 51, 8, 52, 23, 53, 26, 10, 11, 40, 42, 56, 57, 59, 61, 62, 19, 25, 20, 18, 27, 21, 45, 43, 63, 60, 64, 33, 34, 58, 47, 50, 54, 46, 48, 49, 44, 55 ],
\[ 4, 10, 14, 18, 19, 7, 25, 1, 31, 33, 2, 5, 22, 20, 29, 3, 43, 44, 45, 21, 47, 35, 6, 34, 49, 27, 50, 23, 17, 8, 24, 9, 46, 48, 26, 11, 12, 15, 28, 13, 30, 16, 55, 57, 54, 61, 59, 62, 58, 60, 32, 38, 36, 64, 63, 37, 41, 39, 42, 40, 53, 51, 52, 56 ] >;

/*
Edge printing
*/

s`Edges := [];
edge1 := TwoEdgeInitialize();
edge1`Blocks := {@ PowerSet(IntegerRing()) |
{ IntegerRing() | 1, 5 },
{ IntegerRing() | 2, 6 },
{ IntegerRing() | 3, 15 },
{ IntegerRing() | 4, 19 },
{ IntegerRing() | 7, 10 },
{ IntegerRing() | 8, 12 },
{ IntegerRing() | 9, 22 },
{ IntegerRing() | 11, 23 },
{ IntegerRing() | 13, 32 },
{ IntegerRing() | 14, 29 },
{ IntegerRing() | 16, 38 },
{ IntegerRing() | 17, 20 },
{ IntegerRing() | 18, 45 },
{ IntegerRing() | 21, 43 },
{ IntegerRing() | 24, 26 },
{ IntegerRing() | 25, 33 },
{ IntegerRing() | 27, 34 },
{ IntegerRing() | 28, 36 },
{ IntegerRing() | 30, 37 },
{ IntegerRing() | 31, 35 },
{ IntegerRing() | 39, 53 },
{ IntegerRing() | 40, 51 },
{ IntegerRing() | 41, 56 },
{ IntegerRing() | 42, 52 },
{ IntegerRing() | 44, 54 },
{ IntegerRing() | 46, 49 },
{ IntegerRing() | 47, 55 },
{ IntegerRing() | 48, 50 },
{ IntegerRing() | 57, 64 },
{ IntegerRing() | 58, 61 },
{ IntegerRing() | 59, 63 },
{ IntegerRing() | 60, 62 }
@};
edge1`UpstairsTriple := [ PermutationGroup<64 |  
\[ 2, 3, 4, 5, 6, 7, 8, 9, 10, 11, 12, 13, 14, 15, 16, 17, 18, 19, 20, 21, 22, 23, 24, 25, 26, 27, 28, 29, 30, 31, 32, 33, 34, 35, 36, 37, 38, 39, 40, 41, 42, 43, 44, 45, 46, 47, 48, 49, 50, 51, 52, 53, 54, 55, 56, 57, 58, 59, 60, 61, 62, 63, 64, 1 ],
\[ 2, 1, 3, 4, 5, 6, 7, 8, 9, 10, 11, 12, 13, 14, 15, 16, 17, 18, 19, 20, 21, 22, 23, 24, 25, 26, 27, 28, 29, 30, 31, 32, 33, 34, 35, 36, 37, 38, 39, 40, 41, 42, 43, 44, 45, 46, 47, 48, 49, 50, 51, 52, 53, 54, 55, 56, 57, 58, 59, 60, 61, 62, 63, 64 ]:
 Order := 126886932185884164103433389335161480802865516174545192198801894375214704230400000000000000 > |
[ 6, 1, 8, 20, 2, 5, 26, 15, 11, 24, 22, 3, 16, 35, 12, 32, 4, 33, 17, 19, 34, 23, 9, 7, 18, 10, 21, 30, 31, 36, 14, 38, 45, 43, 29, 37, 28, 13, 40, 53, 42, 56, 27, 55, 25, 50, 44, 46, 48, 49, 39, 41, 51, 47, 54, 52, 58, 64, 60, 63, 57, 59, 62, 61 ],
[ 3, 9, 13, 2, 15, 22, 1, 28, 16, 5, 30, 36, 39, 12, 32, 41, 35, 17, 6, 31, 4, 38, 37, 29, 24, 14, 7, 51, 8, 52, 23, 53, 26, 10, 11, 40, 42, 56, 57, 59, 61, 62, 19, 25, 20, 18, 27, 21, 45, 43, 63, 60, 64, 33, 34, 58, 47, 50, 54, 46, 48, 49, 44, 55 ],
[ 4, 10, 14, 18, 19, 7, 25, 1, 31, 33, 2, 5, 22, 20, 29, 3, 43, 44, 45, 21, 47, 35, 6, 34, 49, 27, 50, 23, 17, 8, 24, 9, 46, 48, 26, 11, 12, 15, 28, 13, 30, 16, 55, 57, 54, 61, 59, 62, 58, 60, 32, 38, 36, 64, 63, 37, 41, 39, 42, 40, 53, 51, 52, 56 ]
];
edge1`UpstairsFilename := "64S5-4,8,8-g17-395458106.m";
edge1`DownstairsTriple := [ PermutationGroup<32 |  
\[ 2, 3, 4, 5, 6, 7, 8, 9, 10, 11, 12, 13, 14, 15, 16, 17, 18, 19, 20, 21, 22, 23, 24, 25, 26, 27, 28, 29, 30, 31, 32, 1 ],
\[ 2, 1, 3, 4, 5, 6, 7, 8, 9, 10, 11, 12, 13, 14, 15, 16, 17, 18, 19, 20, 21, 22, 23, 24, 25, 26, 27, 28, 29, 30, 31, 32 ]:
 Order := 263130836933693530167218012160000000 > |
[ 2, 1, 7, 15, 9, 21, 3, 10, 5, 8, 14, 26, 20, 11, 4, 22, 31, 23, 29, 13, 6, 16, 18, 25, 24, 12, 28, 27, 19, 32, 17, 30 ],
[ 3, 8, 11, 2, 13, 1, 24, 14, 27, 25, 19, 7, 23, 17, 26, 15, 9, 4, 5, 22, 12, 21, 6, 29, 31, 10, 18, 16, 30, 20, 32, 28 ],
[ 4, 6, 12, 16, 17, 22, 1, 26, 19, 2, 8, 15, 30, 3, 18, 20, 25, 13, 24, 5, 23, 28, 27, 10, 7, 21, 32, 9, 11, 31, 14, 29 ]
];
edge1`DownstairsFilename := "32S5-2,8,8-g5-761536575.m";
Append(~s`Edges, edge1);
edge2 := TwoEdgeInitialize();
edge2`Blocks := {@ PowerSet(IntegerRing()) |
{ IntegerRing() | 1, 5 },
{ IntegerRing() | 2, 12 },
{ IntegerRing() | 3, 18 },
{ IntegerRing() | 4, 24 },
{ IntegerRing() | 6, 22 },
{ IntegerRing() | 7, 11 },
{ IntegerRing() | 8, 15 },
{ IntegerRing() | 9, 40 },
{ IntegerRing() | 10, 45 },
{ IntegerRing() | 13, 39 },
{ IntegerRing() | 14, 43 },
{ IntegerRing() | 16, 47 },
{ IntegerRing() | 17, 60 },
{ IntegerRing() | 19, 42 },
{ IntegerRing() | 20, 59 },
{ IntegerRing() | 21, 53 },
{ IntegerRing() | 23, 62 },
{ IntegerRing() | 25, 52 },
{ IntegerRing() | 26, 61 },
{ IntegerRing() | 27, 54 },
{ IntegerRing() | 28, 41 },
{ IntegerRing() | 29, 46 },
{ IntegerRing() | 30, 48 },
{ IntegerRing() | 31, 49 },
{ IntegerRing() | 32, 50 },
{ IntegerRing() | 33, 51 },
{ IntegerRing() | 34, 38 },
{ IntegerRing() | 35, 56 },
{ IntegerRing() | 36, 57 },
{ IntegerRing() | 37, 58 },
{ IntegerRing() | 44, 64 },
{ IntegerRing() | 55, 63 }
@};
edge2`UpstairsTriple := [ PermutationGroup<64 |  
\[ 2, 3, 4, 5, 6, 7, 8, 9, 10, 11, 12, 13, 14, 15, 16, 17, 18, 19, 20, 21, 22, 23, 24, 25, 26, 27, 28, 29, 30, 31, 32, 33, 34, 35, 36, 37, 38, 39, 40, 41, 42, 43, 44, 45, 46, 47, 48, 49, 50, 51, 52, 53, 54, 55, 56, 57, 58, 59, 60, 61, 62, 63, 64, 1 ],
\[ 2, 1, 3, 4, 5, 6, 7, 8, 9, 10, 11, 12, 13, 14, 15, 16, 17, 18, 19, 20, 21, 22, 23, 24, 25, 26, 27, 28, 29, 30, 31, 32, 33, 34, 35, 36, 37, 38, 39, 40, 41, 42, 43, 44, 45, 46, 47, 48, 49, 50, 51, 52, 53, 54, 55, 56, 57, 58, 59, 60, 61, 62, 63, 64 ]:
 Order := 126886932185884164103433389335161480802865516174545192198801894375214704230400000000000000 > |
[ 12, 40, 8, 53, 2, 5, 48, 38, 22, 14, 30, 9, 25, 27, 34, 20, 64, 15, 18, 51, 13, 1, 56, 21, 24, 47, 29, 32, 10, 28, 23, 11, 26, 19, 37, 63, 49, 42, 52, 6, 50, 3, 54, 57, 43, 45, 59, 41, 62, 7, 61, 4, 39, 46, 60, 58, 55, 31, 33, 44, 16, 35, 17, 36 ],
[ 3, 10, 16, 22, 18, 27, 1, 35, 38, 26, 5, 45, 2, 23, 56, 28, 42, 47, 31, 13, 55, 54, 52, 6, 44, 4, 59, 40, 58, 60, 50, 57, 7, 33, 30, 8, 21, 51, 12, 34, 9, 49, 62, 29, 61, 37, 41, 17, 32, 36, 11, 64, 63, 20, 14, 48, 15, 53, 39, 19, 24, 25, 43, 46 ],
[ 4, 11, 17, 23, 24, 28, 31, 1, 39, 44, 49, 7, 37, 2, 5, 45, 53, 60, 40, 3, 61, 41, 19, 62, 20, 34, 55, 35, 6, 51, 29, 16, 27, 57, 43, 52, 8, 36, 58, 13, 56, 9, 12, 30, 64, 22, 10, 33, 46, 47, 54, 59, 26, 63, 32, 14, 25, 15, 18, 21, 38, 42, 50, 48 ]
];
edge2`UpstairsFilename := "64S5-4,8,8-g17-3688204811.m";
edge2`DownstairsTriple := [ PermutationGroup<32 |  
\[ 2, 3, 4, 5, 6, 7, 8, 9, 10, 11, 12, 13, 14, 15, 16, 17, 18, 19, 20, 21, 22, 23, 24, 25, 26, 27, 28, 29, 30, 31, 32, 1 ],
\[ 2, 1, 3, 4, 5, 6, 7, 8, 9, 10, 11, 12, 13, 14, 15, 16, 17, 18, 19, 20, 21, 22, 23, 24, 25, 26, 27, 28, 29, 30, 31, 32 ]:
 Order := 263130836933693530167218012160000000 > |
[ 6, 1, 8, 20, 2, 5, 26, 15, 11, 24, 22, 3, 16, 32, 12, 27, 4, 28, 17, 19, 13, 23, 9, 7, 18, 10, 21, 30, 31, 25, 14, 29 ],
[ 3, 9, 13, 2, 15, 22, 1, 28, 16, 5, 30, 25, 10, 12, 27, 19, 32, 17, 6, 31, 4, 21, 18, 29, 24, 14, 7, 26, 8, 20, 23, 11 ],
[ 4, 10, 14, 18, 19, 7, 25, 1, 31, 28, 2, 5, 22, 20, 29, 3, 16, 12, 30, 21, 15, 32, 6, 13, 11, 27, 9, 23, 17, 8, 24, 26 ]
];
edge2`DownstairsFilename := "32S8-4,8,8-g9-2104742026.m";
Append(~s`Edges, edge2);
edge3 := TwoEdgeInitialize();
edge3`Blocks := {@ PowerSet(IntegerRing()) |
{ IntegerRing() | 1, 5 },
{ IntegerRing() | 2, 11 },
{ IntegerRing() | 3, 16 },
{ IntegerRing() | 4, 21 },
{ IntegerRing() | 6, 24 },
{ IntegerRing() | 7, 25 },
{ IntegerRing() | 8, 26 },
{ IntegerRing() | 9, 38 },
{ IntegerRing() | 10, 41 },
{ IntegerRing() | 12, 42 },
{ IntegerRing() | 13, 43 },
{ IntegerRing() | 14, 33 },
{ IntegerRing() | 15, 49 },
{ IntegerRing() | 17, 50 },
{ IntegerRing() | 18, 23 },
{ IntegerRing() | 19, 53 },
{ IntegerRing() | 20, 37 },
{ IntegerRing() | 22, 56 },
{ IntegerRing() | 27, 58 },
{ IntegerRing() | 28, 59 },
{ IntegerRing() | 29, 55 },
{ IntegerRing() | 30, 48 },
{ IntegerRing() | 31, 35 },
{ IntegerRing() | 32, 60 },
{ IntegerRing() | 34, 61 },
{ IntegerRing() | 36, 62 },
{ IntegerRing() | 39, 45 },
{ IntegerRing() | 40, 63 },
{ IntegerRing() | 44, 46 },
{ IntegerRing() | 47, 64 },
{ IntegerRing() | 51, 54 },
{ IntegerRing() | 52, 57 }
@};
edge3`UpstairsTriple := [ PermutationGroup<64 |  
\[ 2, 3, 4, 5, 6, 7, 8, 9, 10, 11, 12, 13, 14, 15, 16, 17, 18, 19, 20, 21, 22, 23, 24, 25, 26, 27, 28, 29, 30, 31, 32, 33, 34, 35, 36, 37, 38, 39, 40, 41, 42, 43, 44, 45, 46, 47, 48, 49, 50, 51, 52, 53, 54, 55, 56, 57, 58, 59, 60, 61, 62, 63, 64, 1 ],
\[ 2, 1, 3, 4, 5, 6, 7, 8, 9, 10, 11, 12, 13, 14, 15, 16, 17, 18, 19, 20, 21, 22, 23, 24, 25, 26, 27, 28, 29, 30, 31, 32, 33, 34, 35, 36, 37, 38, 39, 40, 41, 42, 43, 44, 45, 46, 47, 48, 49, 50, 51, 52, 53, 54, 55, 56, 57, 58, 59, 60, 61, 62, 63, 64 ]:
 Order := 126886932185884164103433389335161480802865516174545192198801894375214704230400000000000000 > |
[ 2, 9, 8, 19, 11, 1, 30, 34, 6, 13, 38, 22, 27, 18, 40, 26, 3, 52, 12, 54, 53, 4, 57, 5, 48, 61, 29, 32, 10, 28, 20, 7, 23, 17, 37, 47, 51, 24, 14, 36, 43, 56, 58, 31, 33, 35, 15, 59, 63, 16, 46, 39, 42, 44, 41, 21, 45, 55, 60, 25, 50, 64, 62, 49 ],
[ 3, 10, 14, 6, 16, 27, 1, 35, 34, 39, 41, 2, 46, 25, 17, 33, 51, 21, 47, 22, 24, 40, 4, 58, 5, 31, 18, 9, 37, 15, 32, 36, 7, 52, 60, 8, 56, 61, 42, 29, 45, 11, 44, 19, 12, 53, 13, 49, 50, 54, 48, 59, 64, 30, 20, 63, 28, 23, 38, 62, 57, 26, 55, 43 ],
[ 4, 7, 15, 20, 21, 28, 31, 1, 12, 40, 25, 44, 2, 10, 19, 49, 9, 3, 23, 26, 37, 45, 16, 59, 35, 5, 47, 54, 6, 33, 43, 57, 41, 36, 13, 22, 8, 42, 34, 30, 63, 46, 11, 50, 61, 17, 32, 14, 53, 38, 29, 27, 18, 55, 24, 39, 58, 64, 51, 52, 62, 56, 48, 60 ]
];
edge3`UpstairsFilename := "64S5-4,8,8-g17-1647366127.m";
edge3`DownstairsTriple := [ PermutationGroup<32 |  
\[ 2, 3, 4, 5, 6, 7, 8, 9, 10, 11, 12, 13, 14, 15, 16, 17, 18, 19, 20, 21, 22, 23, 24, 25, 26, 27, 28, 29, 30, 31, 32, 1 ],
\[ 2, 1, 3, 4, 5, 6, 7, 8, 9, 10, 11, 12, 13, 14, 15, 16, 17, 18, 19, 20, 21, 22, 23, 24, 25, 26, 27, 28, 29, 30, 31, 32 ]:
 Order := 263130836933693530167218012160000000 > |
[ 6, 1, 8, 20, 2, 5, 25, 15, 11, 23, 21, 3, 16, 30, 12, 28, 4, 29, 17, 19, 22, 9, 7, 18, 10, 27, 14, 32, 31, 26, 24, 13 ],
[ 3, 9, 13, 2, 15, 21, 1, 24, 16, 5, 18, 29, 7, 12, 28, 4, 30, 17, 6, 27, 32, 31, 26, 23, 14, 8, 22, 10, 25, 11, 20, 19 ],
[ 4, 10, 14, 18, 19, 7, 24, 1, 27, 29, 2, 5, 21, 20, 26, 3, 32, 8, 31, 16, 30, 6, 28, 22, 13, 17, 23, 9, 11, 25, 12, 15 ]
];
edge3`DownstairsFilename := "32S6-4,4,4-g5-95305702.m";
Append(~s`Edges, edge3);

/*
Return for eval
*/

return s;
