s := TwoDBInitialize();

/*
Magma printing
*/

s`Name := "64S50-32,32,16-g29-793545482";
s`Filename := "64S50-32,32,16-g29-793545482.m";
s`Degree := 64;
s`Orders := \[ 32, 32, 16 ];
s`Geometry := "Hyperbolic";
s`Genus := 29;
s`Level := 6;
s`PermutationTriple := [ PermutationGroup<64 |  
\[ 2, 3, 4, 5, 6, 7, 8, 9, 10, 11, 12, 13, 14, 15, 16, 17, 18, 19, 20, 21, 22, 23, 24, 25, 26, 27, 28, 29, 30, 31, 32, 33, 34, 35, 36, 37, 38, 39, 40, 41, 42, 43, 44, 45, 46, 47, 48, 49, 50, 51, 52, 53, 54, 55, 56, 57, 58, 59, 60, 61, 62, 63, 64, 1 ],
\[ 2, 1, 3, 4, 5, 6, 7, 8, 9, 10, 11, 12, 13, 14, 15, 16, 17, 18, 19, 20, 21, 22, 23, 24, 25, 26, 27, 28, 29, 30, 31, 32, 33, 34, 35, 36, 37, 38, 39, 40, 41, 42, 43, 44, 45, 46, 47, 48, 49, 50, 51, 52, 53, 54, 55, 56, 57, 58, 59, 60, 61, 62, 63, 64 ]:
 Order := 126886932185884164103433389335161480802865516174545192198801894375214704230400000000000000 > |
[ 2, 9, 8, 7, 10, 1, 11, 12, 27, 28, 29, 30, 16, 23, 3, 26, 20, 22, 4, 25, 5, 31, 32, 6, 33, 34, 15, 52, 24, 37, 53, 54, 47, 42, 38, 40, 13, 41, 14, 50, 51, 35, 46, 17, 18, 49, 19, 21, 55, 56, 44, 39, 48, 58, 63, 61, 59, 36, 60, 64, 57, 43, 45, 62 ],
[ 14, 23, 36, 21, 3, 39, 5, 40, 32, 8, 10, 50, 57, 13, 58, 59, 45, 6, 48, 18, 15, 1, 16, 52, 22, 60, 54, 12, 28, 56, 2, 26, 31, 64, 43, 35, 61, 46, 37, 38, 49, 62, 19, 63, 24, 4, 53, 27, 7, 41, 55, 30, 9, 34, 11, 51, 17, 42, 20, 25, 44, 47, 29, 33 ],
[ 18, 22, 21, 43, 4, 45, 46, 5, 31, 7, 49, 10, 39, 6, 48, 14, 61, 17, 62, 57, 19, 20, 1, 63, 59, 23, 53, 11, 55, 28, 25, 2, 60, 32, 58, 15, 52, 36, 24, 3, 40, 54, 42, 56, 44, 35, 64, 47, 38, 8, 50, 29, 33, 9, 41, 12, 37, 27, 13, 16, 30, 34, 51, 26 ]
];
s`MonodromyGroup := PermutationGroup<64 |  
\[ 2, 9, 8, 7, 10, 1, 11, 12, 27, 28, 29, 30, 16, 23, 3, 26, 20, 22, 4, 25, 5, 31, 32, 6, 33, 34, 15, 52, 24, 37, 53, 54, 47, 42, 38, 40, 13, 41, 14, 50, 51, 35, 46, 17, 18, 49, 19, 21, 55, 56, 44, 39, 48, 58, 63, 61, 59, 36, 60, 64, 57, 43, 45, 62 ],
\[ 14, 23, 36, 21, 3, 39, 5, 40, 32, 8, 10, 50, 57, 13, 58, 59, 45, 6, 48, 18, 15, 1, 16, 52, 22, 60, 54, 12, 28, 56, 2, 26, 31, 64, 43, 35, 61, 46, 37, 38, 49, 62, 19, 63, 24, 4, 53, 27, 7, 41, 55, 30, 9, 34, 11, 51, 17, 42, 20, 25, 44, 47, 29, 33 ],
\[ 18, 22, 21, 43, 4, 45, 46, 5, 31, 7, 49, 10, 39, 6, 48, 14, 61, 17, 62, 57, 19, 20, 1, 63, 59, 23, 53, 11, 55, 28, 25, 2, 60, 32, 58, 15, 52, 36, 24, 3, 40, 54, 42, 56, 44, 35, 64, 47, 38, 8, 50, 29, 33, 9, 41, 12, 37, 27, 13, 16, 30, 34, 51, 26 ] >;

/*
Edge printing
*/

s`Edges := [];
edge1 := TwoEdgeInitialize();
edge1`Blocks := {@ PowerSet(IntegerRing()) |
{ IntegerRing() | 1, 5 },
{ IntegerRing() | 2, 10 },
{ IntegerRing() | 3, 14 },
{ IntegerRing() | 4, 18 },
{ IntegerRing() | 6, 21 },
{ IntegerRing() | 7, 22 },
{ IntegerRing() | 8, 23 },
{ IntegerRing() | 9, 28 },
{ IntegerRing() | 11, 31 },
{ IntegerRing() | 12, 32 },
{ IntegerRing() | 13, 36 },
{ IntegerRing() | 15, 39 },
{ IntegerRing() | 16, 40 },
{ IntegerRing() | 17, 43 },
{ IntegerRing() | 19, 45 },
{ IntegerRing() | 20, 46 },
{ IntegerRing() | 24, 48 },
{ IntegerRing() | 25, 49 },
{ IntegerRing() | 26, 50 },
{ IntegerRing() | 27, 52 },
{ IntegerRing() | 29, 53 },
{ IntegerRing() | 30, 54 },
{ IntegerRing() | 33, 55 },
{ IntegerRing() | 34, 56 },
{ IntegerRing() | 35, 57 },
{ IntegerRing() | 37, 58 },
{ IntegerRing() | 38, 59 },
{ IntegerRing() | 41, 60 },
{ IntegerRing() | 42, 61 },
{ IntegerRing() | 44, 62 },
{ IntegerRing() | 47, 63 },
{ IntegerRing() | 51, 64 }
@};
edge1`UpstairsTriple := [ PermutationGroup<64 |  
\[ 2, 3, 4, 5, 6, 7, 8, 9, 10, 11, 12, 13, 14, 15, 16, 17, 18, 19, 20, 21, 22, 23, 24, 25, 26, 27, 28, 29, 30, 31, 32, 33, 34, 35, 36, 37, 38, 39, 40, 41, 42, 43, 44, 45, 46, 47, 48, 49, 50, 51, 52, 53, 54, 55, 56, 57, 58, 59, 60, 61, 62, 63, 64, 1 ],
\[ 2, 1, 3, 4, 5, 6, 7, 8, 9, 10, 11, 12, 13, 14, 15, 16, 17, 18, 19, 20, 21, 22, 23, 24, 25, 26, 27, 28, 29, 30, 31, 32, 33, 34, 35, 36, 37, 38, 39, 40, 41, 42, 43, 44, 45, 46, 47, 48, 49, 50, 51, 52, 53, 54, 55, 56, 57, 58, 59, 60, 61, 62, 63, 64 ]:
 Order := 126886932185884164103433389335161480802865516174545192198801894375214704230400000000000000 > |
[ 2, 9, 8, 7, 10, 1, 11, 12, 27, 28, 29, 30, 16, 23, 3, 26, 20, 22, 4, 25, 5, 31, 32, 6, 33, 34, 15, 52, 24, 37, 53, 54, 47, 42, 38, 40, 13, 41, 14, 50, 51, 35, 46, 17, 18, 49, 19, 21, 55, 56, 44, 39, 48, 58, 63, 61, 59, 36, 60, 64, 57, 43, 45, 62 ],
[ 14, 23, 36, 21, 3, 39, 5, 40, 32, 8, 10, 50, 57, 13, 58, 59, 45, 6, 48, 18, 15, 1, 16, 52, 22, 60, 54, 12, 28, 56, 2, 26, 31, 64, 43, 35, 61, 46, 37, 38, 49, 62, 19, 63, 24, 4, 53, 27, 7, 41, 55, 30, 9, 34, 11, 51, 17, 42, 20, 25, 44, 47, 29, 33 ],
[ 18, 22, 21, 43, 4, 45, 46, 5, 31, 7, 49, 10, 39, 6, 48, 14, 61, 17, 62, 57, 19, 20, 1, 63, 59, 23, 53, 11, 55, 28, 25, 2, 60, 32, 58, 15, 52, 36, 24, 3, 40, 54, 42, 56, 44, 35, 64, 47, 38, 8, 50, 29, 33, 9, 41, 12, 37, 27, 13, 16, 30, 34, 51, 26 ]
];
edge1`UpstairsFilename := "64S50-32,32,16-g29-793545482.m";
edge1`DownstairsTriple := [ PermutationGroup<32 |  
\[ 2, 3, 4, 5, 6, 7, 8, 9, 10, 11, 12, 13, 14, 15, 16, 17, 18, 19, 20, 21, 22, 23, 24, 25, 26, 27, 28, 29, 30, 31, 32, 1 ],
\[ 2, 1, 3, 4, 5, 6, 7, 8, 9, 10, 11, 12, 13, 14, 15, 16, 17, 18, 19, 20, 21, 22, 23, 24, 25, 26, 27, 28, 29, 30, 31, 32 ]:
 Order := 263130836933693530167218012160000000 > |
[ 2, 9, 10, 11, 12, 1, 13, 14, 23, 24, 22, 25, 26, 27, 5, 8, 3, 16, 7, 4, 6, 28, 17, 32, 31, 21, 29, 30, 19, 15, 18, 20 ],
[ 3, 10, 4, 15, 16, 17, 1, 7, 24, 11, 5, 8, 2, 13, 18, 19, 20, 29, 6, 30, 23, 12, 32, 22, 14, 9, 26, 25, 21, 31, 27, 28 ],
[ 19, 7, 6, 17, 4, 29, 16, 5, 13, 1, 3, 11, 8, 12, 20, 15, 21, 30, 18, 23, 27, 10, 26, 2, 22, 14, 25, 24, 31, 32, 28, 9 ]
];
edge1`DownstairsFilename := "32S1-32,32,16-g15-1754290953.m";
Append(~s`Edges, edge1);
edge2 := TwoEdgeInitialize();
edge2`Blocks := {@ PowerSet(IntegerRing()) |
{ IntegerRing() | 1, 5 },
{ IntegerRing() | 2, 10 },
{ IntegerRing() | 3, 14 },
{ IntegerRing() | 4, 18 },
{ IntegerRing() | 6, 21 },
{ IntegerRing() | 7, 22 },
{ IntegerRing() | 8, 23 },
{ IntegerRing() | 9, 28 },
{ IntegerRing() | 11, 31 },
{ IntegerRing() | 12, 32 },
{ IntegerRing() | 13, 36 },
{ IntegerRing() | 15, 39 },
{ IntegerRing() | 16, 40 },
{ IntegerRing() | 17, 44 },
{ IntegerRing() | 19, 46 },
{ IntegerRing() | 20, 47 },
{ IntegerRing() | 24, 49 },
{ IntegerRing() | 25, 50 },
{ IntegerRing() | 26, 51 },
{ IntegerRing() | 27, 45 },
{ IntegerRing() | 29, 55 },
{ IntegerRing() | 30, 48 },
{ IntegerRing() | 33, 57 },
{ IntegerRing() | 34, 52 },
{ IntegerRing() | 35, 59 },
{ IntegerRing() | 37, 60 },
{ IntegerRing() | 38, 61 },
{ IntegerRing() | 41, 58 },
{ IntegerRing() | 42, 63 },
{ IntegerRing() | 43, 54 },
{ IntegerRing() | 53, 64 },
{ IntegerRing() | 56, 62 }
@};
edge2`UpstairsTriple := [ PermutationGroup<64 |  
\[ 2, 3, 4, 5, 6, 7, 8, 9, 10, 11, 12, 13, 14, 15, 16, 17, 18, 19, 20, 21, 22, 23, 24, 25, 26, 27, 28, 29, 30, 31, 32, 33, 34, 35, 36, 37, 38, 39, 40, 41, 42, 43, 44, 45, 46, 47, 48, 49, 50, 51, 52, 53, 54, 55, 56, 57, 58, 59, 60, 61, 62, 63, 64, 1 ],
\[ 2, 1, 3, 4, 5, 6, 7, 8, 9, 10, 11, 12, 13, 14, 15, 16, 17, 18, 19, 20, 21, 22, 23, 24, 25, 26, 27, 28, 29, 30, 31, 32, 33, 34, 35, 36, 37, 38, 39, 40, 41, 42, 43, 44, 45, 46, 47, 48, 49, 50, 51, 52, 53, 54, 55, 56, 57, 58, 59, 60, 61, 62, 63, 64 ]:
 Order := 126886932185884164103433389335161480802865516174545192198801894375214704230400000000000000 > |
[ 2, 9, 8, 7, 10, 1, 11, 12, 27, 28, 29, 30, 16, 23, 3, 26, 20, 22, 4, 25, 5, 31, 32, 6, 33, 34, 44, 45, 54, 46, 55, 48, 56, 49, 38, 40, 13, 42, 14, 51, 15, 53, 35, 47, 17, 18, 50, 19, 21, 57, 52, 24, 58, 59, 43, 60, 62, 39, 61, 36, 63, 37, 64, 41 ],
[ 3, 8, 13, 6, 14, 15, 1, 16, 12, 23, 2, 26, 35, 36, 37, 38, 19, 21, 24, 4, 39, 5, 40, 41, 7, 42, 30, 32, 9, 34, 10, 51, 11, 53, 17, 59, 43, 20, 60, 61, 62, 25, 45, 46, 48, 49, 18, 52, 58, 22, 63, 64, 33, 27, 28, 29, 31, 56, 44, 54, 47, 55, 50, 57 ],
[ 4, 7, 6, 17, 18, 19, 20, 1, 11, 22, 25, 2, 15, 21, 24, 3, 43, 44, 45, 35, 46, 47, 5, 48, 38, 8, 29, 31, 33, 9, 50, 10, 42, 12, 37, 39, 41, 13, 49, 14, 52, 16, 62, 54, 55, 27, 59, 28, 30, 61, 23, 32, 26, 56, 57, 53, 63, 34, 60, 58, 36, 64, 40, 51 ]
];
edge2`UpstairsFilename := "64S50-32,32,16-g29-2612252670.m";
edge2`DownstairsTriple := [ PermutationGroup<32 |  
\[ 2, 3, 4, 5, 6, 7, 8, 9, 10, 11, 12, 13, 14, 15, 16, 17, 18, 19, 20, 21, 22, 23, 24, 25, 26, 27, 28, 29, 30, 31, 32, 1 ],
\[ 2, 1, 3, 4, 5, 6, 7, 8, 9, 10, 11, 12, 13, 14, 15, 16, 17, 18, 19, 20, 21, 22, 23, 24, 25, 26, 27, 28, 29, 30, 31, 32 ]:
 Order := 263130836933693530167218012160000000 > |
[ 2, 9, 8, 7, 10, 1, 11, 12, 21, 22, 23, 24, 19, 3, 18, 4, 5, 25, 26, 6, 14, 30, 20, 16, 31, 32, 13, 15, 17, 27, 29, 28 ],
[ 13, 19, 15, 17, 3, 27, 5, 18, 26, 8, 10, 25, 4, 28, 6, 29, 14, 1, 7, 30, 32, 12, 22, 31, 2, 11, 16, 20, 21, 24, 9, 23 ],
[ 15, 18, 17, 27, 4, 28, 13, 5, 25, 7, 19, 10, 6, 29, 14, 30, 16, 3, 1, 32, 31, 11, 26, 22, 8, 2, 20, 21, 24, 23, 12, 9 ]
];
edge2`DownstairsFilename := "32S16-16,16,8-g13-2660858000.m";
Append(~s`Edges, edge2);
edge3 := TwoEdgeInitialize();
edge3`Blocks := {@ PowerSet(IntegerRing()) |
{ IntegerRing() | 1, 5 },
{ IntegerRing() | 2, 10 },
{ IntegerRing() | 3, 13 },
{ IntegerRing() | 4, 15 },
{ IntegerRing() | 6, 17 },
{ IntegerRing() | 7, 18 },
{ IntegerRing() | 8, 19 },
{ IntegerRing() | 9, 22 },
{ IntegerRing() | 11, 25 },
{ IntegerRing() | 12, 26 },
{ IntegerRing() | 14, 27 },
{ IntegerRing() | 16, 29 },
{ IntegerRing() | 20, 31 },
{ IntegerRing() | 21, 34 },
{ IntegerRing() | 23, 37 },
{ IntegerRing() | 24, 38 },
{ IntegerRing() | 28, 39 },
{ IntegerRing() | 30, 41 },
{ IntegerRing() | 32, 43 },
{ IntegerRing() | 33, 46 },
{ IntegerRing() | 35, 49 },
{ IntegerRing() | 36, 50 },
{ IntegerRing() | 40, 51 },
{ IntegerRing() | 42, 53 },
{ IntegerRing() | 44, 55 },
{ IntegerRing() | 45, 57 },
{ IntegerRing() | 47, 59 },
{ IntegerRing() | 48, 60 },
{ IntegerRing() | 52, 61 },
{ IntegerRing() | 54, 62 },
{ IntegerRing() | 56, 63 },
{ IntegerRing() | 58, 64 }
@};
edge3`UpstairsTriple := [ PermutationGroup<64 |  
\[ 2, 3, 4, 5, 6, 7, 8, 9, 10, 11, 12, 13, 14, 15, 16, 17, 18, 19, 20, 21, 22, 23, 24, 25, 26, 27, 28, 29, 30, 31, 32, 33, 34, 35, 36, 37, 38, 39, 40, 41, 42, 43, 44, 45, 46, 47, 48, 49, 50, 51, 52, 53, 54, 55, 56, 57, 58, 59, 60, 61, 62, 63, 64, 1 ],
\[ 2, 1, 3, 4, 5, 6, 7, 8, 9, 10, 11, 12, 13, 14, 15, 16, 17, 18, 19, 20, 21, 22, 23, 24, 25, 26, 27, 28, 29, 30, 31, 32, 33, 34, 35, 36, 37, 38, 39, 40, 41, 42, 43, 44, 45, 46, 47, 48, 49, 50, 51, 52, 53, 54, 55, 56, 57, 58, 59, 60, 61, 62, 63, 64 ]:
 Order := 126886932185884164103433389335161480802865516174545192198801894375214704230400000000000000 > |
[ 2, 9, 8, 7, 10, 1, 11, 12, 21, 22, 23, 24, 19, 3, 18, 4, 5, 25, 26, 6, 33, 34, 35, 36, 37, 38, 13, 14, 15, 16, 17, 20, 45, 46, 47, 48, 49, 50, 27, 28, 29, 30, 31, 32, 54, 57, 58, 56, 59, 60, 39, 40, 41, 42, 43, 44, 62, 52, 64, 63, 51, 53, 55, 61 ],
[ 13, 19, 15, 17, 3, 27, 5, 18, 26, 8, 10, 25, 4, 29, 6, 31, 14, 1, 7, 39, 38, 12, 22, 37, 2, 11, 16, 41, 20, 43, 28, 51, 50, 24, 34, 49, 9, 23, 30, 53, 32, 55, 40, 61, 60, 36, 46, 59, 21, 35, 42, 62, 44, 63, 52, 64, 48, 57, 33, 47, 54, 56, 58, 45 ],
[ 15, 18, 17, 27, 4, 29, 13, 5, 25, 7, 19, 10, 6, 31, 14, 39, 16, 3, 1, 41, 37, 11, 26, 22, 8, 2, 20, 43, 28, 51, 30, 53, 49, 23, 38, 34, 12, 9, 32, 55, 40, 61, 42, 62, 59, 35, 50, 46, 24, 21, 44, 63, 52, 64, 54, 57, 47, 60, 36, 33, 56, 58, 45, 48 ]
];
edge3`UpstairsFilename := "64S50-32,32,16-g29-2355958499.m";
edge3`DownstairsTriple := [ PermutationGroup<32 |  
\[ 2, 3, 4, 5, 6, 7, 8, 9, 10, 11, 12, 13, 14, 15, 16, 17, 18, 19, 20, 21, 22, 23, 24, 25, 26, 27, 28, 29, 30, 31, 32, 1 ],
\[ 2, 1, 3, 4, 5, 6, 7, 8, 9, 10, 11, 12, 13, 14, 15, 16, 17, 18, 19, 20, 21, 22, 23, 24, 25, 26, 27, 28, 29, 30, 31, 32 ]:
 Order := 263130836933693530167218012160000000 > |
[ 12, 25, 8, 7, 2, 5, 22, 24, 31, 14, 13, 9, 28, 32, 1, 10, 16, 3, 11, 19, 15, 26, 18, 27, 23, 30, 20, 21, 4, 6, 17, 29 ],
[ 3, 10, 4, 15, 16, 17, 1, 7, 24, 11, 5, 8, 2, 13, 18, 19, 20, 29, 6, 30, 23, 12, 32, 22, 14, 9, 26, 25, 21, 31, 27, 28 ],
[ 4, 11, 15, 18, 19, 20, 3, 1, 22, 5, 16, 7, 10, 2, 29, 6, 30, 21, 17, 31, 32, 8, 28, 12, 13, 24, 9, 14, 23, 27, 26, 25 ]
];
edge3`DownstairsFilename := "32S1-32,32,16-g15-479995376.m";
Append(~s`Edges, edge3);

/*
Return for eval
*/

return s;
