s := TwoDBInitialize();

/*
Magma printing
*/

s`Name := "64S50-32,32,16-g29-1067516049";
s`Filename := "64S50-32,32,16-g29-1067516049.m";
s`Degree := 64;
s`Orders := \[ 32, 32, 16 ];
s`Geometry := "Hyperbolic";
s`Genus := 29;
s`Level := 6;
s`PermutationTriple := [ PermutationGroup<64 |  
\[ 2, 3, 4, 5, 6, 7, 8, 9, 10, 11, 12, 13, 14, 15, 16, 17, 18, 19, 20, 21, 22, 23, 24, 25, 26, 27, 28, 29, 30, 31, 32, 33, 34, 35, 36, 37, 38, 39, 40, 41, 42, 43, 44, 45, 46, 47, 48, 49, 50, 51, 52, 53, 54, 55, 56, 57, 58, 59, 60, 61, 62, 63, 64, 1 ],
\[ 2, 1, 3, 4, 5, 6, 7, 8, 9, 10, 11, 12, 13, 14, 15, 16, 17, 18, 19, 20, 21, 22, 23, 24, 25, 26, 27, 28, 29, 30, 31, 32, 33, 34, 35, 36, 37, 38, 39, 40, 41, 42, 43, 44, 45, 46, 47, 48, 49, 50, 51, 52, 53, 54, 55, 56, 57, 58, 59, 60, 61, 62, 63, 64 ]:
 Order := 126886932185884164103433389335161480802865516174545192198801894375214704230400000000000000 > |
[ 2, 9, 8, 7, 10, 1, 11, 12, 14, 24, 3, 25, 21, 23, 18, 20, 4, 22, 5, 26, 27, 6, 28, 29, 30, 13, 41, 42, 39, 40, 34, 36, 15, 37, 16, 38, 17, 19, 43, 44, 45, 46, 57, 47, 55, 56, 50, 52, 31, 53, 32, 54, 33, 35, 58, 49, 59, 60, 64, 62, 48, 63, 51, 61 ],
[ 13, 21, 24, 19, 3, 26, 5, 29, 27, 8, 10, 39, 9, 41, 35, 6, 38, 16, 11, 1, 14, 20, 45, 12, 43, 2, 23, 55, 25, 57, 51, 17, 54, 32, 22, 4, 36, 7, 30, 59, 28, 58, 40, 64, 42, 60, 61, 33, 63, 48, 37, 15, 52, 18, 46, 62, 44, 56, 47, 49, 53, 31, 34, 50 ],
[ 16, 20, 19, 32, 4, 35, 36, 5, 26, 7, 38, 10, 6, 13, 48, 15, 51, 52, 17, 18, 1, 54, 21, 11, 24, 22, 2, 27, 3, 29, 60, 31, 61, 62, 33, 34, 63, 37, 8, 39, 9, 41, 12, 43, 14, 45, 57, 47, 58, 59, 49, 50, 64, 53, 23, 55, 25, 28, 30, 42, 44, 46, 56, 40 ]
];
s`MonodromyGroup := PermutationGroup<64 |  
\[ 2, 9, 8, 7, 10, 1, 11, 12, 14, 24, 3, 25, 21, 23, 18, 20, 4, 22, 5, 26, 27, 6, 28, 29, 30, 13, 41, 42, 39, 40, 34, 36, 15, 37, 16, 38, 17, 19, 43, 44, 45, 46, 57, 47, 55, 56, 50, 52, 31, 53, 32, 54, 33, 35, 58, 49, 59, 60, 64, 62, 48, 63, 51, 61 ],
\[ 13, 21, 24, 19, 3, 26, 5, 29, 27, 8, 10, 39, 9, 41, 35, 6, 38, 16, 11, 1, 14, 20, 45, 12, 43, 2, 23, 55, 25, 57, 51, 17, 54, 32, 22, 4, 36, 7, 30, 59, 28, 58, 40, 64, 42, 60, 61, 33, 63, 48, 37, 15, 52, 18, 46, 62, 44, 56, 47, 49, 53, 31, 34, 50 ],
\[ 16, 20, 19, 32, 4, 35, 36, 5, 26, 7, 38, 10, 6, 13, 48, 15, 51, 52, 17, 18, 1, 54, 21, 11, 24, 22, 2, 27, 3, 29, 60, 31, 61, 62, 33, 34, 63, 37, 8, 39, 9, 41, 12, 43, 14, 45, 57, 47, 58, 59, 49, 50, 64, 53, 23, 55, 25, 28, 30, 42, 44, 46, 56, 40 ] >;

/*
Edge printing
*/

s`Edges := [];
edge1 := TwoEdgeInitialize();
edge1`Blocks := {@ PowerSet(IntegerRing()) |
{ IntegerRing() | 1, 5 },
{ IntegerRing() | 2, 10 },
{ IntegerRing() | 3, 13 },
{ IntegerRing() | 4, 16 },
{ IntegerRing() | 6, 19 },
{ IntegerRing() | 7, 20 },
{ IntegerRing() | 8, 21 },
{ IntegerRing() | 9, 24 },
{ IntegerRing() | 11, 26 },
{ IntegerRing() | 12, 27 },
{ IntegerRing() | 14, 29 },
{ IntegerRing() | 15, 32 },
{ IntegerRing() | 17, 35 },
{ IntegerRing() | 18, 36 },
{ IntegerRing() | 22, 38 },
{ IntegerRing() | 23, 39 },
{ IntegerRing() | 25, 41 },
{ IntegerRing() | 28, 43 },
{ IntegerRing() | 30, 45 },
{ IntegerRing() | 31, 48 },
{ IntegerRing() | 33, 51 },
{ IntegerRing() | 34, 52 },
{ IntegerRing() | 37, 54 },
{ IntegerRing() | 40, 55 },
{ IntegerRing() | 42, 57 },
{ IntegerRing() | 44, 58 },
{ IntegerRing() | 46, 59 },
{ IntegerRing() | 47, 60 },
{ IntegerRing() | 49, 61 },
{ IntegerRing() | 50, 62 },
{ IntegerRing() | 53, 63 },
{ IntegerRing() | 56, 64 }
@};
edge1`UpstairsTriple := [ PermutationGroup<64 |  
\[ 2, 3, 4, 5, 6, 7, 8, 9, 10, 11, 12, 13, 14, 15, 16, 17, 18, 19, 20, 21, 22, 23, 24, 25, 26, 27, 28, 29, 30, 31, 32, 33, 34, 35, 36, 37, 38, 39, 40, 41, 42, 43, 44, 45, 46, 47, 48, 49, 50, 51, 52, 53, 54, 55, 56, 57, 58, 59, 60, 61, 62, 63, 64, 1 ],
\[ 2, 1, 3, 4, 5, 6, 7, 8, 9, 10, 11, 12, 13, 14, 15, 16, 17, 18, 19, 20, 21, 22, 23, 24, 25, 26, 27, 28, 29, 30, 31, 32, 33, 34, 35, 36, 37, 38, 39, 40, 41, 42, 43, 44, 45, 46, 47, 48, 49, 50, 51, 52, 53, 54, 55, 56, 57, 58, 59, 60, 61, 62, 63, 64 ]:
 Order := 126886932185884164103433389335161480802865516174545192198801894375214704230400000000000000 > |
[ 2, 9, 8, 7, 10, 1, 11, 12, 14, 24, 3, 25, 21, 23, 18, 20, 4, 22, 5, 26, 27, 6, 28, 29, 30, 13, 41, 42, 39, 40, 34, 36, 15, 37, 16, 38, 17, 19, 43, 44, 45, 46, 57, 47, 55, 56, 50, 52, 31, 53, 32, 54, 33, 35, 58, 49, 59, 60, 64, 62, 48, 63, 51, 61 ],
[ 13, 21, 24, 19, 3, 26, 5, 29, 27, 8, 10, 39, 9, 41, 35, 6, 38, 16, 11, 1, 14, 20, 45, 12, 43, 2, 23, 55, 25, 57, 51, 17, 54, 32, 22, 4, 36, 7, 30, 59, 28, 58, 40, 64, 42, 60, 61, 33, 63, 48, 37, 15, 52, 18, 46, 62, 44, 56, 47, 49, 53, 31, 34, 50 ],
[ 16, 20, 19, 32, 4, 35, 36, 5, 26, 7, 38, 10, 6, 13, 48, 15, 51, 52, 17, 18, 1, 54, 21, 11, 24, 22, 2, 27, 3, 29, 60, 31, 61, 62, 33, 34, 63, 37, 8, 39, 9, 41, 12, 43, 14, 45, 57, 47, 58, 59, 49, 50, 64, 53, 23, 55, 25, 28, 30, 42, 44, 46, 56, 40 ]
];
edge1`UpstairsFilename := "64S50-32,32,16-g29-1067516049.m";
edge1`DownstairsTriple := [ PermutationGroup<32 |  
\[ 2, 3, 4, 5, 6, 7, 8, 9, 10, 11, 12, 13, 14, 15, 16, 17, 18, 19, 20, 21, 22, 23, 24, 25, 26, 27, 28, 29, 30, 31, 32, 1 ],
\[ 2, 1, 3, 4, 5, 6, 7, 8, 9, 10, 11, 12, 13, 14, 15, 16, 17, 18, 19, 20, 21, 22, 23, 24, 25, 26, 27, 28, 29, 30, 31, 32 ]:
 Order := 263130836933693530167218012160000000 > |
[ 9, 6, 5, 2, 4, 15, 10, 1, 7, 14, 13, 8, 12, 23, 16, 18, 3, 22, 21, 17, 20, 31, 24, 26, 11, 30, 29, 25, 28, 32, 27, 19 ],
[ 2, 7, 8, 9, 1, 10, 15, 4, 6, 16, 17, 5, 3, 18, 14, 23, 12, 24, 25, 13, 11, 26, 22, 31, 20, 27, 32, 21, 19, 29, 30, 28 ],
[ 3, 8, 11, 12, 13, 1, 4, 17, 5, 2, 19, 20, 21, 6, 9, 7, 25, 10, 27, 28, 29, 14, 15, 16, 32, 18, 24, 30, 26, 22, 23, 31 ]
];
edge1`DownstairsFilename := "32S1-32,32,16-g15-2325124076.m";
Append(~s`Edges, edge1);
edge2 := TwoEdgeInitialize();
edge2`Blocks := {@ PowerSet(IntegerRing()) |
{ IntegerRing() | 1, 5 },
{ IntegerRing() | 2, 10 },
{ IntegerRing() | 3, 13 },
{ IntegerRing() | 4, 16 },
{ IntegerRing() | 6, 19 },
{ IntegerRing() | 7, 20 },
{ IntegerRing() | 8, 21 },
{ IntegerRing() | 9, 24 },
{ IntegerRing() | 11, 26 },
{ IntegerRing() | 12, 27 },
{ IntegerRing() | 14, 29 },
{ IntegerRing() | 15, 32 },
{ IntegerRing() | 17, 35 },
{ IntegerRing() | 18, 36 },
{ IntegerRing() | 22, 38 },
{ IntegerRing() | 23, 39 },
{ IntegerRing() | 25, 41 },
{ IntegerRing() | 28, 43 },
{ IntegerRing() | 30, 45 },
{ IntegerRing() | 31, 48 },
{ IntegerRing() | 33, 51 },
{ IntegerRing() | 34, 52 },
{ IntegerRing() | 37, 54 },
{ IntegerRing() | 40, 55 },
{ IntegerRing() | 42, 57 },
{ IntegerRing() | 44, 59 },
{ IntegerRing() | 46, 61 },
{ IntegerRing() | 47, 56 },
{ IntegerRing() | 49, 62 },
{ IntegerRing() | 50, 60 },
{ IntegerRing() | 53, 64 },
{ IntegerRing() | 58, 63 }
@};
edge2`UpstairsTriple := [ PermutationGroup<64 |  
\[ 2, 3, 4, 5, 6, 7, 8, 9, 10, 11, 12, 13, 14, 15, 16, 17, 18, 19, 20, 21, 22, 23, 24, 25, 26, 27, 28, 29, 30, 31, 32, 33, 34, 35, 36, 37, 38, 39, 40, 41, 42, 43, 44, 45, 46, 47, 48, 49, 50, 51, 52, 53, 54, 55, 56, 57, 58, 59, 60, 61, 62, 63, 64, 1 ],
\[ 2, 1, 3, 4, 5, 6, 7, 8, 9, 10, 11, 12, 13, 14, 15, 16, 17, 18, 19, 20, 21, 22, 23, 24, 25, 26, 27, 28, 29, 30, 31, 32, 33, 34, 35, 36, 37, 38, 39, 40, 41, 42, 43, 44, 45, 46, 47, 48, 49, 50, 51, 52, 53, 54, 55, 56, 57, 58, 59, 60, 61, 62, 63, 64 ]:
 Order := 126886932185884164103433389335161480802865516174545192198801894375214704230400000000000000 > |
[ 2, 9, 8, 7, 10, 1, 11, 12, 14, 24, 3, 25, 21, 23, 18, 20, 4, 22, 5, 26, 27, 6, 28, 29, 30, 13, 41, 42, 39, 40, 34, 36, 15, 37, 16, 38, 17, 19, 43, 44, 45, 46, 57, 58, 55, 56, 50, 52, 31, 53, 32, 54, 33, 35, 59, 60, 61, 62, 63, 64, 47, 48, 49, 51 ],
[ 3, 8, 9, 6, 13, 11, 1, 14, 12, 21, 2, 23, 24, 25, 17, 19, 22, 4, 26, 5, 29, 7, 30, 27, 28, 10, 39, 40, 41, 42, 33, 35, 37, 15, 38, 16, 18, 20, 45, 46, 43, 44, 55, 56, 57, 58, 49, 51, 53, 31, 54, 32, 34, 36, 61, 62, 59, 60, 47, 48, 63, 64, 50, 52 ],
[ 4, 7, 6, 15, 16, 17, 18, 1, 11, 20, 22, 2, 19, 3, 31, 32, 33, 34, 35, 36, 5, 37, 8, 26, 9, 38, 10, 12, 13, 14, 47, 48, 49, 50, 51, 52, 53, 54, 21, 23, 24, 25, 27, 28, 29, 30, 55, 56, 61, 59, 62, 60, 63, 64, 39, 40, 41, 42, 43, 44, 45, 46, 57, 58 ]
];
edge2`UpstairsFilename := "64S50-32,32,16-g29-3189663262.m";
edge2`DownstairsTriple := [ PermutationGroup<32 |  
\[ 2, 3, 4, 5, 6, 7, 8, 9, 10, 11, 12, 13, 14, 15, 16, 17, 18, 19, 20, 21, 22, 23, 24, 25, 26, 27, 28, 29, 30, 31, 32, 1 ],
\[ 2, 1, 3, 4, 5, 6, 7, 8, 9, 10, 11, 12, 13, 14, 15, 16, 17, 18, 19, 20, 21, 22, 23, 24, 25, 26, 27, 28, 29, 30, 31, 32 ]:
 Order := 263130836933693530167218012160000000 > |
[ 2, 6, 5, 7, 1, 8, 13, 14, 11, 12, 3, 4, 15, 16, 21, 22, 19, 20, 9, 10, 23, 24, 29, 25, 27, 28, 17, 18, 30, 31, 32, 26 ],
[ 7, 13, 12, 2, 4, 15, 6, 21, 20, 5, 10, 1, 8, 23, 14, 29, 28, 11, 18, 3, 16, 30, 22, 31, 32, 19, 26, 9, 24, 25, 27, 17 ],
[ 10, 12, 18, 3, 20, 4, 5, 7, 26, 9, 28, 11, 1, 13, 2, 15, 31, 17, 32, 19, 6, 21, 8, 23, 29, 25, 30, 27, 14, 16, 22, 24 ]
];
edge2`DownstairsFilename := "32S16-16,16,8-g13-847166019.m";
Append(~s`Edges, edge2);
edge3 := TwoEdgeInitialize();
edge3`Blocks := {@ PowerSet(IntegerRing()) |
{ IntegerRing() | 1, 4 },
{ IntegerRing() | 2, 7 },
{ IntegerRing() | 3, 10 },
{ IntegerRing() | 5, 12 },
{ IntegerRing() | 6, 13 },
{ IntegerRing() | 8, 15 },
{ IntegerRing() | 9, 18 },
{ IntegerRing() | 11, 20 },
{ IntegerRing() | 14, 21 },
{ IntegerRing() | 16, 23 },
{ IntegerRing() | 17, 26 },
{ IntegerRing() | 19, 28 },
{ IntegerRing() | 22, 29 },
{ IntegerRing() | 24, 31 },
{ IntegerRing() | 25, 34 },
{ IntegerRing() | 27, 36 },
{ IntegerRing() | 30, 37 },
{ IntegerRing() | 32, 39 },
{ IntegerRing() | 33, 42 },
{ IntegerRing() | 35, 44 },
{ IntegerRing() | 38, 45 },
{ IntegerRing() | 40, 47 },
{ IntegerRing() | 41, 50 },
{ IntegerRing() | 43, 52 },
{ IntegerRing() | 46, 53 },
{ IntegerRing() | 48, 55 },
{ IntegerRing() | 49, 58 },
{ IntegerRing() | 51, 60 },
{ IntegerRing() | 54, 61 },
{ IntegerRing() | 56, 62 },
{ IntegerRing() | 57, 63 },
{ IntegerRing() | 59, 64 }
@};
edge3`UpstairsTriple := [ PermutationGroup<64 |  
\[ 2, 3, 4, 5, 6, 7, 8, 9, 10, 11, 12, 13, 14, 15, 16, 17, 18, 19, 20, 21, 22, 23, 24, 25, 26, 27, 28, 29, 30, 31, 32, 33, 34, 35, 36, 37, 38, 39, 40, 41, 42, 43, 44, 45, 46, 47, 48, 49, 50, 51, 52, 53, 54, 55, 56, 57, 58, 59, 60, 61, 62, 63, 64, 1 ],
\[ 2, 1, 3, 4, 5, 6, 7, 8, 9, 10, 11, 12, 13, 14, 15, 16, 17, 18, 19, 20, 21, 22, 23, 24, 25, 26, 27, 28, 29, 30, 31, 32, 33, 34, 35, 36, 37, 38, 39, 40, 41, 42, 43, 44, 45, 46, 47, 48, 49, 50, 51, 52, 53, 54, 55, 56, 57, 58, 59, 60, 61, 62, 63, 64 ]:
 Order := 126886932185884164103433389335161480802865516174545192198801894375214704230400000000000000 > |
[ 2, 6, 5, 7, 1, 8, 13, 14, 11, 12, 3, 4, 15, 16, 21, 22, 19, 20, 9, 10, 23, 24, 29, 30, 27, 28, 17, 18, 31, 32, 37, 38, 35, 36, 25, 26, 39, 40, 45, 46, 43, 44, 33, 34, 47, 48, 53, 54, 51, 52, 41, 42, 55, 56, 61, 57, 59, 60, 49, 50, 62, 63, 64, 58 ],
[ 7, 13, 12, 2, 4, 15, 6, 21, 20, 5, 10, 1, 8, 23, 14, 29, 28, 11, 18, 3, 16, 31, 22, 37, 36, 19, 26, 9, 24, 39, 30, 45, 44, 27, 34, 17, 32, 47, 38, 53, 52, 35, 42, 25, 40, 55, 46, 61, 60, 43, 50, 33, 48, 62, 54, 63, 64, 51, 58, 41, 56, 57, 59, 49 ],
[ 10, 12, 18, 3, 20, 4, 5, 7, 26, 9, 28, 11, 1, 13, 2, 15, 34, 17, 36, 19, 6, 21, 8, 23, 42, 25, 44, 27, 14, 29, 16, 31, 50, 33, 52, 35, 22, 37, 24, 39, 58, 41, 60, 43, 30, 45, 32, 47, 63, 49, 64, 51, 38, 53, 40, 55, 61, 57, 62, 59, 46, 48, 54, 56 ]
];
edge3`UpstairsFilename := "64S50-32,32,16-g29-1661178145.m";
edge3`DownstairsTriple := [ PermutationGroup<32 |  
\[ 2, 3, 4, 5, 6, 7, 8, 9, 10, 11, 12, 13, 14, 15, 16, 17, 18, 19, 20, 21, 22, 23, 24, 25, 26, 27, 28, 29, 30, 31, 32, 1 ],
\[ 2, 1, 3, 4, 5, 6, 7, 8, 9, 10, 11, 12, 13, 14, 15, 16, 17, 18, 19, 20, 21, 22, 23, 24, 25, 26, 27, 28, 29, 30, 31, 32 ]:
 Order := 263130836933693530167218012160000000 > |
[ 2, 7, 8, 9, 1, 10, 15, 4, 6, 16, 17, 5, 3, 18, 14, 23, 12, 24, 25, 13, 11, 26, 22, 31, 20, 27, 32, 21, 19, 29, 30, 28 ],
[ 2, 7, 8, 9, 1, 10, 15, 4, 6, 16, 17, 5, 3, 18, 14, 23, 12, 24, 25, 13, 11, 26, 22, 31, 20, 27, 32, 21, 19, 29, 30, 28 ],
[ 12, 5, 20, 3, 17, 4, 1, 13, 8, 9, 28, 11, 25, 7, 2, 6, 21, 15, 30, 19, 32, 16, 10, 14, 29, 23, 22, 27, 31, 24, 18, 26 ]
];
edge3`DownstairsFilename := "32S1-32,32,16-g15-542139491.m";
Append(~s`Edges, edge3);

/*
Return for eval
*/

return s;
