s := TwoDBInitialize();

/*
Magma printing
*/

s`Name := "64S50-32,16,32-g29-890669524";
s`Filename := "64S50-32,16,32-g29-890669524.m";
s`Degree := 64;
s`Orders := \[ 32, 16, 32 ];
s`Geometry := "Hyperbolic";
s`Genus := 29;
s`Level := 6;
s`PermutationTriple := [ PermutationGroup<64 |  
\[ 2, 3, 4, 5, 6, 7, 8, 9, 10, 11, 12, 13, 14, 15, 16, 17, 18, 19, 20, 21, 22, 23, 24, 25, 26, 27, 28, 29, 30, 31, 32, 33, 34, 35, 36, 37, 38, 39, 40, 41, 42, 43, 44, 45, 46, 47, 48, 49, 50, 51, 52, 53, 54, 55, 56, 57, 58, 59, 60, 61, 62, 63, 64, 1 ],
\[ 2, 1, 3, 4, 5, 6, 7, 8, 9, 10, 11, 12, 13, 14, 15, 16, 17, 18, 19, 20, 21, 22, 23, 24, 25, 26, 27, 28, 29, 30, 31, 32, 33, 34, 35, 36, 37, 38, 39, 40, 41, 42, 43, 44, 45, 46, 47, 48, 49, 50, 51, 52, 53, 54, 55, 56, 57, 58, 59, 60, 61, 62, 63, 64 ]:
 Order := 126886932185884164103433389335161480802865516174545192198801894375214704230400000000000000 > |
[ 2, 9, 8, 7, 10, 1, 11, 12, 27, 28, 29, 30, 16, 23, 3, 26, 20, 22, 4, 25, 5, 31, 32, 6, 33, 34, 13, 52, 15, 35, 53, 54, 24, 43, 37, 39, 40, 14, 50, 42, 45, 17, 47, 18, 49, 19, 51, 21, 55, 56, 46, 36, 38, 57, 48, 61, 58, 59, 60, 41, 63, 44, 64, 62 ],
[ 14, 23, 36, 21, 3, 38, 5, 39, 32, 8, 10, 50, 57, 13, 52, 58, 44, 6, 48, 18, 15, 1, 16, 53, 22, 59, 54, 12, 28, 56, 2, 26, 31, 60, 61, 35, 63, 27, 37, 64, 19, 62, 41, 24, 4, 55, 45, 29, 7, 40, 49, 30, 9, 34, 11, 42, 43, 47, 51, 46, 17, 33, 20, 25 ],
[ 18, 22, 21, 41, 4, 44, 45, 5, 31, 7, 49, 10, 38, 6, 48, 14, 56, 17, 60, 61, 19, 20, 1, 62, 63, 23, 53, 11, 55, 28, 25, 2, 64, 32, 52, 15, 36, 24, 3, 39, 34, 50, 54, 42, 43, 59, 57, 46, 47, 8, 58, 29, 33, 9, 51, 12, 27, 13, 16, 26, 30, 40, 35, 37 ]
];
s`MonodromyGroup := PermutationGroup<64 |  
\[ 2, 9, 8, 7, 10, 1, 11, 12, 27, 28, 29, 30, 16, 23, 3, 26, 20, 22, 4, 25, 5, 31, 32, 6, 33, 34, 13, 52, 15, 35, 53, 54, 24, 43, 37, 39, 40, 14, 50, 42, 45, 17, 47, 18, 49, 19, 51, 21, 55, 56, 46, 36, 38, 57, 48, 61, 58, 59, 60, 41, 63, 44, 64, 62 ],
\[ 14, 23, 36, 21, 3, 38, 5, 39, 32, 8, 10, 50, 57, 13, 52, 58, 44, 6, 48, 18, 15, 1, 16, 53, 22, 59, 54, 12, 28, 56, 2, 26, 31, 60, 61, 35, 63, 27, 37, 64, 19, 62, 41, 24, 4, 55, 45, 29, 7, 40, 49, 30, 9, 34, 11, 42, 43, 47, 51, 46, 17, 33, 20, 25 ],
\[ 18, 22, 21, 41, 4, 44, 45, 5, 31, 7, 49, 10, 38, 6, 48, 14, 56, 17, 60, 61, 19, 20, 1, 62, 63, 23, 53, 11, 55, 28, 25, 2, 64, 32, 52, 15, 36, 24, 3, 39, 34, 50, 54, 42, 43, 59, 57, 46, 47, 8, 58, 29, 33, 9, 51, 12, 27, 13, 16, 26, 30, 40, 35, 37 ] >;

/*
Edge printing
*/

s`Edges := [];
edge1 := TwoEdgeInitialize();
edge1`Blocks := {@ PowerSet(IntegerRing()) |
{ IntegerRing() | 1, 5 },
{ IntegerRing() | 2, 10 },
{ IntegerRing() | 3, 14 },
{ IntegerRing() | 4, 18 },
{ IntegerRing() | 6, 21 },
{ IntegerRing() | 7, 22 },
{ IntegerRing() | 8, 23 },
{ IntegerRing() | 9, 28 },
{ IntegerRing() | 11, 31 },
{ IntegerRing() | 12, 32 },
{ IntegerRing() | 13, 36 },
{ IntegerRing() | 15, 38 },
{ IntegerRing() | 16, 39 },
{ IntegerRing() | 17, 41 },
{ IntegerRing() | 19, 44 },
{ IntegerRing() | 20, 45 },
{ IntegerRing() | 24, 48 },
{ IntegerRing() | 25, 49 },
{ IntegerRing() | 26, 50 },
{ IntegerRing() | 27, 52 },
{ IntegerRing() | 29, 53 },
{ IntegerRing() | 30, 54 },
{ IntegerRing() | 33, 55 },
{ IntegerRing() | 34, 56 },
{ IntegerRing() | 35, 57 },
{ IntegerRing() | 37, 58 },
{ IntegerRing() | 40, 59 },
{ IntegerRing() | 42, 60 },
{ IntegerRing() | 43, 61 },
{ IntegerRing() | 46, 62 },
{ IntegerRing() | 47, 63 },
{ IntegerRing() | 51, 64 }
@};
edge1`UpstairsTriple := [ PermutationGroup<64 |  
\[ 2, 3, 4, 5, 6, 7, 8, 9, 10, 11, 12, 13, 14, 15, 16, 17, 18, 19, 20, 21, 22, 23, 24, 25, 26, 27, 28, 29, 30, 31, 32, 33, 34, 35, 36, 37, 38, 39, 40, 41, 42, 43, 44, 45, 46, 47, 48, 49, 50, 51, 52, 53, 54, 55, 56, 57, 58, 59, 60, 61, 62, 63, 64, 1 ],
\[ 2, 1, 3, 4, 5, 6, 7, 8, 9, 10, 11, 12, 13, 14, 15, 16, 17, 18, 19, 20, 21, 22, 23, 24, 25, 26, 27, 28, 29, 30, 31, 32, 33, 34, 35, 36, 37, 38, 39, 40, 41, 42, 43, 44, 45, 46, 47, 48, 49, 50, 51, 52, 53, 54, 55, 56, 57, 58, 59, 60, 61, 62, 63, 64 ]:
 Order := 126886932185884164103433389335161480802865516174545192198801894375214704230400000000000000 > |
[ 2, 9, 8, 7, 10, 1, 11, 12, 27, 28, 29, 30, 16, 23, 3, 26, 20, 22, 4, 25, 5, 31, 32, 6, 33, 34, 13, 52, 15, 35, 53, 54, 24, 43, 37, 39, 40, 14, 50, 42, 45, 17, 47, 18, 49, 19, 51, 21, 55, 56, 46, 36, 38, 57, 48, 61, 58, 59, 60, 41, 63, 44, 64, 62 ],
[ 14, 23, 36, 21, 3, 38, 5, 39, 32, 8, 10, 50, 57, 13, 52, 58, 44, 6, 48, 18, 15, 1, 16, 53, 22, 59, 54, 12, 28, 56, 2, 26, 31, 60, 61, 35, 63, 27, 37, 64, 19, 62, 41, 24, 4, 55, 45, 29, 7, 40, 49, 30, 9, 34, 11, 42, 43, 47, 51, 46, 17, 33, 20, 25 ],
[ 18, 22, 21, 41, 4, 44, 45, 5, 31, 7, 49, 10, 38, 6, 48, 14, 56, 17, 60, 61, 19, 20, 1, 62, 63, 23, 53, 11, 55, 28, 25, 2, 64, 32, 52, 15, 36, 24, 3, 39, 34, 50, 54, 42, 43, 59, 57, 46, 47, 8, 58, 29, 33, 9, 51, 12, 27, 13, 16, 26, 30, 40, 35, 37 ]
];
edge1`UpstairsFilename := "64S50-32,16,32-g29-890669524.m";
edge1`DownstairsTriple := [ PermutationGroup<32 |  
\[ 2, 3, 4, 5, 6, 7, 8, 9, 10, 11, 12, 13, 14, 15, 16, 17, 18, 19, 20, 21, 22, 23, 24, 25, 26, 27, 28, 29, 30, 31, 32, 1 ],
\[ 2, 1, 3, 4, 5, 6, 7, 8, 9, 10, 11, 12, 13, 14, 15, 16, 17, 18, 19, 20, 21, 22, 23, 24, 25, 26, 27, 28, 29, 30, 31, 32 ]:
 Order := 263130836933693530167218012160000000 > |
[ 2, 3, 8, 7, 9, 1, 6, 10, 11, 12, 19, 20, 16, 18, 4, 15, 5, 17, 21, 22, 23, 24, 31, 32, 28, 30, 13, 27, 14, 29, 25, 26 ],
[ 11, 19, 21, 17, 3, 9, 5, 23, 8, 31, 10, 25, 29, 6, 18, 14, 2, 1, 12, 28, 20, 27, 22, 13, 32, 15, 30, 26, 7, 4, 24, 16 ],
[ 14, 18, 17, 26, 4, 29, 30, 5, 7, 9, 6, 11, 22, 13, 32, 24, 15, 16, 1, 19, 2, 21, 3, 23, 10, 25, 20, 12, 27, 28, 8, 31 ]
];
edge1`DownstairsFilename := "32S1-32,16,32-g15-2370658197.m";
Append(~s`Edges, edge1);
edge2 := TwoEdgeInitialize();
edge2`Blocks := {@ PowerSet(IntegerRing()) |
{ IntegerRing() | 1, 5 },
{ IntegerRing() | 2, 10 },
{ IntegerRing() | 3, 14 },
{ IntegerRing() | 4, 18 },
{ IntegerRing() | 6, 21 },
{ IntegerRing() | 7, 22 },
{ IntegerRing() | 8, 23 },
{ IntegerRing() | 9, 28 },
{ IntegerRing() | 11, 31 },
{ IntegerRing() | 12, 32 },
{ IntegerRing() | 13, 36 },
{ IntegerRing() | 15, 38 },
{ IntegerRing() | 16, 39 },
{ IntegerRing() | 17, 42 },
{ IntegerRing() | 19, 45 },
{ IntegerRing() | 20, 46 },
{ IntegerRing() | 24, 49 },
{ IntegerRing() | 25, 50 },
{ IntegerRing() | 26, 51 },
{ IntegerRing() | 27, 54 },
{ IntegerRing() | 29, 55 },
{ IntegerRing() | 30, 56 },
{ IntegerRing() | 33, 58 },
{ IntegerRing() | 34, 59 },
{ IntegerRing() | 35, 61 },
{ IntegerRing() | 37, 41 },
{ IntegerRing() | 40, 44 },
{ IntegerRing() | 43, 62 },
{ IntegerRing() | 47, 64 },
{ IntegerRing() | 48, 53 },
{ IntegerRing() | 52, 60 },
{ IntegerRing() | 57, 63 }
@};
edge2`UpstairsTriple := [ PermutationGroup<64 |  
\[ 2, 3, 4, 5, 6, 7, 8, 9, 10, 11, 12, 13, 14, 15, 16, 17, 18, 19, 20, 21, 22, 23, 24, 25, 26, 27, 28, 29, 30, 31, 32, 33, 34, 35, 36, 37, 38, 39, 40, 41, 42, 43, 44, 45, 46, 47, 48, 49, 50, 51, 52, 53, 54, 55, 56, 57, 58, 59, 60, 61, 62, 63, 64, 1 ],
\[ 2, 1, 3, 4, 5, 6, 7, 8, 9, 10, 11, 12, 13, 14, 15, 16, 17, 18, 19, 20, 21, 22, 23, 24, 25, 26, 27, 28, 29, 30, 31, 32, 33, 34, 35, 36, 37, 38, 39, 40, 41, 42, 43, 44, 45, 46, 47, 48, 49, 50, 51, 52, 53, 54, 55, 56, 57, 58, 59, 60, 61, 62, 63, 64 ]:
 Order := 126886932185884164103433389335161480802865516174545192198801894375214704230400000000000000 > |
[ 2, 9, 8, 7, 10, 1, 11, 12, 27, 28, 29, 30, 16, 23, 3, 26, 20, 22, 4, 25, 5, 31, 32, 6, 33, 34, 13, 54, 15, 35, 55, 56, 24, 57, 37, 39, 40, 14, 51, 53, 44, 46, 17, 48, 18, 50, 19, 52, 21, 58, 59, 47, 60, 36, 38, 61, 62, 49, 63, 64, 41, 42, 43, 45 ],
[ 3, 8, 13, 6, 14, 15, 1, 16, 12, 23, 2, 26, 35, 36, 27, 37, 19, 21, 24, 4, 38, 5, 39, 29, 7, 40, 30, 32, 9, 34, 10, 51, 11, 53, 57, 61, 62, 54, 41, 42, 43, 45, 47, 17, 49, 18, 33, 20, 55, 22, 44, 25, 46, 56, 28, 59, 60, 31, 48, 50, 63, 64, 52, 58 ],
[ 4, 7, 6, 17, 18, 19, 20, 1, 11, 22, 25, 2, 15, 21, 24, 3, 41, 42, 43, 44, 45, 46, 5, 47, 48, 8, 29, 31, 33, 9, 50, 10, 52, 12, 27, 38, 13, 49, 14, 16, 36, 37, 61, 39, 62, 40, 63, 51, 64, 53, 23, 59, 26, 55, 58, 28, 30, 60, 32, 34, 54, 35, 56, 57 ]
];
edge2`UpstairsFilename := "64S50-32,16,32-g29-3385966941.m";
edge2`DownstairsTriple := [ PermutationGroup<32 |  
\[ 2, 3, 4, 5, 6, 7, 8, 9, 10, 11, 12, 13, 14, 15, 16, 17, 18, 19, 20, 21, 22, 23, 24, 25, 26, 27, 28, 29, 30, 31, 32, 1 ],
\[ 2, 1, 3, 4, 5, 6, 7, 8, 9, 10, 11, 12, 13, 14, 15, 16, 17, 18, 19, 20, 21, 22, 23, 24, 25, 26, 27, 28, 29, 30, 31, 32 ]:
 Order := 263130836933693530167218012160000000 > |
[ 2, 9, 8, 7, 10, 1, 11, 12, 21, 22, 23, 24, 4, 19, 3, 18, 5, 25, 26, 6, 13, 30, 15, 20, 31, 32, 16, 14, 17, 27, 28, 29 ],
[ 14, 19, 27, 17, 3, 28, 5, 16, 26, 8, 10, 18, 29, 13, 30, 6, 15, 1, 4, 31, 32, 12, 22, 25, 2, 7, 20, 21, 23, 24, 9, 11 ],
[ 16, 18, 17, 14, 4, 27, 19, 5, 25, 7, 26, 10, 28, 6, 29, 3, 13, 8, 1, 30, 31, 11, 32, 22, 12, 2, 15, 20, 21, 23, 24, 9 ]
];
edge2`DownstairsFilename := "32S16-16,8,16-g13-3255521973.m";
Append(~s`Edges, edge2);
edge3 := TwoEdgeInitialize();
edge3`Blocks := {@ PowerSet(IntegerRing()) |
{ IntegerRing() | 1, 5 },
{ IntegerRing() | 2, 9 },
{ IntegerRing() | 3, 11 },
{ IntegerRing() | 4, 14 },
{ IntegerRing() | 6, 17 },
{ IntegerRing() | 7, 18 },
{ IntegerRing() | 8, 19 },
{ IntegerRing() | 10, 21 },
{ IntegerRing() | 12, 23 },
{ IntegerRing() | 13, 26 },
{ IntegerRing() | 15, 29 },
{ IntegerRing() | 16, 30 },
{ IntegerRing() | 20, 31 },
{ IntegerRing() | 22, 33 },
{ IntegerRing() | 24, 35 },
{ IntegerRing() | 25, 38 },
{ IntegerRing() | 27, 41 },
{ IntegerRing() | 28, 42 },
{ IntegerRing() | 32, 43 },
{ IntegerRing() | 34, 45 },
{ IntegerRing() | 36, 47 },
{ IntegerRing() | 37, 50 },
{ IntegerRing() | 39, 53 },
{ IntegerRing() | 40, 54 },
{ IntegerRing() | 44, 55 },
{ IntegerRing() | 46, 57 },
{ IntegerRing() | 48, 59 },
{ IntegerRing() | 49, 60 },
{ IntegerRing() | 51, 61 },
{ IntegerRing() | 52, 62 },
{ IntegerRing() | 56, 63 },
{ IntegerRing() | 58, 64 }
@};
edge3`UpstairsTriple := [ PermutationGroup<64 |  
\[ 2, 3, 4, 5, 6, 7, 8, 9, 10, 11, 12, 13, 14, 15, 16, 17, 18, 19, 20, 21, 22, 23, 24, 25, 26, 27, 28, 29, 30, 31, 32, 33, 34, 35, 36, 37, 38, 39, 40, 41, 42, 43, 44, 45, 46, 47, 48, 49, 50, 51, 52, 53, 54, 55, 56, 57, 58, 59, 60, 61, 62, 63, 64, 1 ],
\[ 2, 1, 3, 4, 5, 6, 7, 8, 9, 10, 11, 12, 13, 14, 15, 16, 17, 18, 19, 20, 21, 22, 23, 24, 25, 26, 27, 28, 29, 30, 31, 32, 33, 34, 35, 36, 37, 38, 39, 40, 41, 42, 43, 44, 45, 46, 47, 48, 49, 50, 51, 52, 53, 54, 55, 56, 57, 58, 59, 60, 61, 62, 63, 64 ]:
 Order := 126886932185884164103433389335161480802865516174545192198801894375214704230400000000000000 > |
[ 2, 3, 8, 7, 9, 1, 6, 10, 11, 12, 19, 20, 16, 18, 4, 15, 5, 17, 21, 22, 23, 24, 31, 32, 28, 30, 13, 27, 14, 29, 33, 34, 35, 36, 43, 44, 40, 42, 25, 39, 26, 41, 45, 46, 47, 48, 55, 56, 52, 54, 37, 51, 38, 53, 57, 58, 59, 49, 63, 62, 50, 61, 64, 60 ],
[ 11, 19, 21, 17, 3, 9, 5, 23, 8, 31, 10, 33, 29, 6, 18, 14, 2, 1, 12, 35, 20, 43, 22, 45, 41, 15, 30, 26, 7, 4, 24, 47, 32, 55, 34, 57, 53, 27, 42, 38, 16, 13, 36, 59, 44, 63, 46, 64, 61, 39, 54, 50, 28, 25, 48, 60, 56, 62, 58, 51, 40, 37, 49, 52 ],
[ 14, 18, 17, 26, 4, 29, 30, 5, 7, 9, 6, 11, 38, 13, 41, 42, 15, 16, 1, 19, 2, 21, 3, 23, 50, 25, 53, 54, 27, 28, 8, 31, 10, 33, 12, 35, 60, 37, 61, 62, 39, 40, 20, 43, 22, 45, 24, 47, 59, 49, 64, 63, 51, 52, 32, 55, 34, 57, 36, 48, 58, 56, 44, 46 ]
];
edge3`UpstairsFilename := "64S50-32,16,32-g29-736910427.m";
edge3`DownstairsTriple := [ PermutationGroup<32 |  
\[ 2, 3, 4, 5, 6, 7, 8, 9, 10, 11, 12, 13, 14, 15, 16, 17, 18, 19, 20, 21, 22, 23, 24, 25, 26, 27, 28, 29, 30, 31, 32, 1 ],
\[ 2, 1, 3, 4, 5, 6, 7, 8, 9, 10, 11, 12, 13, 14, 15, 16, 17, 18, 19, 20, 21, 22, 23, 24, 25, 26, 27, 28, 29, 30, 31, 32 ]:
 Order := 263130836933693530167218012160000000 > |
[ 2, 3, 8, 7, 9, 1, 6, 10, 11, 12, 19, 20, 16, 18, 4, 15, 5, 17, 21, 22, 23, 24, 31, 32, 28, 30, 13, 27, 14, 29, 25, 26 ],
[ 3, 8, 10, 6, 11, 2, 1, 12, 19, 20, 21, 22, 15, 17, 7, 4, 9, 5, 23, 24, 31, 32, 25, 26, 27, 29, 16, 13, 18, 14, 28, 30 ],
[ 4, 7, 6, 13, 14, 15, 16, 1, 18, 2, 17, 3, 25, 26, 27, 28, 29, 30, 5, 8, 9, 10, 11, 12, 21, 22, 31, 23, 32, 24, 19, 20 ]
];
edge3`DownstairsFilename := "32S1-32,16,32-g15-4112321487.m";
Append(~s`Edges, edge3);

/*
Return for eval
*/

return s;
