s := TwoDBInitialize();

/*
Magma printing
*/

s`Name := "64S5-8,8,4-g17-1422350609";
s`Filename := "64S5-8,8,4-g17-1422350609.m";
s`Degree := 64;
s`Orders := \[ 8, 8, 4 ];
s`Geometry := "Hyperbolic";
s`Genus := 17;
s`Level := 6;
s`PermutationTriple := [ PermutationGroup<64 |  
\[ 2, 3, 4, 5, 6, 7, 8, 9, 10, 11, 12, 13, 14, 15, 16, 17, 18, 19, 20, 21, 22, 23, 24, 25, 26, 27, 28, 29, 30, 31, 32, 33, 34, 35, 36, 37, 38, 39, 40, 41, 42, 43, 44, 45, 46, 47, 48, 49, 50, 51, 52, 53, 54, 55, 56, 57, 58, 59, 60, 61, 62, 63, 64, 1 ],
\[ 2, 1, 3, 4, 5, 6, 7, 8, 9, 10, 11, 12, 13, 14, 15, 16, 17, 18, 19, 20, 21, 22, 23, 24, 25, 26, 27, 28, 29, 30, 31, 32, 33, 34, 35, 36, 37, 38, 39, 40, 41, 42, 43, 44, 45, 46, 47, 48, 49, 50, 51, 52, 53, 54, 55, 56, 57, 58, 59, 60, 61, 62, 63, 64 ]:
 Order := 126886932185884164103433389335161480802865516174545192198801894375214704230400000000000000 > |
[ 12, 39, 8, 59, 2, 5, 27, 53, 36, 14, 31, 9, 3, 64, 35, 20, 43, 15, 18, 45, 19, 1, 32, 21, 24, 48, 30, 47, 22, 44, 40, 29, 11, 17, 41, 23, 52, 51, 38, 10, 25, 50, 54, 42, 62, 49, 7, 58, 6, 28, 46, 55, 61, 16, 60, 37, 4, 56, 13, 26, 57, 34, 33, 63 ],
[ 3, 10, 16, 22, 18, 27, 1, 36, 35, 20, 5, 44, 2, 51, 38, 42, 13, 52, 12, 61, 43, 31, 57, 6, 48, 4, 54, 49, 21, 39, 37, 47, 17, 7, 45, 64, 8, 50, 53, 9, 32, 23, 40, 55, 63, 33, 58, 11, 59, 62, 25, 14, 60, 15, 41, 30, 34, 19, 56, 28, 46, 24, 29, 26 ],
[ 4, 11, 17, 23, 24, 28, 32, 1, 19, 43, 46, 7, 49, 2, 5, 27, 57, 58, 29, 3, 62, 63, 8, 51, 55, 53, 34, 38, 41, 6, 48, 42, 45, 50, 54, 40, 59, 30, 13, 22, 9, 12, 33, 56, 10, 14, 60, 64, 61, 16, 15, 31, 37, 21, 18, 47, 20, 25, 26, 44, 39, 35, 36, 52 ]
];
s`MonodromyGroup := PermutationGroup<64 |  
\[ 12, 39, 8, 59, 2, 5, 27, 53, 36, 14, 31, 9, 3, 64, 35, 20, 43, 15, 18, 45, 19, 1, 32, 21, 24, 48, 30, 47, 22, 44, 40, 29, 11, 17, 41, 23, 52, 51, 38, 10, 25, 50, 54, 42, 62, 49, 7, 58, 6, 28, 46, 55, 61, 16, 60, 37, 4, 56, 13, 26, 57, 34, 33, 63 ],
\[ 3, 10, 16, 22, 18, 27, 1, 36, 35, 20, 5, 44, 2, 51, 38, 42, 13, 52, 12, 61, 43, 31, 57, 6, 48, 4, 54, 49, 21, 39, 37, 47, 17, 7, 45, 64, 8, 50, 53, 9, 32, 23, 40, 55, 63, 33, 58, 11, 59, 62, 25, 14, 60, 15, 41, 30, 34, 19, 56, 28, 46, 24, 29, 26 ],
\[ 4, 11, 17, 23, 24, 28, 32, 1, 19, 43, 46, 7, 49, 2, 5, 27, 57, 58, 29, 3, 62, 63, 8, 51, 55, 53, 34, 38, 41, 6, 48, 42, 45, 50, 54, 40, 59, 30, 13, 22, 9, 12, 33, 56, 10, 14, 60, 64, 61, 16, 15, 31, 37, 21, 18, 47, 20, 25, 26, 44, 39, 35, 36, 52 ] >;

/*
Edge printing
*/

s`Edges := [];
edge1 := TwoEdgeInitialize();
edge1`Blocks := {@ PowerSet(IntegerRing()) |
{ IntegerRing() | 1, 5 },
{ IntegerRing() | 2, 12 },
{ IntegerRing() | 3, 18 },
{ IntegerRing() | 4, 24 },
{ IntegerRing() | 6, 22 },
{ IntegerRing() | 7, 11 },
{ IntegerRing() | 8, 15 },
{ IntegerRing() | 9, 39 },
{ IntegerRing() | 10, 44 },
{ IntegerRing() | 13, 19 },
{ IntegerRing() | 14, 42 },
{ IntegerRing() | 16, 52 },
{ IntegerRing() | 17, 58 },
{ IntegerRing() | 20, 55 },
{ IntegerRing() | 21, 59 },
{ IntegerRing() | 23, 51 },
{ IntegerRing() | 25, 57 },
{ IntegerRing() | 26, 62 },
{ IntegerRing() | 27, 31 },
{ IntegerRing() | 28, 63 },
{ IntegerRing() | 29, 49 },
{ IntegerRing() | 30, 40 },
{ IntegerRing() | 32, 46 },
{ IntegerRing() | 33, 47 },
{ IntegerRing() | 34, 48 },
{ IntegerRing() | 35, 53 },
{ IntegerRing() | 36, 38 },
{ IntegerRing() | 37, 54 },
{ IntegerRing() | 41, 61 },
{ IntegerRing() | 43, 56 },
{ IntegerRing() | 45, 60 },
{ IntegerRing() | 50, 64 }
@};
edge1`UpstairsTriple := [ PermutationGroup<64 |  
\[ 2, 3, 4, 5, 6, 7, 8, 9, 10, 11, 12, 13, 14, 15, 16, 17, 18, 19, 20, 21, 22, 23, 24, 25, 26, 27, 28, 29, 30, 31, 32, 33, 34, 35, 36, 37, 38, 39, 40, 41, 42, 43, 44, 45, 46, 47, 48, 49, 50, 51, 52, 53, 54, 55, 56, 57, 58, 59, 60, 61, 62, 63, 64, 1 ],
\[ 2, 1, 3, 4, 5, 6, 7, 8, 9, 10, 11, 12, 13, 14, 15, 16, 17, 18, 19, 20, 21, 22, 23, 24, 25, 26, 27, 28, 29, 30, 31, 32, 33, 34, 35, 36, 37, 38, 39, 40, 41, 42, 43, 44, 45, 46, 47, 48, 49, 50, 51, 52, 53, 54, 55, 56, 57, 58, 59, 60, 61, 62, 63, 64 ]:
 Order := 126886932185884164103433389335161480802865516174545192198801894375214704230400000000000000 > |
[ 12, 39, 8, 59, 2, 5, 27, 53, 36, 14, 31, 9, 3, 64, 35, 20, 43, 15, 18, 45, 19, 1, 32, 21, 24, 48, 30, 47, 22, 44, 40, 29, 11, 17, 41, 23, 52, 51, 38, 10, 25, 50, 54, 42, 62, 49, 7, 58, 6, 28, 46, 55, 61, 16, 60, 37, 4, 56, 13, 26, 57, 34, 33, 63 ],
[ 3, 10, 16, 22, 18, 27, 1, 36, 35, 20, 5, 44, 2, 51, 38, 42, 13, 52, 12, 61, 43, 31, 57, 6, 48, 4, 54, 49, 21, 39, 37, 47, 17, 7, 45, 64, 8, 50, 53, 9, 32, 23, 40, 55, 63, 33, 58, 11, 59, 62, 25, 14, 60, 15, 41, 30, 34, 19, 56, 28, 46, 24, 29, 26 ],
[ 4, 11, 17, 23, 24, 28, 32, 1, 19, 43, 46, 7, 49, 2, 5, 27, 57, 58, 29, 3, 62, 63, 8, 51, 55, 53, 34, 38, 41, 6, 48, 42, 45, 50, 54, 40, 59, 30, 13, 22, 9, 12, 33, 56, 10, 14, 60, 64, 61, 16, 15, 31, 37, 21, 18, 47, 20, 25, 26, 44, 39, 35, 36, 52 ]
];
edge1`UpstairsFilename := "64S5-8,8,4-g17-1422350609.m";
edge1`DownstairsTriple := [ PermutationGroup<32 |  
\[ 2, 3, 4, 5, 6, 7, 8, 9, 10, 11, 12, 13, 14, 15, 16, 17, 18, 19, 20, 21, 22, 23, 24, 25, 26, 27, 28, 29, 30, 31, 32, 1 ],
\[ 2, 1, 3, 4, 5, 6, 7, 8, 9, 10, 11, 12, 13, 14, 15, 16, 17, 18, 19, 20, 21, 22, 23, 24, 25, 26, 27, 28, 29, 30, 31, 32 ]:
 Order := 263130836933693530167218012160000000 > |
[ 12, 23, 8, 27, 2, 5, 32, 18, 6, 7, 21, 9, 16, 17, 31, 4, 30, 13, 1, 26, 24, 25, 19, 10, 11, 15, 29, 14, 3, 20, 28, 22 ],
[ 3, 10, 14, 19, 16, 21, 1, 6, 18, 15, 5, 25, 2, 11, 29, 26, 13, 30, 32, 4, 20, 9, 27, 23, 17, 7, 31, 8, 12, 24, 22, 28 ],
[ 4, 11, 15, 5, 8, 22, 2, 1, 29, 30, 12, 7, 9, 32, 16, 17, 3, 28, 24, 18, 14, 19, 13, 6, 31, 21, 20, 27, 23, 25, 10, 26 ]
];
edge1`DownstairsFilename := "32S5-8,8,4-g9-574899642.m";
Append(~s`Edges, edge1);
edge2 := TwoEdgeInitialize();
edge2`Blocks := {@ PowerSet(IntegerRing()) |
{ IntegerRing() | 1, 5 },
{ IntegerRing() | 2, 12 },
{ IntegerRing() | 3, 18 },
{ IntegerRing() | 4, 24 },
{ IntegerRing() | 6, 22 },
{ IntegerRing() | 7, 11 },
{ IntegerRing() | 8, 15 },
{ IntegerRing() | 9, 40 },
{ IntegerRing() | 10, 44 },
{ IntegerRing() | 13, 39 },
{ IntegerRing() | 14, 42 },
{ IntegerRing() | 16, 52 },
{ IntegerRing() | 17, 59 },
{ IntegerRing() | 19, 57 },
{ IntegerRing() | 20, 55 },
{ IntegerRing() | 21, 60 },
{ IntegerRing() | 23, 51 },
{ IntegerRing() | 25, 58 },
{ IntegerRing() | 26, 62 },
{ IntegerRing() | 27, 63 },
{ IntegerRing() | 28, 64 },
{ IntegerRing() | 29, 50 },
{ IntegerRing() | 30, 41 },
{ IntegerRing() | 31, 46 },
{ IntegerRing() | 32, 47 },
{ IntegerRing() | 33, 48 },
{ IntegerRing() | 34, 49 },
{ IntegerRing() | 35, 53 },
{ IntegerRing() | 36, 38 },
{ IntegerRing() | 37, 54 },
{ IntegerRing() | 43, 61 },
{ IntegerRing() | 45, 56 }
@};
edge2`UpstairsTriple := [ PermutationGroup<64 |  
\[ 2, 3, 4, 5, 6, 7, 8, 9, 10, 11, 12, 13, 14, 15, 16, 17, 18, 19, 20, 21, 22, 23, 24, 25, 26, 27, 28, 29, 30, 31, 32, 33, 34, 35, 36, 37, 38, 39, 40, 41, 42, 43, 44, 45, 46, 47, 48, 49, 50, 51, 52, 53, 54, 55, 56, 57, 58, 59, 60, 61, 62, 63, 64, 1 ],
\[ 2, 1, 3, 4, 5, 6, 7, 8, 9, 10, 11, 12, 13, 14, 15, 16, 17, 18, 19, 20, 21, 22, 23, 24, 25, 26, 27, 28, 29, 30, 31, 32, 33, 34, 35, 36, 37, 38, 39, 40, 41, 42, 43, 44, 45, 46, 47, 48, 49, 50, 51, 52, 53, 54, 55, 56, 57, 58, 59, 60, 61, 62, 63, 64 ]:
 Order := 126886932185884164103433389335161480802865516174545192198801894375214704230400000000000000 > |
[ 12, 40, 8, 60, 2, 5, 46, 53, 36, 14, 31, 9, 58, 63, 35, 20, 45, 15, 18, 43, 19, 1, 32, 21, 24, 52, 30, 44, 22, 48, 64, 29, 11, 17, 39, 23, 49, 51, 25, 38, 33, 27, 54, 42, 62, 28, 50, 7, 59, 6, 47, 55, 13, 34, 61, 26, 3, 4, 56, 57, 37, 16, 41, 10 ],
[ 3, 10, 16, 22, 18, 27, 1, 36, 21, 17, 5, 44, 2, 51, 38, 42, 57, 52, 32, 13, 43, 63, 58, 6, 49, 4, 54, 50, 35, 40, 26, 48, 20, 7, 45, 31, 8, 46, 12, 60, 9, 23, 64, 59, 41, 62, 33, 55, 11, 53, 25, 14, 56, 15, 39, 30, 47, 34, 19, 61, 28, 24, 37, 29 ],
[ 4, 11, 17, 23, 24, 28, 32, 1, 39, 43, 47, 7, 50, 2, 5, 46, 58, 59, 9, 3, 62, 64, 8, 51, 55, 53, 16, 38, 19, 6, 49, 42, 45, 27, 54, 41, 60, 30, 29, 13, 22, 12, 33, 61, 10, 34, 14, 56, 63, 57, 15, 31, 37, 21, 18, 44, 40, 20, 25, 26, 48, 35, 52, 36 ]
];
edge2`UpstairsFilename := "64S5-8,8,4-g17-335719401.m";
edge2`DownstairsTriple := [ PermutationGroup<32 |  
\[ 2, 3, 4, 5, 6, 7, 8, 9, 10, 11, 12, 13, 14, 15, 16, 17, 18, 19, 20, 21, 22, 23, 24, 25, 26, 27, 28, 29, 30, 31, 32, 1 ],
\[ 2, 1, 3, 4, 5, 6, 7, 8, 9, 10, 11, 12, 13, 14, 15, 16, 17, 18, 19, 20, 21, 22, 23, 24, 25, 26, 27, 28, 29, 30, 31, 32 ]:
 Order := 263130836933693530167218012160000000 > |
[ 12, 24, 8, 29, 2, 5, 22, 19, 6, 7, 26, 9, 3, 18, 31, 4, 16, 32, 17, 1, 14, 25, 10, 20, 27, 23, 11, 15, 13, 28, 21, 30 ],
[ 3, 10, 14, 20, 16, 22, 1, 6, 29, 18, 5, 27, 2, 11, 13, 28, 12, 17, 31, 26, 4, 21, 9, 19, 24, 30, 15, 7, 32, 8, 23, 25 ],
[ 4, 11, 15, 5, 8, 23, 2, 1, 17, 31, 12, 7, 9, 22, 16, 18, 24, 3, 30, 25, 19, 28, 20, 13, 6, 14, 32, 26, 21, 29, 27, 10 ]
];
edge2`DownstairsFilename := "32S8-8,8,4-g9-3534559420.m";
Append(~s`Edges, edge2);
edge3 := TwoEdgeInitialize();
edge3`Blocks := {@ PowerSet(IntegerRing()) |
{ IntegerRing() | 1, 5 },
{ IntegerRing() | 2, 11 },
{ IntegerRing() | 3, 16 },
{ IntegerRing() | 4, 8 },
{ IntegerRing() | 6, 21 },
{ IntegerRing() | 7, 13 },
{ IntegerRing() | 9, 24 },
{ IntegerRing() | 10, 27 },
{ IntegerRing() | 12, 32 },
{ IntegerRing() | 14, 28 },
{ IntegerRing() | 15, 18 },
{ IntegerRing() | 17, 44 },
{ IntegerRing() | 19, 29 },
{ IntegerRing() | 20, 30 },
{ IntegerRing() | 22, 51 },
{ IntegerRing() | 23, 25 },
{ IntegerRing() | 26, 40 },
{ IntegerRing() | 31, 38 },
{ IntegerRing() | 33, 39 },
{ IntegerRing() | 34, 36 },
{ IntegerRing() | 35, 55 },
{ IntegerRing() | 37, 58 },
{ IntegerRing() | 41, 56 },
{ IntegerRing() | 42, 48 },
{ IntegerRing() | 43, 49 },
{ IntegerRing() | 45, 62 },
{ IntegerRing() | 46, 47 },
{ IntegerRing() | 50, 53 },
{ IntegerRing() | 52, 63 },
{ IntegerRing() | 54, 59 },
{ IntegerRing() | 57, 61 },
{ IntegerRing() | 60, 64 }
@};
edge3`UpstairsTriple := [ PermutationGroup<64 |  
\[ 2, 3, 4, 5, 6, 7, 8, 9, 10, 11, 12, 13, 14, 15, 16, 17, 18, 19, 20, 21, 22, 23, 24, 25, 26, 27, 28, 29, 30, 31, 32, 33, 34, 35, 36, 37, 38, 39, 40, 41, 42, 43, 44, 45, 46, 47, 48, 49, 50, 51, 52, 53, 54, 55, 56, 57, 58, 59, 60, 61, 62, 63, 64, 1 ],
\[ 2, 1, 3, 4, 5, 6, 7, 8, 9, 10, 11, 12, 13, 14, 15, 16, 17, 18, 19, 20, 21, 22, 23, 24, 25, 26, 27, 28, 29, 30, 31, 32, 33, 34, 35, 36, 37, 38, 39, 40, 41, 42, 43, 44, 45, 46, 47, 48, 49, 50, 51, 52, 53, 54, 55, 56, 57, 58, 59, 60, 61, 62, 63, 64 ]:
 Order := 126886932185884164103433389335161480802865516174545192198801894375214704230400000000000000 > |
[ 2, 9, 8, 19, 11, 1, 26, 29, 21, 13, 24, 37, 40, 18, 42, 4, 3, 48, 17, 50, 5, 25, 43, 6, 49, 35, 7, 15, 44, 53, 32, 58, 36, 30, 10, 20, 57, 12, 34, 55, 14, 41, 52, 16, 47, 54, 59, 56, 63, 39, 23, 22, 33, 60, 27, 28, 31, 61, 64, 45, 38, 46, 51, 62 ],
[ 3, 10, 14, 6, 16, 22, 1, 21, 31, 33, 27, 2, 5, 13, 17, 28, 45, 44, 34, 4, 51, 30, 24, 38, 9, 41, 39, 7, 36, 8, 48, 11, 32, 35, 47, 55, 53, 42, 12, 56, 57, 25, 15, 62, 49, 19, 29, 23, 18, 52, 20, 60, 63, 26, 46, 61, 59, 50, 40, 37, 54, 43, 64, 58 ],
[ 4, 7, 15, 5, 8, 23, 11, 1, 12, 34, 13, 24, 2, 26, 16, 18, 46, 3, 20, 29, 25, 50, 21, 32, 6, 28, 36, 40, 30, 19, 41, 9, 37, 27, 54, 10, 39, 56, 58, 14, 38, 43, 48, 47, 52, 44, 17, 49, 42, 51, 53, 62, 22, 55, 59, 31, 60, 33, 35, 61, 64, 63, 45, 57 ]
];
edge3`UpstairsFilename := "64S5-8,8,4-g17-2157323174.m";
edge3`DownstairsTriple := [ PermutationGroup<32 |  
\[ 2, 3, 4, 5, 6, 7, 8, 9, 10, 11, 12, 13, 14, 15, 16, 17, 18, 19, 20, 21, 22, 23, 24, 25, 26, 27, 28, 29, 30, 31, 32, 1 ],
\[ 2, 1, 3, 4, 5, 6, 7, 8, 9, 10, 11, 12, 13, 14, 15, 16, 17, 18, 19, 20, 21, 22, 23, 24, 25, 26, 27, 28, 29, 30, 31, 32 ]:
 Order := 263130836933693530167218012160000000 > |
[ 2, 8, 4, 16, 10, 1, 23, 6, 7, 25, 14, 13, 32, 17, 3, 15, 24, 30, 5, 21, 22, 28, 29, 11, 19, 27, 18, 20, 9, 26, 12, 31 ],
[ 3, 9, 12, 6, 14, 21, 1, 24, 26, 28, 2, 7, 15, 30, 10, 27, 19, 4, 23, 5, 18, 8, 31, 32, 16, 11, 29, 13, 25, 20, 17, 22 ],
[ 4, 7, 13, 1, 17, 22, 2, 11, 27, 20, 8, 23, 3, 26, 25, 18, 5, 16, 29, 10, 30, 6, 12, 31, 15, 14, 9, 32, 19, 21, 24, 28 ]
];
edge3`DownstairsFilename := "32S6-4,4,2-g1-424299732.m";
Append(~s`Edges, edge3);

/*
Return for eval
*/

return s;
