s := TwoDBInitialize();

/*
Magma printing
*/

s`Name := "64S50-16,32,32-g29-3289166599";
s`Filename := "64S50-16,32,32-g29-3289166599.m";
s`Degree := 64;
s`Orders := \[ 16, 32, 32 ];
s`Geometry := "Hyperbolic";
s`Genus := 29;
s`Level := 6;
s`PermutationTriple := [ PermutationGroup<64 |  
\[ 2, 3, 4, 5, 6, 7, 8, 9, 10, 11, 12, 13, 14, 15, 16, 17, 18, 19, 20, 21, 22, 23, 24, 25, 26, 27, 28, 29, 30, 31, 32, 33, 34, 35, 36, 37, 38, 39, 40, 41, 42, 43, 44, 45, 46, 47, 48, 49, 50, 51, 52, 53, 54, 55, 56, 57, 58, 59, 60, 61, 62, 63, 64, 1 ],
\[ 2, 1, 3, 4, 5, 6, 7, 8, 9, 10, 11, 12, 13, 14, 15, 16, 17, 18, 19, 20, 21, 22, 23, 24, 25, 26, 27, 28, 29, 30, 31, 32, 33, 34, 35, 36, 37, 38, 39, 40, 41, 42, 43, 44, 45, 46, 47, 48, 49, 50, 51, 52, 53, 54, 55, 56, 57, 58, 59, 60, 61, 62, 63, 64 ]:
 Order := 126886932185884164103433389335161480802865516174545192198801894375214704230400000000000000 > |
[ 10, 28, 23, 22, 2, 5, 31, 32, 52, 9, 53, 54, 40, 8, 14, 50, 46, 7, 18, 49, 1, 11, 12, 21, 55, 56, 58, 27, 60, 62, 29, 30, 64, 43, 59, 16, 36, 61, 3, 26, 39, 63, 20, 57, 4, 25, 45, 6, 33, 34, 48, 37, 41, 44, 51, 17, 38, 13, 42, 15, 47, 35, 19, 24 ],
[ 3, 8, 13, 6, 14, 15, 1, 16, 12, 23, 2, 26, 35, 36, 37, 38, 19, 21, 24, 4, 39, 5, 40, 41, 7, 42, 30, 32, 9, 34, 10, 50, 11, 47, 20, 57, 44, 25, 58, 59, 27, 33, 45, 17, 48, 18, 51, 60, 22, 61, 29, 54, 28, 56, 31, 63, 46, 62, 49, 52, 55, 43, 64, 53 ],
[ 18, 22, 21, 43, 4, 45, 46, 5, 31, 7, 49, 10, 39, 6, 48, 14, 54, 17, 56, 62, 19, 20, 1, 63, 57, 23, 53, 11, 55, 28, 25, 2, 59, 32, 58, 15, 60, 36, 24, 3, 64, 40, 30, 52, 34, 44, 50, 47, 35, 8, 61, 29, 33, 9, 38, 12, 37, 41, 13, 51, 16, 27, 26, 42 ]
];
s`MonodromyGroup := PermutationGroup<64 |  
\[ 10, 28, 23, 22, 2, 5, 31, 32, 52, 9, 53, 54, 40, 8, 14, 50, 46, 7, 18, 49, 1, 11, 12, 21, 55, 56, 58, 27, 60, 62, 29, 30, 64, 43, 59, 16, 36, 61, 3, 26, 39, 63, 20, 57, 4, 25, 45, 6, 33, 34, 48, 37, 41, 44, 51, 17, 38, 13, 42, 15, 47, 35, 19, 24 ],
\[ 3, 8, 13, 6, 14, 15, 1, 16, 12, 23, 2, 26, 35, 36, 37, 38, 19, 21, 24, 4, 39, 5, 40, 41, 7, 42, 30, 32, 9, 34, 10, 50, 11, 47, 20, 57, 44, 25, 58, 59, 27, 33, 45, 17, 48, 18, 51, 60, 22, 61, 29, 54, 28, 56, 31, 63, 46, 62, 49, 52, 55, 43, 64, 53 ],
\[ 18, 22, 21, 43, 4, 45, 46, 5, 31, 7, 49, 10, 39, 6, 48, 14, 54, 17, 56, 62, 19, 20, 1, 63, 57, 23, 53, 11, 55, 28, 25, 2, 59, 32, 58, 15, 60, 36, 24, 3, 64, 40, 30, 52, 34, 44, 50, 47, 35, 8, 61, 29, 33, 9, 38, 12, 37, 41, 13, 51, 16, 27, 26, 42 ] >;

/*
Edge printing
*/

s`Edges := [];
edge1 := TwoEdgeInitialize();
edge1`Blocks := {@ PowerSet(IntegerRing()) |
{ IntegerRing() | 1, 5 },
{ IntegerRing() | 2, 10 },
{ IntegerRing() | 3, 14 },
{ IntegerRing() | 4, 18 },
{ IntegerRing() | 6, 21 },
{ IntegerRing() | 7, 22 },
{ IntegerRing() | 8, 23 },
{ IntegerRing() | 9, 28 },
{ IntegerRing() | 11, 31 },
{ IntegerRing() | 12, 32 },
{ IntegerRing() | 13, 36 },
{ IntegerRing() | 15, 39 },
{ IntegerRing() | 16, 40 },
{ IntegerRing() | 17, 43 },
{ IntegerRing() | 19, 45 },
{ IntegerRing() | 20, 46 },
{ IntegerRing() | 24, 48 },
{ IntegerRing() | 25, 49 },
{ IntegerRing() | 26, 50 },
{ IntegerRing() | 27, 52 },
{ IntegerRing() | 29, 53 },
{ IntegerRing() | 30, 54 },
{ IntegerRing() | 33, 55 },
{ IntegerRing() | 34, 56 },
{ IntegerRing() | 35, 57 },
{ IntegerRing() | 37, 58 },
{ IntegerRing() | 38, 59 },
{ IntegerRing() | 41, 60 },
{ IntegerRing() | 42, 61 },
{ IntegerRing() | 44, 62 },
{ IntegerRing() | 47, 63 },
{ IntegerRing() | 51, 64 }
@};
edge1`UpstairsTriple := [ PermutationGroup<64 |  
\[ 2, 3, 4, 5, 6, 7, 8, 9, 10, 11, 12, 13, 14, 15, 16, 17, 18, 19, 20, 21, 22, 23, 24, 25, 26, 27, 28, 29, 30, 31, 32, 33, 34, 35, 36, 37, 38, 39, 40, 41, 42, 43, 44, 45, 46, 47, 48, 49, 50, 51, 52, 53, 54, 55, 56, 57, 58, 59, 60, 61, 62, 63, 64, 1 ],
\[ 2, 1, 3, 4, 5, 6, 7, 8, 9, 10, 11, 12, 13, 14, 15, 16, 17, 18, 19, 20, 21, 22, 23, 24, 25, 26, 27, 28, 29, 30, 31, 32, 33, 34, 35, 36, 37, 38, 39, 40, 41, 42, 43, 44, 45, 46, 47, 48, 49, 50, 51, 52, 53, 54, 55, 56, 57, 58, 59, 60, 61, 62, 63, 64 ]:
 Order := 126886932185884164103433389335161480802865516174545192198801894375214704230400000000000000 > |
[ 10, 28, 23, 22, 2, 5, 31, 32, 52, 9, 53, 54, 40, 8, 14, 50, 46, 7, 18, 49, 1, 11, 12, 21, 55, 56, 58, 27, 60, 62, 29, 30, 64, 43, 59, 16, 36, 61, 3, 26, 39, 63, 20, 57, 4, 25, 45, 6, 33, 34, 48, 37, 41, 44, 51, 17, 38, 13, 42, 15, 47, 35, 19, 24 ],
[ 3, 8, 13, 6, 14, 15, 1, 16, 12, 23, 2, 26, 35, 36, 37, 38, 19, 21, 24, 4, 39, 5, 40, 41, 7, 42, 30, 32, 9, 34, 10, 50, 11, 47, 20, 57, 44, 25, 58, 59, 27, 33, 45, 17, 48, 18, 51, 60, 22, 61, 29, 54, 28, 56, 31, 63, 46, 62, 49, 52, 55, 43, 64, 53 ],
[ 18, 22, 21, 43, 4, 45, 46, 5, 31, 7, 49, 10, 39, 6, 48, 14, 54, 17, 56, 62, 19, 20, 1, 63, 57, 23, 53, 11, 55, 28, 25, 2, 59, 32, 58, 15, 60, 36, 24, 3, 64, 40, 30, 52, 34, 44, 50, 47, 35, 8, 61, 29, 33, 9, 38, 12, 37, 41, 13, 51, 16, 27, 26, 42 ]
];
edge1`UpstairsFilename := "64S50-16,32,32-g29-3289166599.m";
edge1`DownstairsTriple := [ PermutationGroup<32 |  
\[ 2, 3, 4, 5, 6, 7, 8, 9, 10, 11, 12, 13, 14, 15, 16, 17, 18, 19, 20, 21, 22, 23, 24, 25, 26, 27, 28, 29, 30, 31, 32, 1 ],
\[ 2, 1, 3, 4, 5, 6, 7, 8, 9, 10, 11, 12, 13, 14, 15, 16, 17, 18, 19, 20, 21, 22, 23, 24, 25, 26, 27, 28, 29, 30, 31, 32 ]:
 Order := 263130836933693530167218012160000000 > |
[ 10, 21, 19, 18, 2, 5, 23, 16, 31, 9, 25, 30, 8, 13, 17, 7, 1, 11, 4, 27, 20, 28, 22, 12, 32, 15, 26, 29, 3, 6, 24, 14 ],
[ 3, 8, 12, 6, 13, 14, 1, 15, 4, 19, 2, 25, 26, 27, 28, 17, 29, 5, 30, 7, 16, 9, 10, 11, 21, 22, 23, 31, 24, 32, 18, 20 ],
[ 16, 18, 17, 10, 4, 19, 21, 5, 23, 7, 31, 29, 6, 30, 13, 2, 8, 9, 1, 25, 11, 27, 20, 28, 24, 14, 32, 26, 15, 3, 22, 12 ]
];
edge1`DownstairsFilename := "32S1-16,32,32-g15-3356040384.m";
Append(~s`Edges, edge1);
edge2 := TwoEdgeInitialize();
edge2`Blocks := {@ PowerSet(IntegerRing()) |
{ IntegerRing() | 1, 5 },
{ IntegerRing() | 2, 10 },
{ IntegerRing() | 3, 14 },
{ IntegerRing() | 4, 18 },
{ IntegerRing() | 6, 21 },
{ IntegerRing() | 7, 22 },
{ IntegerRing() | 8, 23 },
{ IntegerRing() | 9, 28 },
{ IntegerRing() | 11, 31 },
{ IntegerRing() | 12, 32 },
{ IntegerRing() | 13, 36 },
{ IntegerRing() | 15, 39 },
{ IntegerRing() | 16, 40 },
{ IntegerRing() | 17, 43 },
{ IntegerRing() | 19, 45 },
{ IntegerRing() | 20, 46 },
{ IntegerRing() | 24, 49 },
{ IntegerRing() | 25, 50 },
{ IntegerRing() | 26, 51 },
{ IntegerRing() | 27, 55 },
{ IntegerRing() | 29, 35 },
{ IntegerRing() | 30, 57 },
{ IntegerRing() | 33, 37 },
{ IntegerRing() | 34, 58 },
{ IntegerRing() | 38, 56 },
{ IntegerRing() | 41, 53 },
{ IntegerRing() | 42, 60 },
{ IntegerRing() | 44, 62 },
{ IntegerRing() | 47, 63 },
{ IntegerRing() | 48, 61 },
{ IntegerRing() | 52, 64 },
{ IntegerRing() | 54, 59 }
@};
edge2`UpstairsTriple := [ PermutationGroup<64 |  
\[ 2, 3, 4, 5, 6, 7, 8, 9, 10, 11, 12, 13, 14, 15, 16, 17, 18, 19, 20, 21, 22, 23, 24, 25, 26, 27, 28, 29, 30, 31, 32, 33, 34, 35, 36, 37, 38, 39, 40, 41, 42, 43, 44, 45, 46, 47, 48, 49, 50, 51, 52, 53, 54, 55, 56, 57, 58, 59, 60, 61, 62, 63, 64, 1 ],
\[ 2, 1, 3, 4, 5, 6, 7, 8, 9, 10, 11, 12, 13, 14, 15, 16, 17, 18, 19, 20, 21, 22, 23, 24, 25, 26, 27, 28, 29, 30, 31, 32, 33, 34, 35, 36, 37, 38, 39, 40, 41, 42, 43, 44, 45, 46, 47, 48, 49, 50, 51, 52, 53, 54, 55, 56, 57, 58, 59, 60, 61, 62, 63, 64 ]:
 Order := 126886932185884164103433389335161480802865516174545192198801894375214704230400000000000000 > |
[ 2, 9, 8, 7, 10, 1, 11, 12, 27, 28, 29, 30, 16, 23, 3, 26, 20, 22, 4, 25, 5, 31, 32, 6, 33, 34, 54, 55, 56, 44, 35, 57, 36, 17, 38, 40, 13, 42, 14, 51, 15, 47, 46, 48, 18, 50, 19, 53, 21, 37, 58, 24, 39, 64, 59, 60, 62, 43, 52, 63, 41, 61, 45, 49 ],
[ 3, 8, 13, 6, 14, 15, 1, 16, 12, 23, 2, 26, 35, 36, 37, 38, 19, 21, 24, 4, 39, 5, 40, 41, 7, 42, 30, 32, 9, 34, 10, 51, 11, 47, 28, 29, 31, 55, 33, 56, 50, 59, 45, 17, 49, 18, 52, 20, 53, 22, 60, 61, 25, 44, 57, 27, 58, 63, 62, 54, 46, 43, 64, 48 ],
[ 4, 7, 6, 17, 18, 19, 20, 1, 11, 22, 25, 2, 15, 21, 24, 3, 30, 43, 34, 44, 45, 46, 5, 47, 48, 8, 29, 31, 33, 9, 50, 10, 53, 12, 37, 39, 41, 13, 49, 14, 52, 16, 57, 27, 58, 62, 26, 54, 63, 61, 23, 42, 64, 56, 35, 36, 28, 32, 38, 40, 59, 55, 51, 60 ]
];
edge2`UpstairsFilename := "64S50-16,32,32-g29-1849786732.m";
edge2`DownstairsTriple := [ PermutationGroup<32 |  
\[ 2, 3, 4, 5, 6, 7, 8, 9, 10, 11, 12, 13, 14, 15, 16, 17, 18, 19, 20, 21, 22, 23, 24, 25, 26, 27, 28, 29, 30, 31, 32, 1 ],
\[ 2, 1, 3, 4, 5, 6, 7, 8, 9, 10, 11, 12, 13, 14, 15, 16, 17, 18, 19, 20, 21, 22, 23, 24, 25, 26, 27, 28, 29, 30, 31, 32 ]:
 Order := 263130836933693530167218012160000000 > |
[ 10, 21, 19, 18, 2, 5, 23, 16, 29, 9, 30, 28, 8, 13, 17, 7, 1, 11, 4, 31, 20, 32, 22, 25, 15, 27, 3, 6, 24, 26, 12, 14 ],
[ 3, 8, 12, 6, 13, 14, 1, 15, 4, 19, 2, 22, 25, 24, 26, 17, 27, 5, 28, 7, 16, 9, 10, 11, 30, 20, 31, 32, 18, 21, 23, 29 ],
[ 16, 18, 17, 10, 4, 19, 21, 5, 23, 7, 29, 27, 6, 28, 13, 2, 8, 9, 1, 30, 11, 31, 20, 32, 14, 25, 15, 3, 22, 24, 26, 12 ]
];
edge2`DownstairsFilename := "32S16-8,16,16-g13-844727125.m";
Append(~s`Edges, edge2);
edge3 := TwoEdgeInitialize();
edge3`Blocks := {@ PowerSet(IntegerRing()) |
{ IntegerRing() | 1, 5 },
{ IntegerRing() | 2, 10 },
{ IntegerRing() | 3, 13 },
{ IntegerRing() | 4, 16 },
{ IntegerRing() | 6, 17 },
{ IntegerRing() | 7, 18 },
{ IntegerRing() | 8, 19 },
{ IntegerRing() | 9, 21 },
{ IntegerRing() | 11, 23 },
{ IntegerRing() | 12, 26 },
{ IntegerRing() | 14, 29 },
{ IntegerRing() | 15, 30 },
{ IntegerRing() | 20, 31 },
{ IntegerRing() | 22, 33 },
{ IntegerRing() | 24, 35 },
{ IntegerRing() | 25, 38 },
{ IntegerRing() | 27, 41 },
{ IntegerRing() | 28, 42 },
{ IntegerRing() | 32, 43 },
{ IntegerRing() | 34, 45 },
{ IntegerRing() | 36, 47 },
{ IntegerRing() | 37, 50 },
{ IntegerRing() | 39, 53 },
{ IntegerRing() | 40, 54 },
{ IntegerRing() | 44, 55 },
{ IntegerRing() | 46, 57 },
{ IntegerRing() | 48, 59 },
{ IntegerRing() | 49, 60 },
{ IntegerRing() | 51, 61 },
{ IntegerRing() | 52, 62 },
{ IntegerRing() | 56, 63 },
{ IntegerRing() | 58, 64 }
@};
edge3`UpstairsTriple := [ PermutationGroup<64 |  
\[ 2, 3, 4, 5, 6, 7, 8, 9, 10, 11, 12, 13, 14, 15, 16, 17, 18, 19, 20, 21, 22, 23, 24, 25, 26, 27, 28, 29, 30, 31, 32, 33, 34, 35, 36, 37, 38, 39, 40, 41, 42, 43, 44, 45, 46, 47, 48, 49, 50, 51, 52, 53, 54, 55, 56, 57, 58, 59, 60, 61, 62, 63, 64, 1 ],
\[ 2, 1, 3, 4, 5, 6, 7, 8, 9, 10, 11, 12, 13, 14, 15, 16, 17, 18, 19, 20, 21, 22, 23, 24, 25, 26, 27, 28, 29, 30, 31, 32, 33, 34, 35, 36, 37, 38, 39, 40, 41, 42, 43, 44, 45, 46, 47, 48, 49, 50, 51, 52, 53, 54, 55, 56, 57, 58, 59, 60, 61, 62, 63, 64 ]:
 Order := 126886932185884164103433389335161480802865516174545192198801894375214704230400000000000000 > |
[ 10, 21, 19, 18, 2, 5, 23, 16, 31, 9, 33, 30, 8, 13, 17, 7, 1, 11, 4, 35, 20, 43, 22, 45, 42, 15, 26, 29, 3, 6, 24, 47, 32, 55, 34, 57, 54, 28, 38, 41, 12, 14, 36, 59, 44, 63, 46, 64, 62, 40, 50, 53, 25, 27, 48, 60, 56, 61, 58, 52, 37, 39, 49, 51 ],
[ 3, 8, 12, 6, 13, 14, 1, 15, 4, 19, 2, 25, 26, 27, 28, 17, 29, 5, 30, 7, 16, 9, 10, 11, 37, 38, 39, 40, 41, 42, 18, 20, 21, 22, 23, 24, 49, 50, 51, 52, 53, 54, 31, 32, 33, 34, 35, 36, 48, 60, 56, 58, 61, 62, 43, 44, 45, 46, 47, 59, 63, 64, 55, 57 ],
[ 16, 18, 17, 10, 4, 19, 21, 5, 23, 7, 31, 29, 6, 30, 13, 2, 8, 9, 1, 33, 11, 35, 20, 43, 41, 14, 42, 26, 15, 3, 22, 45, 24, 47, 32, 55, 53, 27, 54, 38, 28, 12, 34, 57, 36, 59, 44, 63, 61, 39, 62, 50, 40, 25, 46, 64, 48, 60, 56, 51, 52, 37, 58, 49 ]
];
edge3`UpstairsFilename := "64S50-16,32,32-g29-2201307704.m";
edge3`DownstairsTriple := [ PermutationGroup<32 |  
\[ 2, 3, 4, 5, 6, 7, 8, 9, 10, 11, 12, 13, 14, 15, 16, 17, 18, 19, 20, 21, 22, 23, 24, 25, 26, 27, 28, 29, 30, 31, 32, 1 ],
\[ 2, 1, 3, 4, 5, 6, 7, 8, 9, 10, 11, 12, 13, 14, 15, 16, 17, 18, 19, 20, 21, 22, 23, 24, 25, 26, 27, 28, 29, 30, 31, 32 ]:
 Order := 263130836933693530167218012160000000 > |
[ 2, 9, 8, 7, 10, 1, 11, 4, 20, 21, 22, 15, 19, 3, 6, 18, 5, 23, 16, 24, 31, 32, 25, 26, 28, 30, 12, 14, 13, 17, 27, 29 ],
[ 3, 8, 12, 6, 13, 14, 1, 15, 4, 19, 2, 25, 26, 27, 28, 17, 29, 5, 30, 7, 16, 9, 10, 11, 21, 22, 23, 31, 24, 32, 18, 20 ],
[ 4, 7, 6, 2, 16, 8, 9, 1, 11, 18, 20, 14, 17, 15, 3, 10, 19, 21, 5, 22, 23, 24, 31, 32, 27, 29, 28, 12, 30, 13, 25, 26 ]
];
edge3`DownstairsFilename := "32S1-16,32,32-g15-3709623192.m";
Append(~s`Edges, edge3);

/*
Return for eval
*/

return s;
