s := TwoDBInitialize();

/*
Magma printing
*/

s`Name := "64S50-4,32,32-g23-866356074";
s`Filename := "64S50-4,32,32-g23-866356074.m";
s`Degree := 64;
s`Orders := \[ 4, 32, 32 ];
s`Geometry := "Hyperbolic";
s`Genus := 23;
s`Level := 6;
s`PermutationTriple := [ PermutationGroup<64 |  
\[ 2, 3, 4, 5, 6, 7, 8, 9, 10, 11, 12, 13, 14, 15, 16, 17, 18, 19, 20, 21, 22, 23, 24, 25, 26, 27, 28, 29, 30, 31, 32, 33, 34, 35, 36, 37, 38, 39, 40, 41, 42, 43, 44, 45, 46, 47, 48, 49, 50, 51, 52, 53, 54, 55, 56, 57, 58, 59, 60, 61, 62, 63, 64, 1 ],
\[ 2, 1, 3, 4, 5, 6, 7, 8, 9, 10, 11, 12, 13, 14, 15, 16, 17, 18, 19, 20, 21, 22, 23, 24, 25, 26, 27, 28, 29, 30, 31, 32, 33, 34, 35, 36, 37, 38, 39, 40, 41, 42, 43, 44, 45, 46, 47, 48, 49, 50, 51, 52, 53, 54, 55, 56, 57, 58, 59, 60, 61, 62, 63, 64 ]:
 Order := 126886932185884164103433389335161480802865516174545192198801894375214704230400000000000000 > |
[ 10, 26, 23, 22, 2, 5, 27, 28, 21, 9, 40, 34, 35, 8, 14, 44, 41, 7, 18, 43, 1, 11, 12, 47, 48, 6, 19, 15, 38, 32, 52, 16, 54, 3, 25, 60, 57, 20, 58, 4, 24, 59, 29, 30, 56, 50, 17, 13, 62, 33, 63, 36, 64, 46, 61, 39, 42, 45, 37, 31, 51, 53, 55, 49 ],
[ 3, 8, 13, 6, 14, 15, 1, 16, 12, 23, 2, 25, 31, 32, 30, 33, 19, 21, 9, 4, 34, 5, 35, 7, 36, 28, 10, 44, 11, 46, 49, 50, 51, 48, 52, 53, 29, 40, 17, 26, 18, 20, 22, 54, 24, 55, 27, 60, 42, 61, 45, 62, 37, 63, 39, 47, 38, 41, 43, 64, 58, 59, 56, 57 ],
[ 18, 22, 21, 38, 4, 40, 41, 5, 27, 7, 43, 10, 34, 6, 26, 14, 56, 17, 47, 57, 19, 20, 1, 58, 23, 11, 24, 2, 59, 28, 48, 15, 32, 9, 3, 35, 62, 37, 63, 29, 39, 64, 42, 8, 61, 44, 45, 12, 60, 30, 50, 13, 52, 16, 54, 51, 53, 55, 49, 25, 46, 31, 33, 36 ]
];
s`MonodromyGroup := PermutationGroup<64 |  
\[ 10, 26, 23, 22, 2, 5, 27, 28, 21, 9, 40, 34, 35, 8, 14, 44, 41, 7, 18, 43, 1, 11, 12, 47, 48, 6, 19, 15, 38, 32, 52, 16, 54, 3, 25, 60, 57, 20, 58, 4, 24, 59, 29, 30, 56, 50, 17, 13, 62, 33, 63, 36, 64, 46, 61, 39, 42, 45, 37, 31, 51, 53, 55, 49 ],
\[ 3, 8, 13, 6, 14, 15, 1, 16, 12, 23, 2, 25, 31, 32, 30, 33, 19, 21, 9, 4, 34, 5, 35, 7, 36, 28, 10, 44, 11, 46, 49, 50, 51, 48, 52, 53, 29, 40, 17, 26, 18, 20, 22, 54, 24, 55, 27, 60, 42, 61, 45, 62, 37, 63, 39, 47, 38, 41, 43, 64, 58, 59, 56, 57 ],
\[ 18, 22, 21, 38, 4, 40, 41, 5, 27, 7, 43, 10, 34, 6, 26, 14, 56, 17, 47, 57, 19, 20, 1, 58, 23, 11, 24, 2, 59, 28, 48, 15, 32, 9, 3, 35, 62, 37, 63, 29, 39, 64, 42, 8, 61, 44, 45, 12, 60, 30, 50, 13, 52, 16, 54, 51, 53, 55, 49, 25, 46, 31, 33, 36 ] >;

/*
Edge printing
*/

s`Edges := [];
edge1 := TwoEdgeInitialize();
edge1`Blocks := {@ PowerSet(IntegerRing()) |
{ IntegerRing() | 1, 5 },
{ IntegerRing() | 2, 10 },
{ IntegerRing() | 3, 14 },
{ IntegerRing() | 4, 18 },
{ IntegerRing() | 6, 21 },
{ IntegerRing() | 7, 22 },
{ IntegerRing() | 8, 23 },
{ IntegerRing() | 9, 26 },
{ IntegerRing() | 11, 27 },
{ IntegerRing() | 12, 28 },
{ IntegerRing() | 13, 32 },
{ IntegerRing() | 15, 34 },
{ IntegerRing() | 16, 35 },
{ IntegerRing() | 17, 38 },
{ IntegerRing() | 19, 40 },
{ IntegerRing() | 20, 41 },
{ IntegerRing() | 24, 43 },
{ IntegerRing() | 25, 44 },
{ IntegerRing() | 29, 47 },
{ IntegerRing() | 30, 48 },
{ IntegerRing() | 31, 50 },
{ IntegerRing() | 33, 52 },
{ IntegerRing() | 36, 54 },
{ IntegerRing() | 37, 56 },
{ IntegerRing() | 39, 57 },
{ IntegerRing() | 42, 58 },
{ IntegerRing() | 45, 59 },
{ IntegerRing() | 46, 60 },
{ IntegerRing() | 49, 61 },
{ IntegerRing() | 51, 62 },
{ IntegerRing() | 53, 63 },
{ IntegerRing() | 55, 64 }
@};
edge1`UpstairsTriple := [ PermutationGroup<64 |  
\[ 2, 3, 4, 5, 6, 7, 8, 9, 10, 11, 12, 13, 14, 15, 16, 17, 18, 19, 20, 21, 22, 23, 24, 25, 26, 27, 28, 29, 30, 31, 32, 33, 34, 35, 36, 37, 38, 39, 40, 41, 42, 43, 44, 45, 46, 47, 48, 49, 50, 51, 52, 53, 54, 55, 56, 57, 58, 59, 60, 61, 62, 63, 64, 1 ],
\[ 2, 1, 3, 4, 5, 6, 7, 8, 9, 10, 11, 12, 13, 14, 15, 16, 17, 18, 19, 20, 21, 22, 23, 24, 25, 26, 27, 28, 29, 30, 31, 32, 33, 34, 35, 36, 37, 38, 39, 40, 41, 42, 43, 44, 45, 46, 47, 48, 49, 50, 51, 52, 53, 54, 55, 56, 57, 58, 59, 60, 61, 62, 63, 64 ]:
 Order := 126886932185884164103433389335161480802865516174545192198801894375214704230400000000000000 > |
[ 10, 26, 23, 22, 2, 5, 27, 28, 21, 9, 40, 34, 35, 8, 14, 44, 41, 7, 18, 43, 1, 11, 12, 47, 48, 6, 19, 15, 38, 32, 52, 16, 54, 3, 25, 60, 57, 20, 58, 4, 24, 59, 29, 30, 56, 50, 17, 13, 62, 33, 63, 36, 64, 46, 61, 39, 42, 45, 37, 31, 51, 53, 55, 49 ],
[ 3, 8, 13, 6, 14, 15, 1, 16, 12, 23, 2, 25, 31, 32, 30, 33, 19, 21, 9, 4, 34, 5, 35, 7, 36, 28, 10, 44, 11, 46, 49, 50, 51, 48, 52, 53, 29, 40, 17, 26, 18, 20, 22, 54, 24, 55, 27, 60, 42, 61, 45, 62, 37, 63, 39, 47, 38, 41, 43, 64, 58, 59, 56, 57 ],
[ 18, 22, 21, 38, 4, 40, 41, 5, 27, 7, 43, 10, 34, 6, 26, 14, 56, 17, 47, 57, 19, 20, 1, 58, 23, 11, 24, 2, 59, 28, 48, 15, 32, 9, 3, 35, 62, 37, 63, 29, 39, 64, 42, 8, 61, 44, 45, 12, 60, 30, 50, 13, 52, 16, 54, 51, 53, 55, 49, 25, 46, 31, 33, 36 ]
];
edge1`UpstairsFilename := "64S50-4,32,32-g23-866356074.m";
edge1`DownstairsTriple := [ PermutationGroup<32 |  
\[ 2, 3, 4, 5, 6, 7, 8, 9, 10, 11, 12, 13, 14, 15, 16, 17, 18, 19, 20, 21, 22, 23, 24, 25, 26, 27, 28, 29, 30, 31, 32, 1 ],
\[ 2, 1, 3, 4, 5, 6, 7, 8, 9, 10, 11, 12, 13, 14, 15, 16, 17, 18, 19, 20, 21, 22, 23, 24, 25, 26, 27, 28, 29, 30, 31, 32 ]:
 Order := 263130836933693530167218012160000000 > |
[ 6, 1, 8, 7, 2, 5, 15, 12, 3, 4, 13, 9, 18, 16, 10, 17, 20, 19, 11, 14, 22, 23, 28, 25, 26, 27, 24, 21, 30, 31, 32, 29 ],
[ 3, 9, 11, 2, 12, 8, 1, 13, 19, 5, 21, 18, 22, 10, 6, 4, 7, 23, 28, 15, 29, 30, 31, 20, 14, 16, 17, 32, 26, 27, 24, 25 ],
[ 4, 10, 2, 14, 15, 7, 16, 1, 5, 20, 9, 6, 3, 24, 17, 25, 26, 8, 12, 27, 19, 11, 13, 30, 31, 32, 29, 18, 28, 21, 22, 23 ]
];
edge1`DownstairsFilename := "32S1-4,32,32-g12-1585529463.m";
Append(~s`Edges, edge1);
edge2 := TwoEdgeInitialize();
edge2`Blocks := {@ PowerSet(IntegerRing()) |
{ IntegerRing() | 1, 5 },
{ IntegerRing() | 2, 6 },
{ IntegerRing() | 3, 12 },
{ IntegerRing() | 4, 15 },
{ IntegerRing() | 7, 10 },
{ IntegerRing() | 8, 9 },
{ IntegerRing() | 11, 18 },
{ IntegerRing() | 13, 19 },
{ IntegerRing() | 14, 17 },
{ IntegerRing() | 16, 20 },
{ IntegerRing() | 21, 23 },
{ IntegerRing() | 22, 28 },
{ IntegerRing() | 24, 26 },
{ IntegerRing() | 25, 27 },
{ IntegerRing() | 29, 31 },
{ IntegerRing() | 30, 32 },
{ IntegerRing() | 33, 35 },
{ IntegerRing() | 34, 36 },
{ IntegerRing() | 37, 39 },
{ IntegerRing() | 38, 40 },
{ IntegerRing() | 41, 43 },
{ IntegerRing() | 42, 44 },
{ IntegerRing() | 45, 47 },
{ IntegerRing() | 46, 48 },
{ IntegerRing() | 49, 51 },
{ IntegerRing() | 50, 52 },
{ IntegerRing() | 53, 55 },
{ IntegerRing() | 54, 56 },
{ IntegerRing() | 57, 59 },
{ IntegerRing() | 58, 60 },
{ IntegerRing() | 61, 63 },
{ IntegerRing() | 62, 64 }
@};
edge2`UpstairsTriple := [ PermutationGroup<64 |  
\[ 2, 3, 4, 5, 6, 7, 8, 9, 10, 11, 12, 13, 14, 15, 16, 17, 18, 19, 20, 21, 22, 23, 24, 25, 26, 27, 28, 29, 30, 31, 32, 33, 34, 35, 36, 37, 38, 39, 40, 41, 42, 43, 44, 45, 46, 47, 48, 49, 50, 51, 52, 53, 54, 55, 56, 57, 58, 59, 60, 61, 62, 63, 64, 1 ],
\[ 2, 1, 3, 4, 5, 6, 7, 8, 9, 10, 11, 12, 13, 14, 15, 16, 17, 18, 19, 20, 21, 22, 23, 24, 25, 26, 27, 28, 29, 30, 31, 32, 33, 34, 35, 36, 37, 38, 39, 40, 41, 42, 43, 44, 45, 46, 47, 48, 49, 50, 51, 52, 53, 54, 55, 56, 57, 58, 59, 60, 61, 62, 63, 64 ]:
 Order := 126886932185884164103433389335161480802865516174545192198801894375214704230400000000000000 > |
[ 6, 1, 8, 7, 2, 5, 15, 12, 3, 4, 13, 9, 18, 16, 10, 17, 20, 19, 11, 14, 22, 23, 28, 25, 26, 27, 24, 21, 30, 31, 32, 29, 34, 35, 36, 33, 38, 39, 40, 37, 42, 43, 44, 41, 46, 47, 48, 45, 50, 51, 52, 49, 54, 55, 56, 53, 58, 59, 60, 57, 62, 63, 64, 61 ],
[ 3, 9, 11, 2, 12, 8, 1, 13, 19, 5, 21, 18, 22, 10, 6, 4, 7, 23, 28, 15, 29, 30, 31, 20, 14, 16, 17, 32, 37, 38, 39, 40, 27, 24, 25, 26, 45, 46, 47, 48, 36, 33, 34, 35, 53, 54, 55, 56, 44, 41, 42, 43, 61, 62, 63, 64, 52, 49, 50, 51, 58, 59, 60, 57 ],
[ 4, 10, 2, 14, 15, 7, 16, 1, 5, 20, 9, 6, 3, 24, 17, 25, 26, 8, 12, 27, 19, 11, 13, 33, 34, 35, 36, 18, 28, 21, 22, 23, 41, 42, 43, 44, 32, 29, 30, 31, 49, 50, 51, 52, 40, 37, 38, 39, 57, 58, 59, 60, 48, 45, 46, 47, 63, 64, 61, 62, 56, 53, 54, 55 ]
];
edge2`UpstairsFilename := "64S50-4,32,32-g23-2609872012.m";
edge2`DownstairsTriple := [ PermutationGroup<32 |  
\[ 2, 3, 4, 5, 6, 7, 8, 9, 10, 11, 12, 13, 14, 15, 16, 17, 18, 19, 20, 21, 22, 23, 24, 25, 26, 27, 28, 29, 30, 31, 32, 1 ],
\[ 2, 1, 3, 4, 5, 6, 7, 8, 9, 10, 11, 12, 13, 14, 15, 16, 17, 18, 19, 20, 21, 22, 23, 24, 25, 26, 27, 28, 29, 30, 31, 32 ]:
 Order := 263130836933693530167218012160000000 > |
[ 4, 6, 8, 1, 10, 2, 12, 3, 14, 5, 16, 7, 18, 9, 20, 11, 22, 13, 24, 15, 26, 17, 28, 19, 30, 21, 31, 23, 32, 25, 27, 29 ],
[ 2, 5, 1, 6, 9, 10, 3, 4, 13, 14, 7, 8, 17, 18, 11, 12, 21, 22, 15, 16, 25, 26, 19, 20, 29, 30, 23, 24, 27, 32, 28, 31 ],
[ 8, 4, 12, 3, 6, 1, 16, 7, 10, 2, 20, 11, 14, 5, 24, 15, 18, 9, 28, 19, 22, 13, 31, 23, 26, 17, 32, 27, 30, 21, 29, 25 ]
];
edge2`DownstairsFilename := "32S16-2,16,16-g7-1491906305.m";
Append(~s`Edges, edge2);
edge3 := TwoEdgeInitialize();
edge3`Blocks := {@ PowerSet(IntegerRing()) |
{ IntegerRing() | 1, 5 },
{ IntegerRing() | 2, 10 },
{ IntegerRing() | 3, 14 },
{ IntegerRing() | 4, 18 },
{ IntegerRing() | 6, 21 },
{ IntegerRing() | 7, 22 },
{ IntegerRing() | 8, 23 },
{ IntegerRing() | 9, 26 },
{ IntegerRing() | 11, 27 },
{ IntegerRing() | 12, 28 },
{ IntegerRing() | 13, 32 },
{ IntegerRing() | 15, 34 },
{ IntegerRing() | 16, 35 },
{ IntegerRing() | 17, 38 },
{ IntegerRing() | 19, 40 },
{ IntegerRing() | 20, 41 },
{ IntegerRing() | 24, 43 },
{ IntegerRing() | 25, 44 },
{ IntegerRing() | 29, 47 },
{ IntegerRing() | 30, 48 },
{ IntegerRing() | 31, 50 },
{ IntegerRing() | 33, 52 },
{ IntegerRing() | 36, 54 },
{ IntegerRing() | 37, 56 },
{ IntegerRing() | 39, 57 },
{ IntegerRing() | 42, 58 },
{ IntegerRing() | 45, 59 },
{ IntegerRing() | 46, 60 },
{ IntegerRing() | 49, 61 },
{ IntegerRing() | 51, 62 },
{ IntegerRing() | 53, 63 },
{ IntegerRing() | 55, 64 }
@};
edge3`UpstairsTriple := [ PermutationGroup<64 |  
\[ 2, 3, 4, 5, 6, 7, 8, 9, 10, 11, 12, 13, 14, 15, 16, 17, 18, 19, 20, 21, 22, 23, 24, 25, 26, 27, 28, 29, 30, 31, 32, 33, 34, 35, 36, 37, 38, 39, 40, 41, 42, 43, 44, 45, 46, 47, 48, 49, 50, 51, 52, 53, 54, 55, 56, 57, 58, 59, 60, 61, 62, 63, 64, 1 ],
\[ 2, 1, 3, 4, 5, 6, 7, 8, 9, 10, 11, 12, 13, 14, 15, 16, 17, 18, 19, 20, 21, 22, 23, 24, 25, 26, 27, 28, 29, 30, 31, 32, 33, 34, 35, 36, 37, 38, 39, 40, 41, 42, 43, 44, 45, 46, 47, 48, 49, 50, 51, 52, 53, 54, 55, 56, 57, 58, 59, 60, 61, 62, 63, 64 ]:
 Order := 126886932185884164103433389335161480802865516174545192198801894375214704230400000000000000 > |
[ 10, 26, 23, 22, 2, 5, 27, 28, 21, 9, 40, 34, 35, 8, 14, 44, 41, 7, 18, 43, 1, 11, 12, 47, 48, 6, 19, 15, 38, 32, 52, 16, 54, 3, 25, 60, 57, 20, 58, 4, 24, 59, 29, 30, 56, 50, 17, 13, 62, 33, 63, 36, 64, 46, 61, 39, 42, 45, 37, 31, 51, 53, 55, 49 ],
[ 3, 8, 13, 6, 14, 15, 1, 16, 12, 23, 2, 25, 31, 32, 30, 33, 19, 21, 9, 4, 34, 5, 35, 7, 36, 28, 10, 44, 11, 46, 49, 50, 51, 48, 52, 53, 29, 40, 17, 26, 18, 20, 22, 54, 24, 55, 27, 60, 37, 61, 39, 62, 42, 63, 45, 47, 38, 41, 43, 64, 56, 57, 58, 59 ],
[ 18, 22, 21, 38, 4, 40, 41, 5, 27, 7, 43, 10, 34, 6, 26, 14, 56, 17, 47, 57, 19, 20, 1, 58, 23, 11, 24, 2, 59, 28, 48, 15, 32, 9, 3, 35, 64, 37, 61, 29, 39, 62, 42, 8, 63, 44, 45, 12, 60, 30, 50, 13, 52, 16, 54, 55, 49, 51, 53, 25, 46, 31, 33, 36 ]
];
edge3`UpstairsFilename := "64S50-4,32,32-g23-2864976161.m";
edge3`DownstairsTriple := [ PermutationGroup<32 |  
\[ 2, 3, 4, 5, 6, 7, 8, 9, 10, 11, 12, 13, 14, 15, 16, 17, 18, 19, 20, 21, 22, 23, 24, 25, 26, 27, 28, 29, 30, 31, 32, 1 ],
\[ 2, 1, 3, 4, 5, 6, 7, 8, 9, 10, 11, 12, 13, 14, 15, 16, 17, 18, 19, 20, 21, 22, 23, 24, 25, 26, 27, 28, 29, 30, 31, 32 ]:
 Order := 263130836933693530167218012160000000 > |
[ 2, 5, 9, 10, 6, 1, 4, 3, 12, 15, 19, 8, 11, 20, 7, 14, 16, 13, 18, 17, 28, 21, 22, 27, 24, 25, 26, 23, 32, 29, 30, 31 ],
[ 12, 8, 18, 6, 3, 9, 5, 19, 13, 1, 23, 11, 28, 7, 2, 15, 10, 21, 22, 4, 31, 32, 29, 16, 17, 20, 14, 30, 24, 25, 26, 27 ],
[ 4, 10, 2, 14, 15, 7, 16, 1, 5, 20, 9, 6, 3, 24, 17, 25, 26, 8, 12, 27, 19, 11, 13, 30, 31, 32, 29, 18, 28, 21, 22, 23 ]
];
edge3`DownstairsFilename := "32S1-4,32,32-g12-3270441283.m";
Append(~s`Edges, edge3);

/*
Return for eval
*/

return s;
