s := TwoDBInitialize();

/*
Magma printing
*/

s`AutomorphismGroup := PermutationGroup<64 |  
\[ 27, 38, 7, 43, 12, 16, 14, 24, 58, 37, 39, 1, 25, 21, 26, 2, 56, 45, 47, 63, 3, 42, 44, 15, 29, 8, 5, 46, 36, 48, 34, 64, 60, 35, 52, 13, 4, 6, 23, 53, 49, 9, 10, 11, 30, 41, 17, 18, 28, 54, 62, 31, 55, 57, 59, 19, 61, 22, 40, 20, 50, 32, 33, 51 ],
\[ 21, 26, 5, 36, 7, 24, 12, 6, 49, 25, 45, 14, 10, 1, 2, 15, 52, 11, 34, 59, 27, 46, 48, 16, 37, 38, 3, 22, 4, 23, 19, 50, 53, 47, 17, 43, 29, 8, 30, 33, 9, 41, 13, 18, 39, 42, 35, 44, 58, 64, 57, 56, 60, 51, 20, 31, 62, 28, 63, 55, 32, 61, 40, 54 ],
\[ 38, 12, 58, 14, 16, 27, 37, 39, 21, 3, 26, 63, 34, 42, 44, 64, 15, 29, 8, 5, 43, 7, 24, 47, 48, 56, 60, 35, 52, 13, 36, 6, 1, 49, 25, 45, 54, 62, 53, 11, 31, 57, 61, 59, 41, 18, 55, 28, 30, 10, 2, 46, 19, 22, 23, 40, 4, 50, 17, 32, 9, 33, 51, 20 ]:
 Order := 64 >;
s`Blocks := {@ PowerSet(IntegerRing()) |
{ IntegerRing() | 1, 5 },
{ IntegerRing() | 2, 6 },
{ IntegerRing() | 3, 14 },
{ IntegerRing() | 4, 10 },
{ IntegerRing() | 7, 21 },
{ IntegerRing() | 8, 15 },
{ IntegerRing() | 9, 22 },
{ IntegerRing() | 11, 23 },
{ IntegerRing() | 12, 27 },
{ IntegerRing() | 13, 29 },
{ IntegerRing() | 16, 38 },
{ IntegerRing() | 17, 19 },
{ IntegerRing() | 18, 30 },
{ IntegerRing() | 20, 33 },
{ IntegerRing() | 24, 26 },
{ IntegerRing() | 25, 36 },
{ IntegerRing() | 28, 41 },
{ IntegerRing() | 31, 35 },
{ IntegerRing() | 32, 51 },
{ IntegerRing() | 34, 52 },
{ IntegerRing() | 37, 43 },
{ IntegerRing() | 39, 44 },
{ IntegerRing() | 40, 55 },
{ IntegerRing() | 42, 58 },
{ IntegerRing() | 45, 48 },
{ IntegerRing() | 46, 49 },
{ IntegerRing() | 47, 56 },
{ IntegerRing() | 50, 57 },
{ IntegerRing() | 53, 59 },
{ IntegerRing() | 54, 61 },
{ IntegerRing() | 60, 63 },
{ IntegerRing() | 62, 64 }
@};
s`Child := "32S6-2,4,4-g1-path11";
s`Degree := 64;
s`Filename := "64S5-4,8,8-g17-path48.m";
s`GaloisOrbit := [ PowerSequence(PermutationGroup<64 |  
\[ 2, 3, 4, 5, 6, 7, 8, 9, 10, 11, 12, 13, 14, 15, 16, 17, 18, 19, 20, 21, 22, 23, 24, 25, 26, 27, 28, 29, 30, 31, 32, 33, 34, 35, 36, 37, 38, 39, 40, 41, 42, 43, 44, 45, 46, 47, 48, 49, 50, 51, 52, 53, 54, 55, 56, 57, 58, 59, 60, 61, 62, 63, 64, 1 ],
\[ 2, 1, 3, 4, 5, 6, 7, 8, 9, 10, 11, 12, 13, 14, 15, 16, 17, 18, 19, 20, 21, 22, 23, 24, 25, 26, 27, 28, 29, 30, 31, 32, 33, 34, 35, 36, 37, 38, 39, 40, 41, 42, 43, 44, 45, 46, 47, 48, 49, 50, 51, 52, 53, 54, 55, 56, 57, 58, 59, 60, 61, 62, 63, 64 ]:
 Order := 126886932185884164103433389335161480802865516174545192198801894375214704230400000000000000 >) |
[ PermutationGroup<64 |  
\[ 2, 3, 4, 5, 6, 7, 8, 9, 10, 11, 12, 13, 14, 15, 16, 17, 18, 19, 20, 21, 22, 23, 24, 25, 26, 27, 28, 29, 30, 31, 32, 33, 34, 35, 36, 37, 38, 39, 40, 41, 42, 43, 44, 45, 46, 47, 48, 49, 50, 51, 52, 53, 54, 55, 56, 57, 58, 59, 60, 61, 62, 63, 64, 1 ],
\[ 2, 1, 3, 4, 5, 6, 7, 8, 9, 10, 11, 12, 13, 14, 15, 16, 17, 18, 19, 20, 21, 22, 23, 24, 25, 26, 27, 28, 29, 30, 31, 32, 33, 34, 35, 36, 37, 38, 39, 40, 41, 42, 43, 44, 45, 46, 47, 48, 49, 50, 51, 52, 53, 54, 55, 56, 57, 58, 59, 60, 61, 62, 63, 64 ]:
 Order := 126886932185884164103433389335161480802865516174545192198801894375214704230400000000000000 > |
[ 2, 5, 8, 17, 6, 1, 24, 14, 11, 19, 22, 16, 31, 15, 3, 27, 10, 28, 4, 32, 26, 23, 9, 21, 34, 7, 38, 30, 35, 41, 29, 33, 51, 36, 13, 52, 47, 12, 42, 54, 18, 44, 56, 58, 46, 48, 43, 49, 45, 53, 20, 25, 57, 55, 61, 37, 59, 39, 50, 62, 40, 63, 64, 60 ],
[ 3, 9, 12, 6, 14, 22, 1, 28, 20, 2, 34, 21, 15, 27, 41, 42, 45, 19, 48, 4, 5, 33, 52, 46, 26, 49, 7, 40, 8, 17, 23, 54, 10, 44, 11, 24, 38, 58, 35, 13, 55, 60, 16, 31, 47, 53, 18, 56, 59, 51, 61, 39, 25, 62, 29, 30, 32, 63, 36, 37, 64, 50, 43, 57 ],
[ 4, 7, 13, 18, 10, 21, 25, 1, 31, 30, 2, 37, 39, 29, 5, 3, 20, 15, 33, 50, 36, 35, 6, 27, 23, 12, 43, 47, 44, 8, 40, 9, 57, 53, 55, 11, 48, 14, 38, 51, 56, 52, 45, 16, 26, 17, 60, 24, 19, 49, 22, 59, 62, 28, 32, 63, 46, 34, 64, 61, 41, 42, 54, 58 ]
]
];
s`GaloisOrbitSize := 1;
s`Genus := 17;
s`Geometry := "Hyperbolic";
s`Level := 6;
s`MonodromyGroup := PermutationGroup<64 |  
\[ 2, 5, 8, 17, 6, 1, 24, 14, 11, 19, 22, 16, 31, 15, 3, 27, 10, 28, 4, 32, 26, 23, 9, 21, 34, 7, 38, 30, 35, 41, 29, 33, 51, 36, 13, 52, 47, 12, 42, 54, 18, 44, 56, 58, 46, 48, 43, 49, 45, 53, 20, 25, 57, 55, 61, 37, 59, 39, 50, 62, 40, 63, 64, 60 ],
\[ 3, 9, 12, 6, 14, 22, 1, 28, 20, 2, 34, 21, 15, 27, 41, 42, 45, 19, 48, 4, 5, 33, 52, 46, 26, 49, 7, 40, 8, 17, 23, 54, 10, 44, 11, 24, 38, 58, 35, 13, 55, 60, 16, 31, 47, 53, 18, 56, 59, 51, 61, 39, 25, 62, 29, 30, 32, 63, 36, 37, 64, 50, 43, 57 ],
\[ 4, 7, 13, 18, 10, 21, 25, 1, 31, 30, 2, 37, 39, 29, 5, 3, 20, 15, 33, 50, 36, 35, 6, 27, 23, 12, 43, 47, 44, 8, 40, 9, 57, 53, 55, 11, 48, 14, 38, 51, 56, 52, 45, 16, 26, 17, 60, 24, 19, 49, 22, 59, 62, 28, 32, 63, 46, 34, 64, 61, 41, 42, 54, 58 ] >;
s`Name := "64S5-4,8,8-g17-path48";
s`Orders := \[ 4, 8, 8 ];
s`Passport := [ PowerSequence(PermutationGroup<64 |  
\[ 2, 5, 8, 17, 6, 1, 24, 14, 11, 19, 22, 16, 31, 15, 3, 27, 10, 28, 4, 32, 26, 23, 9, 21, 34, 7, 38, 30, 35, 41, 29, 33, 51, 36, 13, 52, 47, 12, 42, 54, 18, 44, 56, 58, 46, 48, 43, 49, 45, 53, 20, 25, 57, 55, 61, 37, 59, 39, 50, 62, 40, 63, 64, 60 ],
\[ 3, 9, 12, 6, 14, 22, 1, 28, 20, 2, 34, 21, 15, 27, 41, 42, 45, 19, 48, 4, 5, 33, 52, 46, 26, 49, 7, 40, 8, 17, 23, 54, 10, 44, 11, 24, 38, 58, 35, 13, 55, 60, 16, 31, 47, 53, 18, 56, 59, 51, 61, 39, 25, 62, 29, 30, 32, 63, 36, 37, 64, 50, 43, 57 ],
\[ 4, 7, 13, 18, 10, 21, 25, 1, 31, 30, 2, 37, 39, 29, 5, 3, 20, 15, 33, 50, 36, 35, 6, 27, 23, 12, 43, 47, 44, 8, 40, 9, 57, 53, 55, 11, 48, 14, 38, 51, 56, 52, 45, 16, 26, 17, 60, 24, 19, 49, 22, 59, 62, 28, 32, 63, 46, 34, 64, 61, 41, 42, 54, 58 ]:
 Order := 64 >) |
[ PermutationGroup<64 |  
\[ 2, 5, 8, 17, 6, 1, 24, 14, 11, 19, 22, 16, 31, 15, 3, 27, 10, 28, 4, 32, 26, 23, 9, 21, 34, 7, 38, 30, 35, 41, 29, 33, 51, 36, 13, 52, 47, 12, 42, 54, 18, 44, 56, 58, 46, 48, 43, 49, 45, 53, 20, 25, 57, 55, 61, 37, 59, 39, 50, 62, 40, 63, 64, 60 ],
\[ 3, 9, 12, 6, 14, 22, 1, 28, 20, 2, 34, 21, 15, 27, 41, 42, 45, 19, 48, 4, 5, 33, 52, 46, 26, 49, 7, 40, 8, 17, 23, 54, 10, 44, 11, 24, 38, 58, 35, 13, 55, 60, 16, 31, 47, 53, 18, 56, 59, 51, 61, 39, 25, 62, 29, 30, 32, 63, 36, 37, 64, 50, 43, 57 ],
\[ 4, 7, 13, 18, 10, 21, 25, 1, 31, 30, 2, 37, 39, 29, 5, 3, 20, 15, 33, 50, 36, 35, 6, 27, 23, 12, 43, 47, 44, 8, 40, 9, 57, 53, 55, 11, 48, 14, 38, 51, 56, 52, 45, 16, 26, 17, 60, 24, 19, 49, 22, 59, 62, 28, 32, 63, 46, 34, 64, 61, 41, 42, 54, 58 ]:
 Order := 64 > |
[ 25, 30, 4, 50, 36, 18, 43, 44, 7, 57, 55, 13, 51, 10, 39, 45, 8, 60, 15, 31, 37, 21, 40, 11, 62, 23, 29, 1, 32, 63, 16, 46, 35, 2, 38, 64, 61, 48, 59, 47, 5, 3, 54, 53, 20, 27, 26, 33, 12, 42, 49, 6, 17, 9, 56, 24, 58, 14, 19, 52, 22, 28, 34, 41 ],
[ 3, 9, 12, 6, 14, 22, 1, 28, 20, 2, 34, 21, 15, 27, 41, 42, 45, 19, 48, 4, 5, 33, 52, 46, 26, 49, 7, 40, 8, 17, 23, 54, 10, 44, 11, 24, 38, 58, 35, 13, 55, 60, 16, 31, 47, 53, 18, 56, 59, 51, 61, 39, 25, 62, 29, 30, 32, 63, 36, 37, 64, 50, 43, 57 ],
[ 8, 11, 16, 1, 15, 23, 2, 30, 32, 5, 36, 26, 3, 38, 18, 44, 46, 4, 49, 17, 6, 51, 25, 48, 7, 45, 24, 54, 14, 10, 9, 55, 19, 58, 22, 21, 12, 39, 13, 31, 61, 62, 27, 29, 43, 57, 28, 37, 50, 20, 40, 42, 34, 63, 35, 41, 33, 64, 52, 47, 60, 53, 56, 59 ]
],
[ PermutationGroup<64 |  
\[ 2, 5, 8, 17, 6, 1, 24, 14, 11, 19, 22, 16, 31, 15, 3, 27, 10, 28, 4, 32, 26, 23, 9, 21, 34, 7, 38, 30, 35, 41, 29, 33, 51, 36, 13, 52, 47, 12, 42, 54, 18, 44, 56, 58, 46, 48, 43, 49, 45, 53, 20, 25, 57, 55, 61, 37, 59, 39, 50, 62, 40, 63, 64, 60 ],
\[ 3, 9, 12, 6, 14, 22, 1, 28, 20, 2, 34, 21, 15, 27, 41, 42, 45, 19, 48, 4, 5, 33, 52, 46, 26, 49, 7, 40, 8, 17, 23, 54, 10, 44, 11, 24, 38, 58, 35, 13, 55, 60, 16, 31, 47, 53, 18, 56, 59, 51, 61, 39, 25, 62, 29, 30, 32, 63, 36, 37, 64, 50, 43, 57 ],
\[ 4, 7, 13, 18, 10, 21, 25, 1, 31, 30, 2, 37, 39, 29, 5, 3, 20, 15, 33, 50, 36, 35, 6, 27, 23, 12, 43, 47, 44, 8, 40, 9, 57, 53, 55, 11, 48, 14, 38, 51, 56, 52, 45, 16, 26, 17, 60, 24, 19, 49, 22, 59, 62, 28, 32, 63, 46, 34, 64, 61, 41, 42, 54, 58 ]:
 Order := 64 > |
[ 60, 62, 59, 39, 63, 64, 40, 50, 47, 44, 43, 33, 48, 53, 57, 51, 42, 36, 58, 12, 55, 56, 37, 54, 18, 61, 20, 52, 45, 25, 49, 16, 27, 28, 46, 30, 11, 32, 10, 21, 34, 19, 23, 4, 13, 31, 22, 29, 35, 15, 38, 41, 3, 26, 7, 9, 8, 17, 14, 5, 24, 6, 1, 2 ],
[ 3, 9, 12, 6, 14, 22, 1, 28, 20, 2, 34, 21, 15, 27, 41, 42, 45, 19, 48, 4, 5, 33, 52, 46, 26, 49, 7, 40, 8, 17, 23, 54, 10, 44, 11, 24, 38, 58, 35, 13, 55, 60, 16, 31, 47, 53, 18, 56, 59, 51, 61, 39, 25, 62, 29, 30, 32, 63, 36, 37, 64, 50, 43, 57 ],
[ 58, 61, 46, 34, 42, 54, 41, 64, 48, 52, 60, 9, 17, 49, 62, 57, 38, 53, 16, 14, 28, 45, 63, 51, 56, 32, 22, 11, 19, 59, 24, 37, 3, 15, 26, 47, 31, 50, 20, 27, 23, 30, 35, 33, 55, 39, 2, 40, 44, 29, 43, 8, 5, 36, 12, 6, 13, 18, 1, 7, 25, 10, 21, 4 ]
]
];
s`PassportName := "64S5-4,8,8-g17";
s`PassportSize := 2;
s`PathNumber := 48;
s`PathToPP1 := [ Strings() | "PP1", "2T1-1,2,2-g0-path1", "4T2-2,2,2-g0-path1", "8T4-2,4,2-g0-path1", "16T10-2,4,4-g1-path9", "32S6-2,4,4-g1-path11", "64S5-4,8,8-g17-path48" ];
s`PermutationTriple := [ PermutationGroup<64 |  
\[ 2, 3, 4, 5, 6, 7, 8, 9, 10, 11, 12, 13, 14, 15, 16, 17, 18, 19, 20, 21, 22, 23, 24, 25, 26, 27, 28, 29, 30, 31, 32, 33, 34, 35, 36, 37, 38, 39, 40, 41, 42, 43, 44, 45, 46, 47, 48, 49, 50, 51, 52, 53, 54, 55, 56, 57, 58, 59, 60, 61, 62, 63, 64, 1 ],
\[ 2, 1, 3, 4, 5, 6, 7, 8, 9, 10, 11, 12, 13, 14, 15, 16, 17, 18, 19, 20, 21, 22, 23, 24, 25, 26, 27, 28, 29, 30, 31, 32, 33, 34, 35, 36, 37, 38, 39, 40, 41, 42, 43, 44, 45, 46, 47, 48, 49, 50, 51, 52, 53, 54, 55, 56, 57, 58, 59, 60, 61, 62, 63, 64 ]:
 Order := 126886932185884164103433389335161480802865516174545192198801894375214704230400000000000000 > |
[ 2, 5, 8, 17, 6, 1, 24, 14, 11, 19, 22, 16, 31, 15, 3, 27, 10, 28, 4, 32, 26, 23, 9, 21, 34, 7, 38, 30, 35, 41, 29, 33, 51, 36, 13, 52, 47, 12, 42, 54, 18, 44, 56, 58, 46, 48, 43, 49, 45, 53, 20, 25, 57, 55, 61, 37, 59, 39, 50, 62, 40, 63, 64, 60 ],
[ 3, 9, 12, 6, 14, 22, 1, 28, 20, 2, 34, 21, 15, 27, 41, 42, 45, 19, 48, 4, 5, 33, 52, 46, 26, 49, 7, 40, 8, 17, 23, 54, 10, 44, 11, 24, 38, 58, 35, 13, 55, 60, 16, 31, 47, 53, 18, 56, 59, 51, 61, 39, 25, 62, 29, 30, 32, 63, 36, 37, 64, 50, 43, 57 ],
[ 4, 7, 13, 18, 10, 21, 25, 1, 31, 30, 2, 37, 39, 29, 5, 3, 20, 15, 33, 50, 36, 35, 6, 27, 23, 12, 43, 47, 44, 8, 40, 9, 57, 53, 55, 11, 48, 14, 38, 51, 56, 52, 45, 16, 26, 17, 60, 24, 19, 49, 22, 59, 62, 28, 32, 63, 46, 34, 64, 61, 41, 42, 54, 58 ]
];
s`PointedAutomorphismGroup := PermutationGroup<64 |  
\[ 5, 6, 14, 10, 1, 2, 21, 15, 22, 4, 23, 27, 29, 3, 8, 38, 19, 30, 17, 33, 7, 9, 11, 26, 36, 24, 12, 41, 13, 18, 35, 51, 20, 52, 31, 25, 43, 16, 44, 55, 28, 58, 37, 39, 48, 49, 56, 45, 46, 57, 32, 34, 59, 61, 40, 47, 50, 42, 53, 63, 54, 64, 60, 62 ],
\[ 2, 5, 9, 7, 6, 1, 10, 11, 14, 21, 15, 20, 31, 22, 23, 32, 24, 25, 26, 27, 4, 3, 8, 19, 30, 17, 33, 34, 35, 36, 29, 38, 12, 41, 13, 18, 50, 51, 40, 44, 52, 54, 57, 55, 46, 48, 53, 49, 45, 43, 16, 28, 56, 58, 39, 59, 37, 61, 47, 62, 42, 63, 64, 60 ]:
 Order := 4 >;
s`PointedPassport := [ PowerSequence(PermutationGroup<64 |  
\[ 2, 3, 4, 5, 6, 7, 8, 9, 10, 11, 12, 13, 14, 15, 16, 17, 18, 19, 20, 21, 22, 23, 24, 25, 26, 27, 28, 29, 30, 31, 32, 33, 34, 35, 36, 37, 38, 39, 40, 41, 42, 43, 44, 45, 46, 47, 48, 49, 50, 51, 52, 53, 54, 55, 56, 57, 58, 59, 60, 61, 62, 63, 64, 1 ],
\[ 2, 1, 3, 4, 5, 6, 7, 8, 9, 10, 11, 12, 13, 14, 15, 16, 17, 18, 19, 20, 21, 22, 23, 24, 25, 26, 27, 28, 29, 30, 31, 32, 33, 34, 35, 36, 37, 38, 39, 40, 41, 42, 43, 44, 45, 46, 47, 48, 49, 50, 51, 52, 53, 54, 55, 56, 57, 58, 59, 60, 61, 62, 63, 64 ]:
 Order := 126886932185884164103433389335161480802865516174545192198801894375214704230400000000000000 >) |
[ PermutationGroup<64 |  
\[ 2, 3, 4, 5, 6, 7, 8, 9, 10, 11, 12, 13, 14, 15, 16, 17, 18, 19, 20, 21, 22, 23, 24, 25, 26, 27, 28, 29, 30, 31, 32, 33, 34, 35, 36, 37, 38, 39, 40, 41, 42, 43, 44, 45, 46, 47, 48, 49, 50, 51, 52, 53, 54, 55, 56, 57, 58, 59, 60, 61, 62, 63, 64, 1 ],
\[ 2, 1, 3, 4, 5, 6, 7, 8, 9, 10, 11, 12, 13, 14, 15, 16, 17, 18, 19, 20, 21, 22, 23, 24, 25, 26, 27, 28, 29, 30, 31, 32, 33, 34, 35, 36, 37, 38, 39, 40, 41, 42, 43, 44, 45, 46, 47, 48, 49, 50, 51, 52, 53, 54, 55, 56, 57, 58, 59, 60, 61, 62, 63, 64 ]:
 Order := 126886932185884164103433389335161480802865516174545192198801894375214704230400000000000000 > |
[ 33, 12, 55, 56, 20, 27, 59, 21, 39, 47, 4, 63, 34, 40, 7, 5, 22, 29, 9, 64, 53, 44, 10, 3, 35, 14, 60, 48, 52, 13, 41, 6, 62, 49, 28, 31, 17, 1, 43, 57, 45, 11, 19, 37, 36, 18, 58, 25, 30, 24, 2, 46, 61, 15, 50, 42, 26, 23, 54, 32, 8, 38, 51, 16 ],
[ 3, 9, 12, 6, 14, 22, 1, 28, 20, 2, 34, 21, 15, 27, 41, 42, 45, 19, 48, 4, 5, 33, 52, 46, 26, 49, 7, 40, 8, 17, 23, 54, 10, 44, 11, 24, 38, 58, 35, 13, 55, 60, 16, 31, 47, 53, 18, 56, 59, 51, 61, 39, 25, 62, 29, 30, 32, 63, 36, 37, 64, 50, 43, 57 ],
[ 37, 50, 36, 35, 43, 57, 13, 51, 18, 31, 16, 10, 56, 25, 32, 61, 60, 24, 63, 21, 29, 30, 38, 62, 19, 64, 4, 39, 47, 26, 59, 42, 7, 40, 53, 17, 34, 54, 2, 5, 44, 48, 52, 6, 15, 23, 33, 8, 11, 41, 58, 55, 12, 49, 1, 20, 28, 45, 27, 14, 46, 22, 3, 9 ]
],
[ PermutationGroup<64 |  
\[ 2, 3, 4, 5, 6, 7, 8, 9, 10, 11, 12, 13, 14, 15, 16, 17, 18, 19, 20, 21, 22, 23, 24, 25, 26, 27, 28, 29, 30, 31, 32, 33, 34, 35, 36, 37, 38, 39, 40, 41, 42, 43, 44, 45, 46, 47, 48, 49, 50, 51, 52, 53, 54, 55, 56, 57, 58, 59, 60, 61, 62, 63, 64, 1 ],
\[ 2, 1, 3, 4, 5, 6, 7, 8, 9, 10, 11, 12, 13, 14, 15, 16, 17, 18, 19, 20, 21, 22, 23, 24, 25, 26, 27, 28, 29, 30, 31, 32, 33, 34, 35, 36, 37, 38, 39, 40, 41, 42, 43, 44, 45, 46, 47, 48, 49, 50, 51, 52, 53, 54, 55, 56, 57, 58, 59, 60, 61, 62, 63, 64 ]:
 Order := 126886932185884164103433389335161480802865516174545192198801894375214704230400000000000000 > |
[ 63, 64, 53, 44, 60, 62, 55, 57, 56, 39, 37, 20, 45, 59, 50, 32, 58, 25, 42, 27, 40, 47, 43, 61, 30, 54, 33, 34, 48, 36, 46, 38, 12, 41, 49, 18, 23, 51, 4, 7, 52, 17, 11, 10, 29, 35, 9, 13, 31, 8, 16, 28, 14, 24, 21, 22, 15, 19, 3, 1, 26, 2, 5, 6 ],
[ 50, 43, 51, 60, 57, 37, 62, 25, 16, 63, 30, 61, 59, 32, 36, 4, 31, 39, 35, 42, 64, 38, 18, 29, 40, 13, 54, 26, 53, 44, 47, 7, 58, 17, 56, 55, 33, 10, 48, 49, 24, 6, 20, 45, 23, 8, 52, 11, 15, 12, 21, 19, 28, 1, 46, 34, 27, 2, 41, 22, 5, 3, 9, 14 ],
[ 4, 7, 13, 18, 10, 21, 25, 1, 31, 30, 2, 37, 39, 29, 5, 3, 20, 15, 33, 50, 36, 35, 6, 27, 23, 12, 43, 47, 44, 8, 40, 9, 57, 53, 55, 11, 48, 14, 38, 51, 56, 52, 45, 16, 26, 17, 60, 24, 19, 49, 22, 59, 62, 28, 32, 63, 46, 34, 64, 61, 41, 42, 54, 58 ]
]
];
s`PointedPassportSize := 2;
s`RefinedPassport := [ PowerSequence(PermutationGroup<64 |  
\[ 2, 3, 4, 5, 6, 7, 8, 9, 10, 11, 12, 13, 14, 15, 16, 17, 18, 19, 20, 21, 22, 23, 24, 25, 26, 27, 28, 29, 30, 31, 32, 33, 34, 35, 36, 37, 38, 39, 40, 41, 42, 43, 44, 45, 46, 47, 48, 49, 50, 51, 52, 53, 54, 55, 56, 57, 58, 59, 60, 61, 62, 63, 64, 1 ],
\[ 2, 1, 3, 4, 5, 6, 7, 8, 9, 10, 11, 12, 13, 14, 15, 16, 17, 18, 19, 20, 21, 22, 23, 24, 25, 26, 27, 28, 29, 30, 31, 32, 33, 34, 35, 36, 37, 38, 39, 40, 41, 42, 43, 44, 45, 46, 47, 48, 49, 50, 51, 52, 53, 54, 55, 56, 57, 58, 59, 60, 61, 62, 63, 64 ]:
 Order := 126886932185884164103433389335161480802865516174545192198801894375214704230400000000000000 >) |
[ PermutationGroup<64 |  
\[ 2, 3, 4, 5, 6, 7, 8, 9, 10, 11, 12, 13, 14, 15, 16, 17, 18, 19, 20, 21, 22, 23, 24, 25, 26, 27, 28, 29, 30, 31, 32, 33, 34, 35, 36, 37, 38, 39, 40, 41, 42, 43, 44, 45, 46, 47, 48, 49, 50, 51, 52, 53, 54, 55, 56, 57, 58, 59, 60, 61, 62, 63, 64, 1 ],
\[ 2, 1, 3, 4, 5, 6, 7, 8, 9, 10, 11, 12, 13, 14, 15, 16, 17, 18, 19, 20, 21, 22, 23, 24, 25, 26, 27, 28, 29, 30, 31, 32, 33, 34, 35, 36, 37, 38, 39, 40, 41, 42, 43, 44, 45, 46, 47, 48, 49, 50, 51, 52, 53, 54, 55, 56, 57, 58, 59, 60, 61, 62, 63, 64 ]:
 Order := 126886932185884164103433389335161480802865516174545192198801894375214704230400000000000000 > |
[ 29, 35, 43, 7, 13, 31, 10, 56, 57, 21, 59, 25, 1, 37, 47, 34, 24, 20, 26, 30, 4, 50, 53, 19, 27, 17, 36, 32, 5, 33, 2, 41, 18, 38, 6, 12, 3, 52, 40, 44, 51, 54, 14, 55, 63, 64, 8, 60, 62, 9, 28, 16, 11, 58, 39, 15, 22, 61, 23, 45, 42, 46, 48, 49 ],
[ 50, 43, 51, 60, 57, 37, 62, 25, 16, 63, 30, 61, 59, 32, 36, 4, 31, 39, 35, 42, 64, 38, 18, 29, 40, 13, 54, 26, 53, 44, 47, 7, 58, 17, 56, 55, 33, 10, 48, 49, 24, 6, 20, 45, 23, 8, 52, 11, 15, 12, 21, 19, 28, 1, 46, 34, 27, 2, 41, 22, 5, 3, 9, 14 ],
[ 26, 17, 6, 51, 24, 19, 16, 31, 1, 32, 29, 15, 61, 2, 35, 47, 28, 37, 41, 23, 38, 5, 13, 34, 50, 52, 8, 3, 54, 43, 42, 53, 11, 9, 58, 57, 64, 56, 36, 18, 14, 12, 62, 25, 4, 7, 49, 10, 21, 60, 59, 22, 45, 20, 30, 46, 63, 27, 48, 39, 33, 40, 44, 55 ]
]
];
s`RefinedPassportSize := 1;

/*
Return for eval
*/

return s;
