s := TwoDBInitialize();

/*
Magma printing
*/

s`Name := "64S6-4,8,8-g17-3481936100";
s`Filename := "64S6-4,8,8-g17-3481936100.m";
s`Degree := 64;
s`Orders := \[ 4, 8, 8 ];
s`Geometry := "Hyperbolic";
s`Genus := 17;
s`Level := 6;
s`PermutationTriple := [ PermutationGroup<64 |  
\[ 2, 3, 4, 5, 6, 7, 8, 9, 10, 11, 12, 13, 14, 15, 16, 17, 18, 19, 20, 21, 22, 23, 24, 25, 26, 27, 28, 29, 30, 31, 32, 33, 34, 35, 36, 37, 38, 39, 40, 41, 42, 43, 44, 45, 46, 47, 48, 49, 50, 51, 52, 53, 54, 55, 56, 57, 58, 59, 60, 61, 62, 63, 64, 1 ],
\[ 2, 1, 3, 4, 5, 6, 7, 8, 9, 10, 11, 12, 13, 14, 15, 16, 17, 18, 19, 20, 21, 22, 23, 24, 25, 26, 27, 28, 29, 30, 31, 32, 33, 34, 35, 36, 37, 38, 39, 40, 41, 42, 43, 44, 45, 46, 47, 48, 49, 50, 51, 52, 53, 54, 55, 56, 57, 58, 59, 60, 61, 62, 63, 64 ]:
 Order := 126886932185884164103433389335161480802865516174545192198801894375214704230400000000000000 > |
[ 2, 9, 8, 19, 11, 1, 29, 33, 6, 13, 36, 22, 26, 18, 46, 25, 3, 32, 12, 54, 47, 4, 5, 60, 63, 28, 31, 10, 27, 35, 7, 42, 17, 49, 52, 23, 48, 40, 55, 57, 44, 14, 56, 20, 51, 34, 39, 43, 15, 16, 62, 53, 30, 41, 21, 37, 59, 61, 38, 58, 24, 64, 50, 45 ],
[ 3, 10, 14, 6, 16, 26, 1, 30, 33, 18, 38, 2, 41, 27, 17, 45, 52, 4, 37, 22, 23, 43, 57, 5, 44, 42, 9, 20, 34, 31, 15, 7, 32, 8, 55, 63, 28, 51, 11, 53, 19, 12, 13, 61, 58, 40, 49, 50, 59, 54, 21, 29, 47, 60, 46, 25, 64, 36, 35, 56, 48, 24, 62, 39 ],
[ 4, 7, 15, 20, 21, 27, 30, 1, 12, 37, 24, 41, 2, 26, 47, 48, 9, 3, 18, 25, 35, 42, 58, 44, 5, 43, 52, 6, 32, 40, 14, 10, 34, 55, 8, 39, 60, 49, 53, 11, 50, 33, 61, 13, 57, 31, 51, 19, 29, 36, 16, 59, 17, 28, 64, 22, 46, 54, 23, 62, 45, 38, 56, 63 ]
];
s`MonodromyGroup := PermutationGroup<64 |  
\[ 2, 9, 8, 19, 11, 1, 29, 33, 6, 13, 36, 22, 26, 18, 46, 25, 3, 32, 12, 54, 47, 4, 5, 60, 63, 28, 31, 10, 27, 35, 7, 42, 17, 49, 52, 23, 48, 40, 55, 57, 44, 14, 56, 20, 51, 34, 39, 43, 15, 16, 62, 53, 30, 41, 21, 37, 59, 61, 38, 58, 24, 64, 50, 45 ],
\[ 3, 10, 14, 6, 16, 26, 1, 30, 33, 18, 38, 2, 41, 27, 17, 45, 52, 4, 37, 22, 23, 43, 57, 5, 44, 42, 9, 20, 34, 31, 15, 7, 32, 8, 55, 63, 28, 51, 11, 53, 19, 12, 13, 61, 58, 40, 49, 50, 59, 54, 21, 29, 47, 60, 46, 25, 64, 36, 35, 56, 48, 24, 62, 39 ],
\[ 4, 7, 15, 20, 21, 27, 30, 1, 12, 37, 24, 41, 2, 26, 47, 48, 9, 3, 18, 25, 35, 42, 58, 44, 5, 43, 52, 6, 32, 40, 14, 10, 34, 55, 8, 39, 60, 49, 53, 11, 50, 33, 61, 13, 57, 31, 51, 19, 29, 36, 16, 59, 17, 28, 64, 22, 46, 54, 23, 62, 45, 38, 56, 63 ] >;

/*
Edge printing
*/

s`Edges := [];
edge1 := TwoEdgeInitialize();
edge1`Blocks := {@ PowerSet(IntegerRing()) |
{ IntegerRing() | 1, 5 },
{ IntegerRing() | 2, 11 },
{ IntegerRing() | 3, 16 },
{ IntegerRing() | 4, 21 },
{ IntegerRing() | 6, 23 },
{ IntegerRing() | 7, 24 },
{ IntegerRing() | 8, 25 },
{ IntegerRing() | 9, 36 },
{ IntegerRing() | 10, 38 },
{ IntegerRing() | 12, 39 },
{ IntegerRing() | 13, 40 },
{ IntegerRing() | 14, 45 },
{ IntegerRing() | 15, 48 },
{ IntegerRing() | 17, 50 },
{ IntegerRing() | 18, 51 },
{ IntegerRing() | 19, 47 },
{ IntegerRing() | 20, 35 },
{ IntegerRing() | 22, 55 },
{ IntegerRing() | 26, 57 },
{ IntegerRing() | 27, 58 },
{ IntegerRing() | 28, 59 },
{ IntegerRing() | 29, 60 },
{ IntegerRing() | 30, 44 },
{ IntegerRing() | 31, 61 },
{ IntegerRing() | 32, 62 },
{ IntegerRing() | 33, 63 },
{ IntegerRing() | 34, 56 },
{ IntegerRing() | 37, 49 },
{ IntegerRing() | 41, 53 },
{ IntegerRing() | 42, 64 },
{ IntegerRing() | 43, 46 },
{ IntegerRing() | 52, 54 }
@};
edge1`UpstairsTriple := [ PermutationGroup<64 |  
\[ 2, 3, 4, 5, 6, 7, 8, 9, 10, 11, 12, 13, 14, 15, 16, 17, 18, 19, 20, 21, 22, 23, 24, 25, 26, 27, 28, 29, 30, 31, 32, 33, 34, 35, 36, 37, 38, 39, 40, 41, 42, 43, 44, 45, 46, 47, 48, 49, 50, 51, 52, 53, 54, 55, 56, 57, 58, 59, 60, 61, 62, 63, 64, 1 ],
\[ 2, 1, 3, 4, 5, 6, 7, 8, 9, 10, 11, 12, 13, 14, 15, 16, 17, 18, 19, 20, 21, 22, 23, 24, 25, 26, 27, 28, 29, 30, 31, 32, 33, 34, 35, 36, 37, 38, 39, 40, 41, 42, 43, 44, 45, 46, 47, 48, 49, 50, 51, 52, 53, 54, 55, 56, 57, 58, 59, 60, 61, 62, 63, 64 ]:
 Order := 126886932185884164103433389335161480802865516174545192198801894375214704230400000000000000 > |
[ 2, 9, 8, 19, 11, 1, 29, 33, 6, 13, 36, 22, 26, 18, 46, 25, 3, 32, 12, 54, 47, 4, 5, 60, 63, 28, 31, 10, 27, 35, 7, 42, 17, 49, 52, 23, 48, 40, 55, 57, 44, 14, 56, 20, 51, 34, 39, 43, 15, 16, 62, 53, 30, 41, 21, 37, 59, 61, 38, 58, 24, 64, 50, 45 ],
[ 3, 10, 14, 6, 16, 26, 1, 30, 33, 18, 38, 2, 41, 27, 17, 45, 52, 4, 37, 22, 23, 43, 57, 5, 44, 42, 9, 20, 34, 31, 15, 7, 32, 8, 55, 63, 28, 51, 11, 53, 19, 12, 13, 61, 58, 40, 49, 50, 59, 54, 21, 29, 47, 60, 46, 25, 64, 36, 35, 56, 48, 24, 62, 39 ],
[ 4, 7, 15, 20, 21, 27, 30, 1, 12, 37, 24, 41, 2, 26, 47, 48, 9, 3, 18, 25, 35, 42, 58, 44, 5, 43, 52, 6, 32, 40, 14, 10, 34, 55, 8, 39, 60, 49, 53, 11, 50, 33, 61, 13, 57, 31, 51, 19, 29, 36, 16, 59, 17, 28, 64, 22, 46, 54, 23, 62, 45, 38, 56, 63 ]
];
edge1`UpstairsFilename := "64S6-4,8,8-g17-3481936100.m";
edge1`DownstairsTriple := [ PermutationGroup<32 |  
\[ 2, 3, 4, 5, 6, 7, 8, 9, 10, 11, 12, 13, 14, 15, 16, 17, 18, 19, 20, 21, 22, 23, 24, 25, 26, 27, 28, 29, 30, 31, 32, 1 ],
\[ 2, 1, 3, 4, 5, 6, 7, 8, 9, 10, 11, 12, 13, 14, 15, 16, 17, 18, 19, 20, 21, 22, 23, 24, 25, 26, 27, 28, 29, 30, 31, 32 ]:
 Order := 263130836933693530167218012160000000 > |
[ 6, 1, 8, 20, 2, 5, 25, 15, 11, 23, 21, 3, 16, 29, 12, 26, 4, 30, 17, 19, 22, 9, 7, 18, 10, 28, 31, 13, 27, 32, 14, 24 ],
[ 3, 9, 13, 2, 15, 21, 1, 24, 28, 5, 18, 30, 10, 12, 26, 4, 29, 17, 6, 31, 16, 32, 14, 23, 27, 7, 8, 19, 22, 25, 11, 20 ],
[ 4, 10, 14, 18, 19, 7, 24, 1, 29, 30, 2, 5, 9, 20, 27, 3, 28, 8, 32, 16, 31, 6, 13, 22, 26, 21, 17, 15, 23, 11, 25, 12 ]
];
edge1`DownstairsFilename := "32S11-4,8,4-g7-3887071734.m";
Append(~s`Edges, edge1);
edge2 := TwoEdgeInitialize();
edge2`Blocks := {@ PowerSet(IntegerRing()) |
{ IntegerRing() | 1, 5 },
{ IntegerRing() | 2, 6 },
{ IntegerRing() | 3, 15 },
{ IntegerRing() | 4, 19 },
{ IntegerRing() | 7, 10 },
{ IntegerRing() | 8, 12 },
{ IntegerRing() | 9, 21 },
{ IntegerRing() | 11, 22 },
{ IntegerRing() | 13, 26 },
{ IntegerRing() | 14, 27 },
{ IntegerRing() | 16, 29 },
{ IntegerRing() | 17, 20 },
{ IntegerRing() | 18, 41 },
{ IntegerRing() | 23, 25 },
{ IntegerRing() | 24, 31 },
{ IntegerRing() | 28, 34 },
{ IntegerRing() | 30, 32 },
{ IntegerRing() | 33, 39 },
{ IntegerRing() | 35, 37 },
{ IntegerRing() | 36, 44 },
{ IntegerRing() | 38, 42 },
{ IntegerRing() | 40, 49 },
{ IntegerRing() | 43, 45 },
{ IntegerRing() | 46, 51 },
{ IntegerRing() | 47, 48 },
{ IntegerRing() | 50, 56 },
{ IntegerRing() | 52, 54 },
{ IntegerRing() | 53, 60 },
{ IntegerRing() | 55, 57 },
{ IntegerRing() | 58, 64 },
{ IntegerRing() | 59, 61 },
{ IntegerRing() | 62, 63 }
@};
edge2`UpstairsTriple := [ PermutationGroup<64 |  
\[ 2, 3, 4, 5, 6, 7, 8, 9, 10, 11, 12, 13, 14, 15, 16, 17, 18, 19, 20, 21, 22, 23, 24, 25, 26, 27, 28, 29, 30, 31, 32, 33, 34, 35, 36, 37, 38, 39, 40, 41, 42, 43, 44, 45, 46, 47, 48, 49, 50, 51, 52, 53, 54, 55, 56, 57, 58, 59, 60, 61, 62, 63, 64, 1 ],
\[ 2, 1, 3, 4, 5, 6, 7, 8, 9, 10, 11, 12, 13, 14, 15, 16, 17, 18, 19, 20, 21, 22, 23, 24, 25, 26, 27, 28, 29, 30, 31, 32, 33, 34, 35, 36, 37, 38, 39, 40, 41, 42, 43, 44, 45, 46, 47, 48, 49, 50, 51, 52, 53, 54, 55, 56, 57, 58, 59, 60, 61, 62, 63, 64 ]:
 Order := 126886932185884164103433389335161480802865516174545192198801894375214704230400000000000000 > |
[ 6, 1, 8, 20, 2, 5, 25, 15, 11, 23, 21, 3, 16, 37, 12, 26, 4, 33, 17, 19, 22, 9, 7, 28, 10, 29, 35, 31, 13, 38, 34, 42, 41, 24, 14, 51, 27, 32, 18, 55, 39, 30, 54, 46, 52, 36, 56, 50, 57, 47, 44, 43, 63, 45, 49, 48, 40, 59, 64, 62, 58, 53, 60, 61 ],
[ 3, 9, 13, 2, 15, 21, 1, 24, 29, 5, 18, 31, 10, 12, 26, 4, 30, 17, 6, 32, 16, 41, 14, 23, 27, 7, 8, 44, 19, 22, 25, 11, 48, 36, 45, 35, 43, 40, 47, 39, 20, 49, 34, 37, 28, 61, 42, 38, 33, 64, 59, 53, 46, 60, 63, 58, 62, 57, 52, 51, 54, 50, 56, 55 ],
[ 4, 10, 14, 18, 19, 7, 24, 1, 30, 31, 2, 5, 9, 36, 27, 3, 29, 40, 41, 16, 32, 6, 13, 43, 26, 21, 44, 8, 15, 47, 45, 48, 11, 12, 25, 53, 23, 17, 22, 58, 49, 20, 59, 60, 61, 28, 62, 63, 64, 33, 34, 35, 57, 37, 38, 39, 42, 46, 56, 55, 50, 54, 52, 51 ]
];
edge2`UpstairsFilename := "64S6-4,8,8-g17-1504942607.m";
edge2`DownstairsTriple := [ PermutationGroup<32 |  
\[ 2, 3, 4, 5, 6, 7, 8, 9, 10, 11, 12, 13, 14, 15, 16, 17, 18, 19, 20, 21, 22, 23, 24, 25, 26, 27, 28, 29, 30, 31, 32, 1 ],
\[ 2, 1, 3, 4, 5, 6, 7, 8, 9, 10, 11, 12, 13, 14, 15, 16, 17, 18, 19, 20, 21, 22, 23, 24, 25, 26, 27, 28, 29, 30, 31, 32 ]:
 Order := 263130836933693530167218012160000000 > |
[ 2, 1, 7, 15, 9, 20, 3, 10, 5, 8, 14, 28, 19, 11, 4, 26, 29, 32, 13, 6, 22, 21, 30, 25, 24, 16, 31, 12, 17, 23, 27, 18 ],
[ 3, 8, 11, 2, 13, 1, 21, 14, 24, 16, 6, 7, 27, 4, 23, 15, 9, 5, 26, 12, 20, 29, 10, 31, 22, 32, 18, 25, 28, 19, 17, 30 ],
[ 4, 6, 12, 16, 17, 21, 1, 23, 18, 2, 8, 29, 30, 3, 14, 19, 22, 26, 5, 11, 25, 7, 32, 28, 9, 10, 24, 20, 31, 15, 13, 27 ]
];
edge2`DownstairsFilename := "32S9-2,4,8-g3-2127854366.m";
Append(~s`Edges, edge2);
edge3 := TwoEdgeInitialize();
edge3`Blocks := {@ PowerSet(IntegerRing()) |
{ IntegerRing() | 1, 5 },
{ IntegerRing() | 2, 12 },
{ IntegerRing() | 3, 18 },
{ IntegerRing() | 4, 24 },
{ IntegerRing() | 6, 22 },
{ IntegerRing() | 7, 11 },
{ IntegerRing() | 8, 15 },
{ IntegerRing() | 9, 38 },
{ IntegerRing() | 10, 44 },
{ IntegerRing() | 13, 37 },
{ IntegerRing() | 14, 41 },
{ IntegerRing() | 16, 58 },
{ IntegerRing() | 17, 60 },
{ IntegerRing() | 19, 40 },
{ IntegerRing() | 20, 42 },
{ IntegerRing() | 21, 51 },
{ IntegerRing() | 23, 63 },
{ IntegerRing() | 25, 50 },
{ IntegerRing() | 26, 53 },
{ IntegerRing() | 27, 39 },
{ IntegerRing() | 28, 45 },
{ IntegerRing() | 29, 47 },
{ IntegerRing() | 30, 48 },
{ IntegerRing() | 31, 49 },
{ IntegerRing() | 32, 46 },
{ IntegerRing() | 33, 36 },
{ IntegerRing() | 34, 56 },
{ IntegerRing() | 35, 57 },
{ IntegerRing() | 43, 59 },
{ IntegerRing() | 52, 64 },
{ IntegerRing() | 54, 61 },
{ IntegerRing() | 55, 62 }
@};
edge3`UpstairsTriple := [ PermutationGroup<64 |  
\[ 2, 3, 4, 5, 6, 7, 8, 9, 10, 11, 12, 13, 14, 15, 16, 17, 18, 19, 20, 21, 22, 23, 24, 25, 26, 27, 28, 29, 30, 31, 32, 33, 34, 35, 36, 37, 38, 39, 40, 41, 42, 43, 44, 45, 46, 47, 48, 49, 50, 51, 52, 53, 54, 55, 56, 57, 58, 59, 60, 61, 62, 63, 64, 1 ],
\[ 2, 1, 3, 4, 5, 6, 7, 8, 9, 10, 11, 12, 13, 14, 15, 16, 17, 18, 19, 20, 21, 22, 23, 24, 25, 26, 27, 28, 29, 30, 31, 32, 33, 34, 35, 36, 37, 38, 39, 40, 41, 42, 43, 44, 45, 46, 47, 48, 49, 50, 51, 52, 53, 54, 55, 56, 57, 58, 59, 60, 61, 62, 63, 64 ]:
 Order := 126886932185884164103433389335161480802865516174545192198801894375214704230400000000000000 > |
[ 12, 38, 8, 51, 2, 5, 47, 36, 22, 14, 29, 9, 25, 26, 33, 20, 43, 15, 18, 32, 13, 1, 48, 21, 24, 28, 31, 10, 27, 35, 11, 64, 19, 54, 55, 40, 50, 6, 49, 3, 53, 46, 34, 41, 44, 52, 39, 57, 7, 4, 37, 58, 45, 17, 63, 61, 62, 42, 56, 59, 60, 23, 30, 16 ],
[ 3, 10, 16, 22, 18, 26, 1, 30, 36, 42, 5, 44, 2, 35, 48, 39, 40, 58, 62, 4, 43, 53, 50, 6, 54, 52, 38, 63, 56, 49, 60, 7, 46, 8, 21, 32, 12, 33, 9, 55, 57, 24, 28, 20, 23, 11, 34, 31, 17, 61, 59, 13, 64, 14, 47, 15, 51, 27, 45, 19, 41, 29, 25, 37 ],
[ 4, 11, 17, 23, 24, 27, 30, 1, 37, 43, 48, 7, 35, 2, 5, 53, 25, 60, 38, 3, 42, 39, 19, 63, 52, 54, 62, 6, 46, 28, 58, 44, 56, 21, 8, 34, 57, 13, 55, 9, 12, 18, 49, 59, 22, 10, 32, 45, 16, 64, 20, 33, 61, 47, 14, 51, 15, 26, 31, 50, 29, 41, 40, 36 ]
];
edge3`UpstairsFilename := "64S6-4,8,8-g17-2284511435.m";
edge3`DownstairsTriple := [ PermutationGroup<32 |  
\[ 2, 3, 4, 5, 6, 7, 8, 9, 10, 11, 12, 13, 14, 15, 16, 17, 18, 19, 20, 21, 22, 23, 24, 25, 26, 27, 28, 29, 30, 31, 32, 1 ],
\[ 2, 1, 3, 4, 5, 6, 7, 8, 9, 10, 11, 12, 13, 14, 15, 16, 17, 18, 19, 20, 21, 22, 23, 24, 25, 26, 27, 28, 29, 30, 31, 32 ]:
 Order := 263130836933693530167218012160000000 > |
[ 6, 1, 8, 20, 2, 5, 25, 15, 11, 23, 21, 3, 16, 32, 12, 26, 4, 24, 17, 19, 22, 9, 7, 28, 10, 29, 30, 31, 13, 14, 18, 27 ],
[ 3, 9, 13, 2, 15, 21, 1, 24, 29, 5, 18, 31, 10, 12, 26, 4, 30, 17, 6, 32, 16, 28, 14, 23, 27, 7, 8, 20, 19, 22, 25, 11 ],
[ 4, 10, 14, 18, 19, 7, 24, 1, 30, 31, 2, 5, 9, 17, 27, 3, 29, 12, 28, 16, 32, 6, 13, 11, 26, 21, 20, 8, 15, 25, 22, 23 ]
];
edge3`DownstairsFilename := "32S5-4,8,8-g9-652585717.m";
Append(~s`Edges, edge3);

/*
Return for eval
*/

return s;
