s := TwoDBInitialize();

/*
Magma printing
*/

s`Name := "64S6-8,4,8-g17-1794641260";
s`Filename := "64S6-8,4,8-g17-1794641260.m";
s`Degree := 64;
s`Orders := \[ 8, 4, 8 ];
s`Geometry := "Hyperbolic";
s`Genus := 17;
s`Level := 6;
s`PermutationTriple := [ PermutationGroup<64 |  
\[ 2, 3, 4, 5, 6, 7, 8, 9, 10, 11, 12, 13, 14, 15, 16, 17, 18, 19, 20, 21, 22, 23, 24, 25, 26, 27, 28, 29, 30, 31, 32, 33, 34, 35, 36, 37, 38, 39, 40, 41, 42, 43, 44, 45, 46, 47, 48, 49, 50, 51, 52, 53, 54, 55, 56, 57, 58, 59, 60, 61, 62, 63, 64, 1 ],
\[ 2, 1, 3, 4, 5, 6, 7, 8, 9, 10, 11, 12, 13, 14, 15, 16, 17, 18, 19, 20, 21, 22, 23, 24, 25, 26, 27, 28, 29, 30, 31, 32, 33, 34, 35, 36, 37, 38, 39, 40, 41, 42, 43, 44, 45, 46, 47, 48, 49, 50, 51, 52, 53, 54, 55, 56, 57, 58, 59, 60, 61, 62, 63, 64 ]:
 Order := 126886932185884164103433389335161480802865516174545192198801894375214704230400000000000000 > |
[ 2, 9, 8, 19, 11, 1, 30, 27, 22, 13, 36, 42, 4, 18, 47, 25, 3, 28, 12, 49, 53, 14, 5, 60, 57, 29, 32, 6, 10, 37, 52, 7, 35, 63, 15, 55, 17, 54, 41, 48, 21, 26, 62, 45, 38, 51, 34, 56, 43, 16, 58, 33, 40, 20, 46, 59, 61, 23, 39, 64, 24, 44, 31, 50 ],
[ 3, 10, 14, 6, 16, 26, 1, 33, 27, 18, 39, 2, 44, 7, 17, 46, 31, 12, 38, 13, 23, 4, 56, 5, 54, 22, 28, 37, 43, 34, 32, 15, 30, 8, 41, 57, 9, 29, 51, 11, 63, 20, 19, 42, 61, 24, 53, 35, 50, 45, 40, 59, 52, 60, 21, 55, 58, 64, 47, 62, 49, 25, 48, 36 ],
[ 4, 7, 15, 20, 21, 27, 31, 1, 12, 38, 24, 43, 2, 26, 48, 49, 28, 3, 22, 25, 35, 37, 57, 45, 5, 44, 34, 10, 6, 14, 41, 9, 53, 59, 8, 40, 33, 50, 52, 47, 11, 18, 61, 60, 13, 56, 32, 51, 42, 58, 16, 17, 55, 19, 64, 63, 62, 39, 23, 46, 36, 29, 30, 54 ]
];
s`MonodromyGroup := PermutationGroup<64 |  
\[ 2, 9, 8, 19, 11, 1, 30, 27, 22, 13, 36, 42, 4, 18, 47, 25, 3, 28, 12, 49, 53, 14, 5, 60, 57, 29, 32, 6, 10, 37, 52, 7, 35, 63, 15, 55, 17, 54, 41, 48, 21, 26, 62, 45, 38, 51, 34, 56, 43, 16, 58, 33, 40, 20, 46, 59, 61, 23, 39, 64, 24, 44, 31, 50 ],
\[ 3, 10, 14, 6, 16, 26, 1, 33, 27, 18, 39, 2, 44, 7, 17, 46, 31, 12, 38, 13, 23, 4, 56, 5, 54, 22, 28, 37, 43, 34, 32, 15, 30, 8, 41, 57, 9, 29, 51, 11, 63, 20, 19, 42, 61, 24, 53, 35, 50, 45, 40, 59, 52, 60, 21, 55, 58, 64, 47, 62, 49, 25, 48, 36 ],
\[ 4, 7, 15, 20, 21, 27, 31, 1, 12, 38, 24, 43, 2, 26, 48, 49, 28, 3, 22, 25, 35, 37, 57, 45, 5, 44, 34, 10, 6, 14, 41, 9, 53, 59, 8, 40, 33, 50, 52, 47, 11, 18, 61, 60, 13, 56, 32, 51, 42, 58, 16, 17, 55, 19, 64, 63, 62, 39, 23, 46, 36, 29, 30, 54 ] >;

/*
Edge printing
*/

s`Edges := [];
edge1 := TwoEdgeInitialize();
edge1`Blocks := {@ PowerSet(IntegerRing()) |
{ IntegerRing() | 1, 5 },
{ IntegerRing() | 2, 11 },
{ IntegerRing() | 3, 16 },
{ IntegerRing() | 4, 21 },
{ IntegerRing() | 6, 23 },
{ IntegerRing() | 7, 24 },
{ IntegerRing() | 8, 25 },
{ IntegerRing() | 9, 36 },
{ IntegerRing() | 10, 39 },
{ IntegerRing() | 12, 40 },
{ IntegerRing() | 13, 41 },
{ IntegerRing() | 14, 46 },
{ IntegerRing() | 15, 49 },
{ IntegerRing() | 17, 50 },
{ IntegerRing() | 18, 51 },
{ IntegerRing() | 19, 53 },
{ IntegerRing() | 20, 35 },
{ IntegerRing() | 22, 55 },
{ IntegerRing() | 26, 56 },
{ IntegerRing() | 27, 57 },
{ IntegerRing() | 28, 58 },
{ IntegerRing() | 29, 59 },
{ IntegerRing() | 30, 60 },
{ IntegerRing() | 31, 45 },
{ IntegerRing() | 32, 61 },
{ IntegerRing() | 33, 54 },
{ IntegerRing() | 34, 62 },
{ IntegerRing() | 37, 64 },
{ IntegerRing() | 38, 52 },
{ IntegerRing() | 42, 48 },
{ IntegerRing() | 43, 47 },
{ IntegerRing() | 44, 63 }
@};
edge1`UpstairsTriple := [ PermutationGroup<64 |  
\[ 2, 3, 4, 5, 6, 7, 8, 9, 10, 11, 12, 13, 14, 15, 16, 17, 18, 19, 20, 21, 22, 23, 24, 25, 26, 27, 28, 29, 30, 31, 32, 33, 34, 35, 36, 37, 38, 39, 40, 41, 42, 43, 44, 45, 46, 47, 48, 49, 50, 51, 52, 53, 54, 55, 56, 57, 58, 59, 60, 61, 62, 63, 64, 1 ],
\[ 2, 1, 3, 4, 5, 6, 7, 8, 9, 10, 11, 12, 13, 14, 15, 16, 17, 18, 19, 20, 21, 22, 23, 24, 25, 26, 27, 28, 29, 30, 31, 32, 33, 34, 35, 36, 37, 38, 39, 40, 41, 42, 43, 44, 45, 46, 47, 48, 49, 50, 51, 52, 53, 54, 55, 56, 57, 58, 59, 60, 61, 62, 63, 64 ]:
 Order := 126886932185884164103433389335161480802865516174545192198801894375214704230400000000000000 > |
[ 2, 9, 8, 19, 11, 1, 30, 27, 22, 13, 36, 42, 4, 18, 47, 25, 3, 28, 12, 49, 53, 14, 5, 60, 57, 29, 32, 6, 10, 37, 52, 7, 35, 63, 15, 55, 17, 54, 41, 48, 21, 26, 62, 45, 38, 51, 34, 56, 43, 16, 58, 33, 40, 20, 46, 59, 61, 23, 39, 64, 24, 44, 31, 50 ],
[ 3, 10, 14, 6, 16, 26, 1, 33, 27, 18, 39, 2, 44, 7, 17, 46, 31, 12, 38, 13, 23, 4, 56, 5, 54, 22, 28, 37, 43, 34, 32, 15, 30, 8, 41, 57, 9, 29, 51, 11, 63, 20, 19, 42, 61, 24, 53, 35, 50, 45, 40, 59, 52, 60, 21, 55, 58, 64, 47, 62, 49, 25, 48, 36 ],
[ 4, 7, 15, 20, 21, 27, 31, 1, 12, 38, 24, 43, 2, 26, 48, 49, 28, 3, 22, 25, 35, 37, 57, 45, 5, 44, 34, 10, 6, 14, 41, 9, 53, 59, 8, 40, 33, 50, 52, 47, 11, 18, 61, 60, 13, 56, 32, 51, 42, 58, 16, 17, 55, 19, 64, 63, 62, 39, 23, 46, 36, 29, 30, 54 ]
];
edge1`UpstairsFilename := "64S6-8,4,8-g17-1794641260.m";
edge1`DownstairsTriple := [ PermutationGroup<32 |  
\[ 2, 3, 4, 5, 6, 7, 8, 9, 10, 11, 12, 13, 14, 15, 16, 17, 18, 19, 20, 21, 22, 23, 24, 25, 26, 27, 28, 29, 30, 31, 32, 1 ],
\[ 2, 1, 3, 4, 5, 6, 7, 8, 9, 10, 11, 12, 13, 14, 15, 16, 17, 18, 19, 20, 21, 22, 23, 24, 25, 26, 27, 28, 29, 30, 31, 32 ]:
 Order := 263130836933693530167218012160000000 > |
[ 11, 22, 8, 23, 2, 5, 14, 28, 6, 13, 9, 29, 20, 21, 30, 7, 12, 1, 15, 17, 25, 18, 10, 31, 3, 19, 32, 16, 4, 27, 26, 24 ],
[ 3, 10, 5, 18, 7, 4, 1, 26, 28, 11, 12, 2, 19, 27, 25, 15, 30, 20, 29, 6, 9, 21, 31, 16, 24, 14, 8, 22, 32, 23, 17, 13 ],
[ 4, 3, 15, 19, 20, 21, 24, 1, 10, 30, 7, 31, 2, 5, 13, 9, 18, 28, 8, 32, 26, 12, 6, 29, 22, 23, 17, 27, 11, 16, 25, 14 ]
];
edge1`DownstairsFilename := "32S11-8,4,4-g7-1129720359.m";
Append(~s`Edges, edge1);
edge2 := TwoEdgeInitialize();
edge2`Blocks := {@ PowerSet(IntegerRing()) |
{ IntegerRing() | 1, 5 },
{ IntegerRing() | 2, 11 },
{ IntegerRing() | 3, 7 },
{ IntegerRing() | 4, 18 },
{ IntegerRing() | 6, 19 },
{ IntegerRing() | 8, 20 },
{ IntegerRing() | 9, 22 },
{ IntegerRing() | 10, 12 },
{ IntegerRing() | 13, 31 },
{ IntegerRing() | 14, 24 },
{ IntegerRing() | 15, 25 },
{ IntegerRing() | 16, 23 },
{ IntegerRing() | 17, 33 },
{ IntegerRing() | 21, 29 },
{ IntegerRing() | 26, 27 },
{ IntegerRing() | 28, 41 },
{ IntegerRing() | 30, 32 },
{ IntegerRing() | 34, 39 },
{ IntegerRing() | 35, 37 },
{ IntegerRing() | 36, 43 },
{ IntegerRing() | 38, 42 },
{ IntegerRing() | 40, 49 },
{ IntegerRing() | 44, 45 },
{ IntegerRing() | 46, 52 },
{ IntegerRing() | 47, 48 },
{ IntegerRing() | 50, 56 },
{ IntegerRing() | 51, 54 },
{ IntegerRing() | 53, 59 },
{ IntegerRing() | 55, 57 },
{ IntegerRing() | 58, 64 },
{ IntegerRing() | 60, 61 },
{ IntegerRing() | 62, 63 }
@};
edge2`UpstairsTriple := [ PermutationGroup<64 |  
\[ 2, 3, 4, 5, 6, 7, 8, 9, 10, 11, 12, 13, 14, 15, 16, 17, 18, 19, 20, 21, 22, 23, 24, 25, 26, 27, 28, 29, 30, 31, 32, 33, 34, 35, 36, 37, 38, 39, 40, 41, 42, 43, 44, 45, 46, 47, 48, 49, 50, 51, 52, 53, 54, 55, 56, 57, 58, 59, 60, 61, 62, 63, 64, 1 ],
\[ 2, 1, 3, 4, 5, 6, 7, 8, 9, 10, 11, 12, 13, 14, 15, 16, 17, 18, 19, 20, 21, 22, 23, 24, 25, 26, 27, 28, 29, 30, 31, 32, 33, 34, 35, 36, 37, 38, 39, 40, 41, 42, 43, 44, 45, 46, 47, 48, 49, 50, 51, 52, 53, 54, 55, 56, 57, 58, 59, 60, 61, 62, 63, 64 ]:
 Order := 126886932185884164103433389335161480802865516174545192198801894375214704230400000000000000 > |
[ 2, 9, 8, 16, 11, 1, 20, 21, 19, 13, 22, 31, 4, 35, 3, 12, 39, 23, 5, 29, 25, 6, 10, 37, 7, 28, 41, 14, 15, 38, 18, 42, 34, 30, 27, 52, 26, 17, 32, 57, 24, 33, 46, 51, 54, 44, 56, 50, 55, 49, 36, 45, 62, 43, 47, 40, 48, 59, 63, 64, 58, 61, 60, 53 ],
[ 3, 10, 5, 6, 7, 18, 1, 26, 21, 11, 12, 2, 33, 15, 24, 30, 13, 19, 4, 27, 22, 29, 32, 25, 14, 20, 8, 43, 9, 23, 17, 16, 31, 48, 44, 28, 45, 49, 47, 38, 36, 40, 41, 37, 35, 61, 34, 39, 42, 58, 59, 60, 51, 53, 63, 64, 62, 56, 54, 46, 52, 55, 57, 50 ],
[ 4, 7, 14, 17, 18, 21, 24, 1, 12, 30, 3, 32, 2, 36, 22, 19, 40, 33, 29, 5, 27, 10, 6, 43, 9, 44, 45, 8, 26, 47, 11, 48, 49, 13, 25, 53, 15, 16, 31, 58, 20, 23, 59, 60, 61, 28, 62, 63, 64, 34, 35, 41, 56, 37, 38, 39, 42, 46, 50, 55, 57, 54, 51, 52 ]
];
edge2`UpstairsFilename := "64S6-8,4,8-g17-2581139017.m";
edge2`DownstairsTriple := [ PermutationGroup<32 |  
\[ 2, 3, 4, 5, 6, 7, 8, 9, 10, 11, 12, 13, 14, 15, 16, 17, 18, 19, 20, 21, 22, 23, 24, 25, 26, 27, 28, 29, 30, 31, 32, 1 ],
\[ 2, 1, 3, 4, 5, 6, 7, 8, 9, 10, 11, 12, 13, 14, 15, 16, 17, 18, 19, 20, 21, 22, 23, 24, 25, 26, 27, 28, 29, 30, 31, 32 ]:
 Order := 263130836933693530167218012160000000 > |
[ 2, 8, 7, 15, 10, 1, 20, 6, 11, 23, 4, 28, 19, 3, 9, 27, 30, 5, 32, 14, 22, 12, 18, 31, 26, 17, 24, 21, 13, 25, 16, 29 ],
[ 3, 9, 1, 6, 13, 4, 21, 20, 2, 25, 16, 14, 5, 12, 24, 11, 18, 17, 31, 8, 7, 26, 32, 15, 10, 22, 29, 30, 27, 28, 19, 23 ],
[ 4, 3, 12, 16, 17, 20, 1, 9, 24, 13, 2, 26, 27, 8, 6, 19, 22, 32, 5, 21, 30, 7, 25, 29, 28, 10, 11, 14, 23, 18, 15, 31 ]
];
edge2`DownstairsFilename := "32S9-4,2,8-g3-3217295790.m";
Append(~s`Edges, edge2);
edge3 := TwoEdgeInitialize();
edge3`Blocks := {@ PowerSet(IntegerRing()) |
{ IntegerRing() | 1, 5 },
{ IntegerRing() | 2, 12 },
{ IntegerRing() | 3, 18 },
{ IntegerRing() | 4, 24 },
{ IntegerRing() | 6, 22 },
{ IntegerRing() | 7, 11 },
{ IntegerRing() | 8, 15 },
{ IntegerRing() | 9, 39 },
{ IntegerRing() | 10, 45 },
{ IntegerRing() | 13, 38 },
{ IntegerRing() | 14, 42 },
{ IntegerRing() | 16, 50 },
{ IntegerRing() | 17, 61 },
{ IntegerRing() | 19, 60 },
{ IntegerRing() | 20, 43 },
{ IntegerRing() | 21, 53 },
{ IntegerRing() | 23, 54 },
{ IntegerRing() | 25, 36 },
{ IntegerRing() | 26, 58 },
{ IntegerRing() | 27, 37 },
{ IntegerRing() | 28, 47 },
{ IntegerRing() | 29, 46 },
{ IntegerRing() | 30, 48 },
{ IntegerRing() | 31, 49 },
{ IntegerRing() | 32, 41 },
{ IntegerRing() | 33, 55 },
{ IntegerRing() | 34, 56 },
{ IntegerRing() | 35, 57 },
{ IntegerRing() | 40, 64 },
{ IntegerRing() | 44, 59 },
{ IntegerRing() | 51, 63 },
{ IntegerRing() | 52, 62 }
@};
edge3`UpstairsTriple := [ PermutationGroup<64 |  
\[ 2, 3, 4, 5, 6, 7, 8, 9, 10, 11, 12, 13, 14, 15, 16, 17, 18, 19, 20, 21, 22, 23, 24, 25, 26, 27, 28, 29, 30, 31, 32, 33, 34, 35, 36, 37, 38, 39, 40, 41, 42, 43, 44, 45, 46, 47, 48, 49, 50, 51, 52, 53, 54, 55, 56, 57, 58, 59, 60, 61, 62, 63, 64, 1 ],
\[ 2, 1, 3, 4, 5, 6, 7, 8, 9, 10, 11, 12, 13, 14, 15, 16, 17, 18, 19, 20, 21, 22, 23, 24, 25, 26, 27, 28, 29, 30, 31, 32, 33, 34, 35, 36, 37, 38, 39, 40, 41, 42, 43, 44, 45, 46, 47, 48, 49, 50, 51, 52, 53, 54, 55, 56, 57, 58, 59, 60, 61, 62, 63, 64 ]:
 Order := 126886932185884164103433389335161480802865516174545192198801894375214704230400000000000000 > |
[ 12, 39, 8, 53, 2, 5, 48, 37, 25, 14, 30, 9, 63, 24, 27, 20, 44, 15, 18, 28, 13, 1, 49, 21, 16, 29, 32, 22, 10, 64, 52, 11, 35, 54, 17, 50, 41, 51, 36, 60, 7, 4, 47, 34, 42, 45, 6, 40, 62, 43, 58, 33, 38, 31, 57, 23, 61, 46, 56, 3, 59, 55, 26, 19 ],
[ 3, 10, 16, 22, 18, 26, 1, 33, 37, 43, 5, 45, 2, 35, 55, 7, 60, 50, 49, 38, 44, 58, 42, 6, 4, 36, 47, 40, 52, 56, 41, 61, 48, 8, 63, 24, 28, 12, 27, 9, 17, 57, 13, 29, 20, 62, 64, 34, 32, 11, 23, 21, 59, 14, 30, 15, 51, 25, 46, 31, 19, 53, 54, 39 ],
[ 4, 11, 17, 23, 24, 27, 31, 1, 38, 44, 49, 7, 52, 2, 5, 58, 14, 61, 47, 3, 36, 37, 30, 54, 40, 35, 56, 45, 6, 50, 63, 39, 29, 21, 8, 64, 34, 62, 13, 33, 9, 12, 18, 41, 59, 22, 10, 16, 51, 26, 20, 60, 25, 48, 46, 53, 15, 57, 32, 28, 42, 19, 43, 55 ]
];
edge3`UpstairsFilename := "64S6-8,4,8-g17-2222824423.m";
edge3`DownstairsTriple := [ PermutationGroup<32 |  
\[ 2, 3, 4, 5, 6, 7, 8, 9, 10, 11, 12, 13, 14, 15, 16, 17, 18, 19, 20, 21, 22, 23, 24, 25, 26, 27, 28, 29, 30, 31, 32, 1 ],
\[ 2, 1, 3, 4, 5, 6, 7, 8, 9, 10, 11, 12, 13, 14, 15, 16, 17, 18, 19, 20, 21, 22, 23, 24, 25, 26, 27, 28, 29, 30, 31, 32 ]:
 Order := 263130836933693530167218012160000000 > |
[ 11, 22, 8, 23, 2, 5, 14, 29, 6, 13, 9, 30, 20, 21, 32, 7, 12, 1, 24, 17, 25, 18, 10, 31, 3, 28, 19, 15, 16, 4, 26, 27 ],
[ 3, 10, 5, 18, 7, 4, 1, 26, 29, 11, 12, 2, 19, 27, 25, 15, 31, 20, 30, 6, 9, 21, 32, 16, 24, 14, 8, 13, 22, 28, 23, 17 ],
[ 4, 3, 15, 19, 20, 21, 24, 1, 10, 31, 7, 32, 2, 5, 30, 9, 18, 29, 14, 28, 26, 12, 6, 13, 22, 17, 23, 8, 27, 11, 25, 16 ]
];
edge3`DownstairsFilename := "32S5-8,4,8-g9-3079523836.m";
Append(~s`Edges, edge3);

/*
Return for eval
*/

return s;
