s := TwoDBInitialize();

/*
Magma printing
*/

s`Name := "64S7-4,8,8-g17-1639690228";
s`Filename := "64S7-4,8,8-g17-1639690228.m";
s`Degree := 64;
s`Orders := \[ 4, 8, 8 ];
s`Geometry := "Hyperbolic";
s`Genus := 17;
s`Level := 6;
s`PermutationTriple := [ PermutationGroup<64 |  
\[ 2, 3, 4, 5, 6, 7, 8, 9, 10, 11, 12, 13, 14, 15, 16, 17, 18, 19, 20, 21, 22, 23, 24, 25, 26, 27, 28, 29, 30, 31, 32, 33, 34, 35, 36, 37, 38, 39, 40, 41, 42, 43, 44, 45, 46, 47, 48, 49, 50, 51, 52, 53, 54, 55, 56, 57, 58, 59, 60, 61, 62, 63, 64, 1 ],
\[ 2, 1, 3, 4, 5, 6, 7, 8, 9, 10, 11, 12, 13, 14, 15, 16, 17, 18, 19, 20, 21, 22, 23, 24, 25, 26, 27, 28, 29, 30, 31, 32, 33, 34, 35, 36, 37, 38, 39, 40, 41, 42, 43, 44, 45, 46, 47, 48, 49, 50, 51, 52, 53, 54, 55, 56, 57, 58, 59, 60, 61, 62, 63, 64 ]:
 Order := 126886932185884164103433389335161480802865516174545192198801894375214704230400000000000000 > |
[ 12, 40, 8, 53, 2, 5, 49, 38, 22, 14, 30, 9, 25, 27, 34, 20, 63, 15, 18, 62, 13, 1, 56, 21, 24, 33, 29, 32, 10, 28, 23, 11, 44, 19, 37, 64, 50, 42, 52, 6, 51, 3, 54, 48, 59, 43, 46, 26, 41, 61, 7, 4, 39, 47, 57, 58, 45, 31, 55, 16, 35, 60, 36, 17 ],
[ 3, 10, 16, 22, 18, 27, 1, 35, 38, 44, 5, 46, 2, 23, 56, 11, 42, 33, 31, 13, 45, 54, 52, 6, 55, 4, 26, 40, 58, 57, 51, 59, 7, 48, 30, 8, 21, 62, 12, 34, 9, 50, 61, 39, 29, 20, 37, 41, 36, 32, 17, 63, 64, 60, 14, 49, 15, 53, 19, 24, 25, 28, 43, 47 ],
[ 4, 11, 17, 23, 24, 28, 31, 1, 39, 45, 50, 7, 37, 2, 5, 54, 53, 59, 40, 3, 60, 41, 19, 61, 20, 34, 55, 35, 6, 16, 29, 62, 27, 57, 43, 52, 8, 36, 58, 13, 56, 9, 12, 18, 30, 64, 22, 10, 33, 47, 48, 44, 26, 63, 32, 14, 25, 15, 21, 38, 42, 46, 51, 49 ]
];
s`MonodromyGroup := PermutationGroup<64 |  
\[ 12, 40, 8, 53, 2, 5, 49, 38, 22, 14, 30, 9, 25, 27, 34, 20, 63, 15, 18, 62, 13, 1, 56, 21, 24, 33, 29, 32, 10, 28, 23, 11, 44, 19, 37, 64, 50, 42, 52, 6, 51, 3, 54, 48, 59, 43, 46, 26, 41, 61, 7, 4, 39, 47, 57, 58, 45, 31, 55, 16, 35, 60, 36, 17 ],
\[ 3, 10, 16, 22, 18, 27, 1, 35, 38, 44, 5, 46, 2, 23, 56, 11, 42, 33, 31, 13, 45, 54, 52, 6, 55, 4, 26, 40, 58, 57, 51, 59, 7, 48, 30, 8, 21, 62, 12, 34, 9, 50, 61, 39, 29, 20, 37, 41, 36, 32, 17, 63, 64, 60, 14, 49, 15, 53, 19, 24, 25, 28, 43, 47 ],
\[ 4, 11, 17, 23, 24, 28, 31, 1, 39, 45, 50, 7, 37, 2, 5, 54, 53, 59, 40, 3, 60, 41, 19, 61, 20, 34, 55, 35, 6, 16, 29, 62, 27, 57, 43, 52, 8, 36, 58, 13, 56, 9, 12, 18, 30, 64, 22, 10, 33, 47, 48, 44, 26, 63, 32, 14, 25, 15, 21, 38, 42, 46, 51, 49 ] >;

/*
Edge printing
*/

s`Edges := [];
edge1 := TwoEdgeInitialize();
edge1`Blocks := {@ PowerSet(IntegerRing()) |
{ IntegerRing() | 1, 5 },
{ IntegerRing() | 2, 12 },
{ IntegerRing() | 3, 18 },
{ IntegerRing() | 4, 24 },
{ IntegerRing() | 6, 22 },
{ IntegerRing() | 7, 11 },
{ IntegerRing() | 8, 15 },
{ IntegerRing() | 9, 40 },
{ IntegerRing() | 10, 46 },
{ IntegerRing() | 13, 39 },
{ IntegerRing() | 14, 43 },
{ IntegerRing() | 16, 33 },
{ IntegerRing() | 17, 59 },
{ IntegerRing() | 19, 42 },
{ IntegerRing() | 20, 44 },
{ IntegerRing() | 21, 53 },
{ IntegerRing() | 23, 61 },
{ IntegerRing() | 25, 52 },
{ IntegerRing() | 26, 60 },
{ IntegerRing() | 27, 54 },
{ IntegerRing() | 28, 41 },
{ IntegerRing() | 29, 47 },
{ IntegerRing() | 30, 49 },
{ IntegerRing() | 31, 50 },
{ IntegerRing() | 32, 51 },
{ IntegerRing() | 34, 38 },
{ IntegerRing() | 35, 56 },
{ IntegerRing() | 36, 57 },
{ IntegerRing() | 37, 58 },
{ IntegerRing() | 45, 64 },
{ IntegerRing() | 48, 62 },
{ IntegerRing() | 55, 63 }
@};
edge1`UpstairsTriple := [ PermutationGroup<64 |  
\[ 2, 3, 4, 5, 6, 7, 8, 9, 10, 11, 12, 13, 14, 15, 16, 17, 18, 19, 20, 21, 22, 23, 24, 25, 26, 27, 28, 29, 30, 31, 32, 33, 34, 35, 36, 37, 38, 39, 40, 41, 42, 43, 44, 45, 46, 47, 48, 49, 50, 51, 52, 53, 54, 55, 56, 57, 58, 59, 60, 61, 62, 63, 64, 1 ],
\[ 2, 1, 3, 4, 5, 6, 7, 8, 9, 10, 11, 12, 13, 14, 15, 16, 17, 18, 19, 20, 21, 22, 23, 24, 25, 26, 27, 28, 29, 30, 31, 32, 33, 34, 35, 36, 37, 38, 39, 40, 41, 42, 43, 44, 45, 46, 47, 48, 49, 50, 51, 52, 53, 54, 55, 56, 57, 58, 59, 60, 61, 62, 63, 64 ]:
 Order := 126886932185884164103433389335161480802865516174545192198801894375214704230400000000000000 > |
[ 12, 40, 8, 53, 2, 5, 49, 38, 22, 14, 30, 9, 25, 27, 34, 20, 63, 15, 18, 62, 13, 1, 56, 21, 24, 33, 29, 32, 10, 28, 23, 11, 44, 19, 37, 64, 50, 42, 52, 6, 51, 3, 54, 48, 59, 43, 46, 26, 41, 61, 7, 4, 39, 47, 57, 58, 45, 31, 55, 16, 35, 60, 36, 17 ],
[ 3, 10, 16, 22, 18, 27, 1, 35, 38, 44, 5, 46, 2, 23, 56, 11, 42, 33, 31, 13, 45, 54, 52, 6, 55, 4, 26, 40, 58, 57, 51, 59, 7, 48, 30, 8, 21, 62, 12, 34, 9, 50, 61, 39, 29, 20, 37, 41, 36, 32, 17, 63, 64, 60, 14, 49, 15, 53, 19, 24, 25, 28, 43, 47 ],
[ 4, 11, 17, 23, 24, 28, 31, 1, 39, 45, 50, 7, 37, 2, 5, 54, 53, 59, 40, 3, 60, 41, 19, 61, 20, 34, 55, 35, 6, 16, 29, 62, 27, 57, 43, 52, 8, 36, 58, 13, 56, 9, 12, 18, 30, 64, 22, 10, 33, 47, 48, 44, 26, 63, 32, 14, 25, 15, 21, 38, 42, 46, 51, 49 ]
];
edge1`UpstairsFilename := "64S7-4,8,8-g17-1639690228.m";
edge1`DownstairsTriple := [ PermutationGroup<32 |  
\[ 2, 3, 4, 5, 6, 7, 8, 9, 10, 11, 12, 13, 14, 15, 16, 17, 18, 19, 20, 21, 22, 23, 24, 25, 26, 27, 28, 29, 30, 31, 32, 1 ],
\[ 2, 1, 3, 4, 5, 6, 7, 8, 9, 10, 11, 12, 13, 14, 15, 16, 17, 18, 19, 20, 21, 22, 23, 24, 25, 26, 27, 28, 29, 30, 31, 32 ]:
 Order := 263130836933693530167218012160000000 > |
[ 6, 1, 8, 20, 2, 5, 26, 15, 11, 24, 22, 3, 16, 30, 12, 31, 4, 27, 17, 19, 13, 23, 9, 7, 18, 10, 29, 32, 25, 28, 21, 14 ],
[ 3, 9, 13, 2, 15, 22, 1, 27, 21, 5, 29, 25, 7, 12, 31, 19, 30, 17, 6, 32, 4, 16, 18, 14, 24, 28, 26, 8, 20, 23, 10, 11 ],
[ 4, 10, 14, 18, 19, 7, 25, 1, 30, 27, 2, 5, 9, 20, 28, 3, 16, 12, 29, 21, 15, 32, 6, 31, 11, 13, 23, 17, 8, 24, 22, 26 ]
];
edge1`DownstairsFilename := "32S10-4,4,8-g7-1089880469.m";
Append(~s`Edges, edge1);
edge2 := TwoEdgeInitialize();
edge2`Blocks := {@ PowerSet(IntegerRing()) |
{ IntegerRing() | 1, 5 },
{ IntegerRing() | 2, 6 },
{ IntegerRing() | 3, 15 },
{ IntegerRing() | 4, 19 },
{ IntegerRing() | 7, 10 },
{ IntegerRing() | 8, 12 },
{ IntegerRing() | 9, 22 },
{ IntegerRing() | 11, 23 },
{ IntegerRing() | 13, 39 },
{ IntegerRing() | 14, 29 },
{ IntegerRing() | 16, 31 },
{ IntegerRing() | 17, 20 },
{ IntegerRing() | 18, 45 },
{ IntegerRing() | 21, 43 },
{ IntegerRing() | 24, 26 },
{ IntegerRing() | 25, 33 },
{ IntegerRing() | 27, 34 },
{ IntegerRing() | 28, 36 },
{ IntegerRing() | 30, 37 },
{ IntegerRing() | 32, 35 },
{ IntegerRing() | 38, 51 },
{ IntegerRing() | 40, 56 },
{ IntegerRing() | 41, 53 },
{ IntegerRing() | 42, 52 },
{ IntegerRing() | 44, 54 },
{ IntegerRing() | 46, 49 },
{ IntegerRing() | 47, 50 },
{ IntegerRing() | 48, 55 },
{ IntegerRing() | 57, 61 },
{ IntegerRing() | 58, 64 },
{ IntegerRing() | 59, 63 },
{ IntegerRing() | 60, 62 }
@};
edge2`UpstairsTriple := [ PermutationGroup<64 |  
\[ 2, 3, 4, 5, 6, 7, 8, 9, 10, 11, 12, 13, 14, 15, 16, 17, 18, 19, 20, 21, 22, 23, 24, 25, 26, 27, 28, 29, 30, 31, 32, 33, 34, 35, 36, 37, 38, 39, 40, 41, 42, 43, 44, 45, 46, 47, 48, 49, 50, 51, 52, 53, 54, 55, 56, 57, 58, 59, 60, 61, 62, 63, 64, 1 ],
\[ 2, 1, 3, 4, 5, 6, 7, 8, 9, 10, 11, 12, 13, 14, 15, 16, 17, 18, 19, 20, 21, 22, 23, 24, 25, 26, 27, 28, 29, 30, 31, 32, 33, 34, 35, 36, 37, 38, 39, 40, 41, 42, 43, 44, 45, 46, 47, 48, 49, 50, 51, 52, 53, 54, 55, 56, 57, 58, 59, 60, 61, 62, 63, 64 ]:
 Order := 126886932185884164103433389335161480802865516174545192198801894375214704230400000000000000 > |
[ 6, 1, 8, 20, 2, 5, 26, 15, 11, 24, 22, 3, 16, 32, 12, 39, 4, 33, 17, 19, 27, 23, 9, 7, 18, 10, 43, 30, 35, 36, 13, 29, 45, 21, 14, 37, 28, 40, 31, 51, 42, 53, 34, 50, 25, 48, 44, 49, 55, 54, 56, 41, 52, 47, 46, 38, 58, 61, 60, 63, 64, 59, 62, 57 ],
[ 3, 9, 13, 2, 15, 22, 1, 28, 31, 5, 30, 36, 38, 12, 39, 41, 32, 17, 6, 35, 4, 16, 37, 14, 24, 29, 7, 40, 8, 52, 53, 23, 26, 10, 11, 56, 42, 57, 51, 59, 58, 62, 19, 25, 20, 18, 34, 21, 45, 27, 61, 60, 64, 33, 43, 63, 50, 55, 54, 49, 47, 46, 44, 48 ],
[ 4, 10, 14, 18, 19, 7, 25, 1, 32, 33, 2, 5, 9, 20, 29, 3, 43, 44, 45, 21, 47, 35, 6, 34, 49, 27, 48, 23, 17, 8, 15, 24, 46, 55, 26, 11, 12, 36, 22, 13, 30, 16, 50, 61, 54, 58, 59, 62, 64, 63, 28, 31, 37, 57, 60, 39, 53, 38, 42, 40, 41, 56, 52, 51 ]
];
edge2`UpstairsFilename := "64S7-4,8,8-g17-1987936816.m";
edge2`DownstairsTriple := [ PermutationGroup<32 |  
\[ 2, 3, 4, 5, 6, 7, 8, 9, 10, 11, 12, 13, 14, 15, 16, 17, 18, 19, 20, 21, 22, 23, 24, 25, 26, 27, 28, 29, 30, 31, 32, 1 ],
\[ 2, 1, 3, 4, 5, 6, 7, 8, 9, 10, 11, 12, 13, 14, 15, 16, 17, 18, 19, 20, 21, 22, 23, 24, 25, 26, 27, 28, 29, 30, 31, 32 ]:
 Order := 263130836933693530167218012160000000 > |
[ 2, 1, 7, 15, 9, 21, 3, 10, 5, 8, 14, 26, 20, 11, 4, 22, 31, 23, 29, 13, 6, 16, 18, 25, 24, 12, 28, 27, 19, 32, 17, 30 ],
[ 3, 8, 11, 2, 13, 1, 24, 14, 27, 25, 19, 7, 23, 17, 26, 15, 9, 4, 5, 22, 12, 21, 6, 29, 31, 10, 18, 16, 30, 20, 32, 28 ],
[ 4, 6, 12, 16, 17, 22, 1, 26, 19, 2, 8, 15, 30, 3, 18, 20, 25, 13, 24, 5, 23, 28, 27, 10, 7, 21, 32, 9, 11, 31, 14, 29 ]
];
edge2`DownstairsFilename := "32S5-2,8,8-g5-761536575.m";
Append(~s`Edges, edge2);
edge3 := TwoEdgeInitialize();
edge3`Blocks := {@ PowerSet(IntegerRing()) |
{ IntegerRing() | 1, 5 },
{ IntegerRing() | 2, 11 },
{ IntegerRing() | 3, 16 },
{ IntegerRing() | 4, 21 },
{ IntegerRing() | 6, 24 },
{ IntegerRing() | 7, 25 },
{ IntegerRing() | 8, 26 },
{ IntegerRing() | 9, 38 },
{ IntegerRing() | 10, 40 },
{ IntegerRing() | 12, 42 },
{ IntegerRing() | 13, 43 },
{ IntegerRing() | 14, 49 },
{ IntegerRing() | 15, 52 },
{ IntegerRing() | 17, 53 },
{ IntegerRing() | 18, 23 },
{ IntegerRing() | 19, 55 },
{ IntegerRing() | 20, 37 },
{ IntegerRing() | 22, 58 },
{ IntegerRing() | 27, 59 },
{ IntegerRing() | 28, 48 },
{ IntegerRing() | 29, 57 },
{ IntegerRing() | 30, 60 },
{ IntegerRing() | 31, 35 },
{ IntegerRing() | 32, 51 },
{ IntegerRing() | 33, 41 },
{ IntegerRing() | 34, 61 },
{ IntegerRing() | 36, 62 },
{ IntegerRing() | 39, 63 },
{ IntegerRing() | 44, 46 },
{ IntegerRing() | 45, 50 },
{ IntegerRing() | 47, 64 },
{ IntegerRing() | 54, 56 }
@};
edge3`UpstairsTriple := [ PermutationGroup<64 |  
\[ 2, 3, 4, 5, 6, 7, 8, 9, 10, 11, 12, 13, 14, 15, 16, 17, 18, 19, 20, 21, 22, 23, 24, 25, 26, 27, 28, 29, 30, 31, 32, 33, 34, 35, 36, 37, 38, 39, 40, 41, 42, 43, 44, 45, 46, 47, 48, 49, 50, 51, 52, 53, 54, 55, 56, 57, 58, 59, 60, 61, 62, 63, 64, 1 ],
\[ 2, 1, 3, 4, 5, 6, 7, 8, 9, 10, 11, 12, 13, 14, 15, 16, 17, 18, 19, 20, 21, 22, 23, 24, 25, 26, 27, 28, 29, 30, 31, 32, 33, 34, 35, 36, 37, 38, 39, 40, 41, 42, 43, 44, 45, 46, 47, 48, 49, 50, 51, 52, 53, 54, 55, 56, 57, 58, 59, 60, 61, 62, 63, 64 ]:
 Order := 126886932185884164103433389335161480802865516174545192198801894375214704230400000000000000 > |
[ 2, 9, 8, 19, 11, 1, 30, 34, 6, 13, 38, 22, 27, 18, 47, 26, 3, 41, 12, 56, 55, 4, 33, 5, 60, 61, 29, 32, 10, 28, 20, 7, 45, 17, 37, 39, 54, 24, 15, 43, 50, 58, 59, 31, 49, 35, 36, 51, 23, 14, 25, 64, 16, 46, 42, 44, 40, 21, 57, 48, 53, 63, 52, 62 ],
[ 3, 10, 14, 6, 16, 27, 1, 35, 34, 18, 40, 2, 46, 48, 17, 49, 54, 21, 39, 22, 24, 47, 4, 59, 5, 31, 50, 9, 37, 36, 32, 15, 7, 41, 51, 8, 58, 61, 29, 23, 25, 11, 44, 19, 12, 55, 13, 38, 28, 42, 52, 53, 56, 60, 63, 30, 20, 64, 45, 62, 33, 26, 57, 43 ],
[ 4, 7, 15, 20, 21, 28, 31, 1, 12, 39, 25, 44, 2, 27, 19, 52, 9, 3, 23, 26, 37, 45, 16, 48, 35, 5, 47, 56, 6, 33, 43, 49, 40, 36, 13, 22, 8, 42, 30, 63, 10, 46, 11, 53, 61, 17, 32, 54, 59, 34, 14, 55, 38, 29, 18, 57, 24, 50, 64, 41, 62, 58, 60, 51 ]
];
edge3`UpstairsFilename := "64S7-4,8,8-g17-1836948102.m";
edge3`DownstairsTriple := [ PermutationGroup<32 |  
\[ 2, 3, 4, 5, 6, 7, 8, 9, 10, 11, 12, 13, 14, 15, 16, 17, 18, 19, 20, 21, 22, 23, 24, 25, 26, 27, 28, 29, 30, 31, 32, 1 ],
\[ 2, 1, 3, 4, 5, 6, 7, 8, 9, 10, 11, 12, 13, 14, 15, 16, 17, 18, 19, 20, 21, 22, 23, 24, 25, 26, 27, 28, 29, 30, 31, 32 ]:
 Order := 263130836933693530167218012160000000 > |
[ 6, 1, 8, 20, 2, 5, 25, 15, 11, 23, 21, 3, 16, 29, 12, 26, 4, 30, 17, 19, 22, 9, 7, 18, 10, 28, 31, 13, 27, 32, 14, 24 ],
[ 3, 9, 13, 2, 15, 21, 1, 24, 28, 5, 18, 30, 10, 12, 26, 4, 29, 17, 6, 31, 16, 32, 14, 23, 27, 7, 8, 19, 22, 25, 11, 20 ],
[ 4, 10, 14, 18, 19, 7, 24, 1, 29, 30, 2, 5, 9, 20, 27, 3, 28, 8, 32, 16, 31, 6, 13, 22, 26, 21, 17, 15, 23, 11, 25, 12 ]
];
edge3`DownstairsFilename := "32S11-4,8,4-g7-3887071734.m";
Append(~s`Edges, edge3);

/*
Return for eval
*/

return s;
