s := TwoDBInitialize();

/*
Magma printing
*/

s`Name := "64S7-8,8,4-g17-2483683244";
s`Filename := "64S7-8,8,4-g17-2483683244.m";
s`Degree := 64;
s`Orders := \[ 8, 8, 4 ];
s`Geometry := "Hyperbolic";
s`Genus := 17;
s`Level := 6;
s`PermutationTriple := [ PermutationGroup<64 |  
\[ 2, 3, 4, 5, 6, 7, 8, 9, 10, 11, 12, 13, 14, 15, 16, 17, 18, 19, 20, 21, 22, 23, 24, 25, 26, 27, 28, 29, 30, 31, 32, 33, 34, 35, 36, 37, 38, 39, 40, 41, 42, 43, 44, 45, 46, 47, 48, 49, 50, 51, 52, 53, 54, 55, 56, 57, 58, 59, 60, 61, 62, 63, 64, 1 ],
\[ 2, 1, 3, 4, 5, 6, 7, 8, 9, 10, 11, 12, 13, 14, 15, 16, 17, 18, 19, 20, 21, 22, 23, 24, 25, 26, 27, 28, 29, 30, 31, 32, 33, 34, 35, 36, 37, 38, 39, 40, 41, 42, 43, 44, 45, 46, 47, 48, 49, 50, 51, 52, 53, 54, 55, 56, 57, 58, 59, 60, 61, 62, 63, 64 ]:
 Order := 126886932185884164103433389335161480802865516174545192198801894375214704230400000000000000 > |
[ 2, 9, 8, 19, 11, 1, 31, 35, 24, 13, 29, 45, 48, 18, 42, 26, 3, 40, 12, 32, 57, 4, 49, 5, 50, 55, 30, 33, 6, 10, 38, 46, 7, 52, 39, 20, 34, 60, 16, 23, 44, 37, 22, 27, 21, 61, 64, 59, 47, 28, 14, 63, 15, 56, 17, 36, 43, 54, 41, 25, 58, 53, 62, 51 ],
[ 3, 10, 14, 6, 16, 27, 1, 36, 35, 15, 41, 2, 20, 44, 17, 49, 54, 43, 42, 22, 24, 53, 4, 48, 5, 61, 62, 29, 55, 56, 23, 33, 18, 7, 40, 50, 8, 9, 32, 30, 52, 28, 11, 58, 34, 19, 12, 37, 13, 51, 21, 39, 25, 60, 64, 57, 63, 45, 46, 47, 31, 26, 38, 59 ],
[ 4, 7, 15, 20, 21, 28, 32, 1, 12, 40, 25, 46, 2, 50, 22, 52, 29, 3, 23, 8, 58, 18, 35, 38, 54, 5, 14, 36, 43, 6, 34, 13, 42, 48, 37, 30, 19, 61, 9, 33, 64, 10, 56, 11, 47, 39, 16, 49, 31, 53, 55, 45, 27, 44, 62, 17, 51, 26, 24, 63, 59, 57, 41, 60 ]
];
s`MonodromyGroup := PermutationGroup<64 |  
\[ 2, 9, 8, 19, 11, 1, 31, 35, 24, 13, 29, 45, 48, 18, 42, 26, 3, 40, 12, 32, 57, 4, 49, 5, 50, 55, 30, 33, 6, 10, 38, 46, 7, 52, 39, 20, 34, 60, 16, 23, 44, 37, 22, 27, 21, 61, 64, 59, 47, 28, 14, 63, 15, 56, 17, 36, 43, 54, 41, 25, 58, 53, 62, 51 ],
\[ 3, 10, 14, 6, 16, 27, 1, 36, 35, 15, 41, 2, 20, 44, 17, 49, 54, 43, 42, 22, 24, 53, 4, 48, 5, 61, 62, 29, 55, 56, 23, 33, 18, 7, 40, 50, 8, 9, 32, 30, 52, 28, 11, 58, 34, 19, 12, 37, 13, 51, 21, 39, 25, 60, 64, 57, 63, 45, 46, 47, 31, 26, 38, 59 ],
\[ 4, 7, 15, 20, 21, 28, 32, 1, 12, 40, 25, 46, 2, 50, 22, 52, 29, 3, 23, 8, 58, 18, 35, 38, 54, 5, 14, 36, 43, 6, 34, 13, 42, 48, 37, 30, 19, 61, 9, 33, 64, 10, 56, 11, 47, 39, 16, 49, 31, 53, 55, 45, 27, 44, 62, 17, 51, 26, 24, 63, 59, 57, 41, 60 ] >;

/*
Edge printing
*/

s`Edges := [];
edge1 := TwoEdgeInitialize();
edge1`Blocks := {@ PowerSet(IntegerRing()) |
{ IntegerRing() | 1, 5 },
{ IntegerRing() | 2, 11 },
{ IntegerRing() | 3, 16 },
{ IntegerRing() | 4, 21 },
{ IntegerRing() | 6, 24 },
{ IntegerRing() | 7, 25 },
{ IntegerRing() | 8, 26 },
{ IntegerRing() | 9, 29 },
{ IntegerRing() | 10, 41 },
{ IntegerRing() | 12, 43 },
{ IntegerRing() | 13, 44 },
{ IntegerRing() | 14, 49 },
{ IntegerRing() | 15, 52 },
{ IntegerRing() | 17, 39 },
{ IntegerRing() | 18, 47 },
{ IntegerRing() | 19, 57 },
{ IntegerRing() | 20, 58 },
{ IntegerRing() | 22, 45 },
{ IntegerRing() | 23, 51 },
{ IntegerRing() | 27, 48 },
{ IntegerRing() | 28, 38 },
{ IntegerRing() | 30, 59 },
{ IntegerRing() | 31, 50 },
{ IntegerRing() | 32, 54 },
{ IntegerRing() | 33, 60 },
{ IntegerRing() | 34, 53 },
{ IntegerRing() | 35, 55 },
{ IntegerRing() | 36, 61 },
{ IntegerRing() | 37, 62 },
{ IntegerRing() | 40, 64 },
{ IntegerRing() | 42, 63 },
{ IntegerRing() | 46, 56 }
@};
edge1`UpstairsTriple := [ PermutationGroup<64 |  
\[ 2, 3, 4, 5, 6, 7, 8, 9, 10, 11, 12, 13, 14, 15, 16, 17, 18, 19, 20, 21, 22, 23, 24, 25, 26, 27, 28, 29, 30, 31, 32, 33, 34, 35, 36, 37, 38, 39, 40, 41, 42, 43, 44, 45, 46, 47, 48, 49, 50, 51, 52, 53, 54, 55, 56, 57, 58, 59, 60, 61, 62, 63, 64, 1 ],
\[ 2, 1, 3, 4, 5, 6, 7, 8, 9, 10, 11, 12, 13, 14, 15, 16, 17, 18, 19, 20, 21, 22, 23, 24, 25, 26, 27, 28, 29, 30, 31, 32, 33, 34, 35, 36, 37, 38, 39, 40, 41, 42, 43, 44, 45, 46, 47, 48, 49, 50, 51, 52, 53, 54, 55, 56, 57, 58, 59, 60, 61, 62, 63, 64 ]:
 Order := 126886932185884164103433389335161480802865516174545192198801894375214704230400000000000000 > |
[ 2, 9, 8, 19, 11, 1, 31, 35, 24, 13, 29, 45, 48, 18, 42, 26, 3, 40, 12, 32, 57, 4, 49, 5, 50, 55, 30, 33, 6, 10, 38, 46, 7, 52, 39, 20, 34, 60, 16, 23, 44, 37, 22, 27, 21, 61, 64, 59, 47, 28, 14, 63, 15, 56, 17, 36, 43, 54, 41, 25, 58, 53, 62, 51 ],
[ 3, 10, 14, 6, 16, 27, 1, 36, 35, 15, 41, 2, 20, 44, 17, 49, 54, 43, 42, 22, 24, 53, 4, 48, 5, 61, 62, 29, 55, 56, 23, 33, 18, 7, 40, 50, 8, 9, 32, 30, 52, 28, 11, 58, 34, 19, 12, 37, 13, 51, 21, 39, 25, 60, 64, 57, 63, 45, 46, 47, 31, 26, 38, 59 ],
[ 4, 7, 15, 20, 21, 28, 32, 1, 12, 40, 25, 46, 2, 50, 22, 52, 29, 3, 23, 8, 58, 18, 35, 38, 54, 5, 14, 36, 43, 6, 34, 13, 42, 48, 37, 30, 19, 61, 9, 33, 64, 10, 56, 11, 47, 39, 16, 49, 31, 53, 55, 45, 27, 44, 62, 17, 51, 26, 24, 63, 59, 57, 41, 60 ]
];
edge1`UpstairsFilename := "64S7-8,8,4-g17-2483683244.m";
edge1`DownstairsTriple := [ PermutationGroup<32 |  
\[ 2, 3, 4, 5, 6, 7, 8, 9, 10, 11, 12, 13, 14, 15, 16, 17, 18, 19, 20, 21, 22, 23, 24, 25, 26, 27, 28, 29, 30, 31, 32, 1 ],
\[ 2, 1, 3, 4, 5, 6, 7, 8, 9, 10, 11, 12, 13, 14, 15, 16, 17, 18, 19, 20, 21, 22, 23, 24, 25, 26, 27, 28, 29, 30, 31, 32 ]:
 Order := 263130836933693530167218012160000000 > |
[ 12, 30, 8, 28, 2, 5, 22, 19, 20, 7, 25, 9, 3, 18, 31, 4, 16, 32, 13, 1, 14, 24, 26, 10, 23, 11, 15, 17, 27, 6, 29, 21 ],
[ 3, 10, 14, 20, 16, 22, 1, 6, 19, 18, 5, 26, 2, 11, 13, 27, 12, 17, 32, 25, 4, 21, 30, 9, 29, 15, 7, 31, 8, 28, 24, 23 ],
[ 4, 11, 15, 5, 8, 23, 2, 1, 17, 31, 12, 7, 9, 22, 16, 18, 30, 3, 29, 24, 19, 27, 20, 6, 14, 32, 25, 21, 28, 13, 26, 10 ]
];
edge1`DownstairsFilename := "32S10-4,8,4-g7-168536519.m";
Append(~s`Edges, edge1);
edge2 := TwoEdgeInitialize();
edge2`Blocks := {@ PowerSet(IntegerRing()) |
{ IntegerRing() | 1, 5 },
{ IntegerRing() | 2, 12 },
{ IntegerRing() | 3, 16 },
{ IntegerRing() | 4, 8 },
{ IntegerRing() | 6, 20 },
{ IntegerRing() | 7, 11 },
{ IntegerRing() | 9, 33 },
{ IntegerRing() | 10, 27 },
{ IntegerRing() | 13, 32 },
{ IntegerRing() | 14, 42 },
{ IntegerRing() | 15, 18 },
{ IntegerRing() | 17, 45 },
{ IntegerRing() | 19, 29 },
{ IntegerRing() | 21, 30 },
{ IntegerRing() | 22, 44 },
{ IntegerRing() | 23, 25 },
{ IntegerRing() | 24, 47 },
{ IntegerRing() | 26, 37 },
{ IntegerRing() | 28, 38 },
{ IntegerRing() | 31, 51 },
{ IntegerRing() | 34, 54 },
{ IntegerRing() | 35, 36 },
{ IntegerRing() | 39, 56 },
{ IntegerRing() | 40, 52 },
{ IntegerRing() | 41, 61 },
{ IntegerRing() | 43, 49 },
{ IntegerRing() | 46, 50 },
{ IntegerRing() | 48, 63 },
{ IntegerRing() | 53, 59 },
{ IntegerRing() | 55, 64 },
{ IntegerRing() | 57, 62 },
{ IntegerRing() | 58, 60 }
@};
edge2`UpstairsTriple := [ PermutationGroup<64 |  
\[ 2, 3, 4, 5, 6, 7, 8, 9, 10, 11, 12, 13, 14, 15, 16, 17, 18, 19, 20, 21, 22, 23, 24, 25, 26, 27, 28, 29, 30, 31, 32, 33, 34, 35, 36, 37, 38, 39, 40, 41, 42, 43, 44, 45, 46, 47, 48, 49, 50, 51, 52, 53, 54, 55, 56, 57, 58, 59, 60, 61, 62, 63, 64, 1 ],
\[ 2, 1, 3, 4, 5, 6, 7, 8, 9, 10, 11, 12, 13, 14, 15, 16, 17, 18, 19, 20, 21, 22, 23, 24, 25, 26, 27, 28, 29, 30, 31, 32, 33, 34, 35, 36, 37, 38, 39, 40, 41, 42, 43, 44, 45, 46, 47, 48, 49, 50, 51, 52, 53, 54, 55, 56, 57, 58, 59, 60, 61, 62, 63, 64 ]:
 Order := 126886932185884164103433389335161480802865516174545192198801894375214704230400000000000000 > |
[ 12, 33, 8, 29, 2, 5, 37, 19, 51, 7, 26, 9, 56, 18, 35, 4, 16, 36, 13, 1, 38, 25, 27, 20, 10, 54, 11, 40, 32, 28, 59, 39, 31, 62, 30, 21, 34, 52, 64, 58, 44, 15, 42, 23, 3, 24, 6, 45, 14, 47, 53, 60, 46, 57, 48, 55, 41, 43, 50, 49, 22, 61, 17, 63 ],
[ 3, 10, 14, 20, 16, 22, 1, 6, 19, 18, 5, 27, 2, 41, 45, 42, 46, 17, 36, 44, 4, 49, 47, 48, 24, 30, 15, 7, 35, 8, 37, 12, 29, 9, 25, 23, 21, 11, 28, 13, 59, 61, 55, 43, 50, 57, 63, 60, 64, 62, 26, 32, 56, 33, 31, 38, 40, 34, 39, 54, 53, 52, 58, 51 ],
[ 4, 11, 15, 5, 8, 23, 2, 1, 32, 35, 12, 7, 9, 22, 16, 18, 47, 3, 30, 25, 19, 42, 20, 17, 6, 38, 36, 26, 21, 29, 54, 33, 13, 31, 27, 10, 28, 37, 52, 39, 46, 44, 63, 14, 24, 61, 45, 43, 48, 41, 34, 56, 64, 51, 53, 40, 60, 57, 55, 62, 50, 58, 49, 59 ]
];
edge2`UpstairsFilename := "64S7-8,8,4-g17-3031885729.m";
edge2`DownstairsTriple := [ PermutationGroup<32 |  
\[ 2, 3, 4, 5, 6, 7, 8, 9, 10, 11, 12, 13, 14, 15, 16, 17, 18, 19, 20, 21, 22, 23, 24, 25, 26, 27, 28, 29, 30, 31, 32, 1 ],
\[ 2, 1, 3, 4, 5, 6, 7, 8, 9, 10, 11, 12, 13, 14, 15, 16, 17, 18, 19, 20, 21, 22, 23, 24, 25, 26, 27, 28, 29, 30, 31, 32 ]:
 Order := 263130836933693530167218012160000000 > |
[ 2, 8, 4, 16, 10, 1, 24, 19, 7, 23, 14, 13, 27, 17, 3, 11, 31, 25, 5, 21, 22, 9, 6, 26, 29, 28, 18, 20, 32, 12, 15, 30 ],
[ 3, 9, 12, 6, 14, 21, 1, 16, 13, 28, 2, 20, 15, 25, 10, 27, 19, 4, 24, 5, 30, 23, 31, 18, 7, 8, 22, 29, 11, 17, 32, 26 ],
[ 4, 7, 13, 1, 17, 22, 2, 11, 27, 20, 8, 21, 3, 29, 23, 18, 5, 16, 26, 10, 12, 6, 15, 25, 24, 19, 9, 32, 14, 31, 30, 28 ]
];
edge2`DownstairsFilename := "32S5-8,8,2-g5-2127029916.m";
Append(~s`Edges, edge2);
edge3 := TwoEdgeInitialize();
edge3`Blocks := {@ PowerSet(IntegerRing()) |
{ IntegerRing() | 1, 5 },
{ IntegerRing() | 2, 12 },
{ IntegerRing() | 3, 18 },
{ IntegerRing() | 4, 24 },
{ IntegerRing() | 6, 22 },
{ IntegerRing() | 7, 11 },
{ IntegerRing() | 8, 15 },
{ IntegerRing() | 9, 39 },
{ IntegerRing() | 10, 44 },
{ IntegerRing() | 13, 19 },
{ IntegerRing() | 14, 41 },
{ IntegerRing() | 16, 34 },
{ IntegerRing() | 17, 42 },
{ IntegerRing() | 20, 55 },
{ IntegerRing() | 21, 49 },
{ IntegerRing() | 23, 51 },
{ IntegerRing() | 25, 57 },
{ IntegerRing() | 26, 61 },
{ IntegerRing() | 27, 31 },
{ IntegerRing() | 28, 62 },
{ IntegerRing() | 29, 59 },
{ IntegerRing() | 30, 45 },
{ IntegerRing() | 32, 47 },
{ IntegerRing() | 33, 48 },
{ IntegerRing() | 35, 38 },
{ IntegerRing() | 36, 53 },
{ IntegerRing() | 37, 54 },
{ IntegerRing() | 40, 60 },
{ IntegerRing() | 43, 63 },
{ IntegerRing() | 46, 64 },
{ IntegerRing() | 50, 56 },
{ IntegerRing() | 52, 58 }
@};
edge3`UpstairsTriple := [ PermutationGroup<64 |  
\[ 2, 3, 4, 5, 6, 7, 8, 9, 10, 11, 12, 13, 14, 15, 16, 17, 18, 19, 20, 21, 22, 23, 24, 25, 26, 27, 28, 29, 30, 31, 32, 33, 34, 35, 36, 37, 38, 39, 40, 41, 42, 43, 44, 45, 46, 47, 48, 49, 50, 51, 52, 53, 54, 55, 56, 57, 58, 59, 60, 61, 62, 63, 64, 1 ],
\[ 2, 1, 3, 4, 5, 6, 7, 8, 9, 10, 11, 12, 13, 14, 15, 16, 17, 18, 19, 20, 21, 22, 23, 24, 25, 26, 27, 28, 29, 30, 31, 32, 33, 34, 35, 36, 37, 38, 39, 40, 41, 42, 43, 44, 45, 46, 47, 48, 49, 50, 51, 52, 53, 54, 55, 56, 57, 58, 59, 60, 61, 62, 63, 64 ]:
 Order := 126886932185884164103433389335161480802865516174545192198801894375214704230400000000000000 > |
[ 12, 39, 8, 49, 2, 5, 27, 38, 53, 14, 31, 9, 3, 56, 35, 20, 64, 15, 18, 63, 13, 1, 32, 21, 24, 58, 30, 33, 22, 10, 45, 59, 11, 55, 60, 23, 34, 40, 36, 25, 50, 46, 61, 41, 44, 54, 29, 7, 19, 28, 47, 17, 51, 16, 43, 62, 4, 42, 6, 57, 52, 48, 26, 37 ],
[ 3, 10, 16, 22, 18, 27, 1, 36, 38, 42, 5, 44, 2, 51, 53, 11, 13, 34, 12, 60, 46, 31, 57, 6, 58, 4, 26, 59, 21, 9, 61, 48, 55, 7, 43, 56, 8, 63, 35, 32, 23, 19, 30, 17, 39, 28, 33, 20, 64, 37, 25, 14, 50, 15, 40, 54, 52, 41, 49, 47, 24, 29, 45, 62 ],
[ 4, 11, 17, 23, 24, 28, 32, 1, 19, 43, 47, 7, 29, 2, 5, 56, 57, 42, 59, 3, 61, 62, 8, 51, 55, 38, 34, 53, 60, 6, 16, 41, 46, 50, 54, 45, 49, 37, 13, 9, 12, 25, 33, 63, 22, 10, 14, 64, 26, 58, 15, 31, 30, 21, 18, 52, 20, 27, 40, 39, 35, 36, 48, 44 ]
];
edge3`UpstairsFilename := "64S7-8,8,4-g17-3063036657.m";
edge3`DownstairsTriple := [ PermutationGroup<32 |  
\[ 2, 3, 4, 5, 6, 7, 8, 9, 10, 11, 12, 13, 14, 15, 16, 17, 18, 19, 20, 21, 22, 23, 24, 25, 26, 27, 28, 29, 30, 31, 32, 1 ],
\[ 2, 1, 3, 4, 5, 6, 7, 8, 9, 10, 11, 12, 13, 14, 15, 16, 17, 18, 19, 20, 21, 22, 23, 24, 25, 26, 27, 28, 29, 30, 31, 32 ]:
 Order := 263130836933693530167218012160000000 > |
[ 12, 23, 8, 26, 2, 5, 31, 18, 6, 7, 21, 9, 16, 17, 29, 4, 30, 13, 1, 32, 24, 25, 19, 10, 11, 28, 14, 3, 27, 20, 22, 15 ],
[ 3, 10, 14, 19, 16, 21, 1, 6, 18, 17, 5, 25, 2, 7, 28, 32, 13, 30, 31, 4, 27, 9, 26, 23, 15, 29, 8, 12, 24, 22, 20, 11 ],
[ 4, 11, 15, 5, 8, 22, 2, 1, 28, 29, 12, 7, 9, 21, 16, 17, 3, 27, 24, 18, 32, 19, 13, 6, 30, 20, 26, 23, 25, 10, 14, 31 ]
];
edge3`DownstairsFilename := "32S11-8,4,4-g7-921523960.m";
Append(~s`Edges, edge3);

/*
Return for eval
*/

return s;
