s := TwoDBInitialize();

/*
Magma printing
*/

s`Name := "64S7-8,4,8-g17-3904685695";
s`Filename := "64S7-8,4,8-g17-3904685695.m";
s`Degree := 64;
s`Orders := \[ 8, 4, 8 ];
s`Geometry := "Hyperbolic";
s`Genus := 17;
s`Level := 6;
s`PermutationTriple := [ PermutationGroup<64 |  
\[ 2, 3, 4, 5, 6, 7, 8, 9, 10, 11, 12, 13, 14, 15, 16, 17, 18, 19, 20, 21, 22, 23, 24, 25, 26, 27, 28, 29, 30, 31, 32, 33, 34, 35, 36, 37, 38, 39, 40, 41, 42, 43, 44, 45, 46, 47, 48, 49, 50, 51, 52, 53, 54, 55, 56, 57, 58, 59, 60, 61, 62, 63, 64, 1 ],
\[ 2, 1, 3, 4, 5, 6, 7, 8, 9, 10, 11, 12, 13, 14, 15, 16, 17, 18, 19, 20, 21, 22, 23, 24, 25, 26, 27, 28, 29, 30, 31, 32, 33, 34, 35, 36, 37, 38, 39, 40, 41, 42, 43, 44, 45, 46, 47, 48, 49, 50, 51, 52, 53, 54, 55, 56, 57, 58, 59, 60, 61, 62, 63, 64 ]:
 Order := 126886932185884164103433389335161480802865516174545192198801894375214704230400000000000000 > |
[ 2, 9, 8, 19, 11, 1, 31, 34, 24, 13, 29, 45, 47, 18, 46, 26, 3, 42, 12, 15, 53, 4, 14, 5, 54, 52, 30, 33, 6, 10, 38, 40, 7, 39, 37, 48, 60, 61, 16, 35, 44, 56, 22, 27, 21, 36, 59, 49, 64, 51, 58, 17, 43, 28, 20, 50, 32, 23, 41, 63, 25, 57, 62, 55 ],
[ 3, 10, 14, 6, 16, 27, 1, 35, 34, 18, 41, 2, 48, 7, 17, 50, 32, 12, 40, 22, 24, 57, 4, 47, 5, 62, 23, 29, 52, 46, 36, 33, 15, 42, 31, 8, 13, 9, 60, 30, 51, 38, 11, 20, 37, 19, 56, 45, 39, 25, 43, 58, 63, 55, 26, 21, 44, 28, 64, 61, 49, 54, 59, 53 ],
[ 4, 7, 15, 20, 21, 28, 32, 1, 12, 40, 25, 46, 2, 27, 44, 49, 29, 3, 23, 54, 48, 51, 52, 38, 60, 5, 57, 62, 43, 6, 14, 22, 58, 36, 19, 30, 8, 35, 9, 17, 63, 10, 64, 11, 18, 33, 37, 31, 13, 47, 16, 55, 56, 50, 59, 34, 26, 41, 24, 45, 42, 53, 39, 61 ]
];
s`MonodromyGroup := PermutationGroup<64 |  
\[ 2, 9, 8, 19, 11, 1, 31, 34, 24, 13, 29, 45, 47, 18, 46, 26, 3, 42, 12, 15, 53, 4, 14, 5, 54, 52, 30, 33, 6, 10, 38, 40, 7, 39, 37, 48, 60, 61, 16, 35, 44, 56, 22, 27, 21, 36, 59, 49, 64, 51, 58, 17, 43, 28, 20, 50, 32, 23, 41, 63, 25, 57, 62, 55 ],
\[ 3, 10, 14, 6, 16, 27, 1, 35, 34, 18, 41, 2, 48, 7, 17, 50, 32, 12, 40, 22, 24, 57, 4, 47, 5, 62, 23, 29, 52, 46, 36, 33, 15, 42, 31, 8, 13, 9, 60, 30, 51, 38, 11, 20, 37, 19, 56, 45, 39, 25, 43, 58, 63, 55, 26, 21, 44, 28, 64, 61, 49, 54, 59, 53 ],
\[ 4, 7, 15, 20, 21, 28, 32, 1, 12, 40, 25, 46, 2, 27, 44, 49, 29, 3, 23, 54, 48, 51, 52, 38, 60, 5, 57, 62, 43, 6, 14, 22, 58, 36, 19, 30, 8, 35, 9, 17, 63, 10, 64, 11, 18, 33, 37, 31, 13, 47, 16, 55, 56, 50, 59, 34, 26, 41, 24, 45, 42, 53, 39, 61 ] >;

/*
Edge printing
*/

s`Edges := [];
edge1 := TwoEdgeInitialize();
edge1`Blocks := {@ PowerSet(IntegerRing()) |
{ IntegerRing() | 1, 5 },
{ IntegerRing() | 2, 11 },
{ IntegerRing() | 3, 16 },
{ IntegerRing() | 4, 21 },
{ IntegerRing() | 6, 24 },
{ IntegerRing() | 7, 25 },
{ IntegerRing() | 8, 26 },
{ IntegerRing() | 9, 29 },
{ IntegerRing() | 10, 41 },
{ IntegerRing() | 12, 43 },
{ IntegerRing() | 13, 44 },
{ IntegerRing() | 14, 50 },
{ IntegerRing() | 15, 49 },
{ IntegerRing() | 17, 39 },
{ IntegerRing() | 18, 51 },
{ IntegerRing() | 19, 53 },
{ IntegerRing() | 20, 48 },
{ IntegerRing() | 22, 45 },
{ IntegerRing() | 23, 56 },
{ IntegerRing() | 27, 47 },
{ IntegerRing() | 28, 38 },
{ IntegerRing() | 30, 59 },
{ IntegerRing() | 31, 54 },
{ IntegerRing() | 32, 60 },
{ IntegerRing() | 33, 61 },
{ IntegerRing() | 34, 52 },
{ IntegerRing() | 35, 62 },
{ IntegerRing() | 36, 55 },
{ IntegerRing() | 37, 57 },
{ IntegerRing() | 40, 63 },
{ IntegerRing() | 42, 58 },
{ IntegerRing() | 46, 64 }
@};
edge1`UpstairsTriple := [ PermutationGroup<64 |  
\[ 2, 3, 4, 5, 6, 7, 8, 9, 10, 11, 12, 13, 14, 15, 16, 17, 18, 19, 20, 21, 22, 23, 24, 25, 26, 27, 28, 29, 30, 31, 32, 33, 34, 35, 36, 37, 38, 39, 40, 41, 42, 43, 44, 45, 46, 47, 48, 49, 50, 51, 52, 53, 54, 55, 56, 57, 58, 59, 60, 61, 62, 63, 64, 1 ],
\[ 2, 1, 3, 4, 5, 6, 7, 8, 9, 10, 11, 12, 13, 14, 15, 16, 17, 18, 19, 20, 21, 22, 23, 24, 25, 26, 27, 28, 29, 30, 31, 32, 33, 34, 35, 36, 37, 38, 39, 40, 41, 42, 43, 44, 45, 46, 47, 48, 49, 50, 51, 52, 53, 54, 55, 56, 57, 58, 59, 60, 61, 62, 63, 64 ]:
 Order := 126886932185884164103433389335161480802865516174545192198801894375214704230400000000000000 > |
[ 2, 9, 8, 19, 11, 1, 31, 34, 24, 13, 29, 45, 47, 18, 46, 26, 3, 42, 12, 15, 53, 4, 14, 5, 54, 52, 30, 33, 6, 10, 38, 40, 7, 39, 37, 48, 60, 61, 16, 35, 44, 56, 22, 27, 21, 36, 59, 49, 64, 51, 58, 17, 43, 28, 20, 50, 32, 23, 41, 63, 25, 57, 62, 55 ],
[ 3, 10, 14, 6, 16, 27, 1, 35, 34, 18, 41, 2, 48, 7, 17, 50, 32, 12, 40, 22, 24, 57, 4, 47, 5, 62, 23, 29, 52, 46, 36, 33, 15, 42, 31, 8, 13, 9, 60, 30, 51, 38, 11, 20, 37, 19, 56, 45, 39, 25, 43, 58, 63, 55, 26, 21, 44, 28, 64, 61, 49, 54, 59, 53 ],
[ 4, 7, 15, 20, 21, 28, 32, 1, 12, 40, 25, 46, 2, 27, 44, 49, 29, 3, 23, 54, 48, 51, 52, 38, 60, 5, 57, 62, 43, 6, 14, 22, 58, 36, 19, 30, 8, 35, 9, 17, 63, 10, 64, 11, 18, 33, 37, 31, 13, 47, 16, 55, 56, 50, 59, 34, 26, 41, 24, 45, 42, 53, 39, 61 ]
];
edge1`UpstairsFilename := "64S7-8,4,8-g17-3904685695.m";
edge1`DownstairsTriple := [ PermutationGroup<32 |  
\[ 2, 3, 4, 5, 6, 7, 8, 9, 10, 11, 12, 13, 14, 15, 16, 17, 18, 19, 20, 21, 22, 23, 24, 25, 26, 27, 28, 29, 30, 31, 32, 1 ],
\[ 2, 1, 3, 4, 5, 6, 7, 8, 9, 10, 11, 12, 13, 14, 15, 16, 17, 18, 19, 20, 21, 22, 23, 24, 25, 26, 27, 28, 29, 30, 31, 32 ]:
 Order := 263130836933693530167218012160000000 > |
[ 11, 30, 8, 23, 2, 5, 14, 22, 18, 13, 9, 21, 4, 26, 31, 7, 12, 1, 15, 17, 20, 25, 10, 32, 3, 16, 29, 19, 24, 6, 28, 27 ],
[ 3, 10, 5, 18, 7, 4, 1, 27, 22, 11, 12, 2, 29, 28, 25, 15, 31, 20, 13, 6, 19, 30, 32, 16, 24, 9, 14, 8, 21, 26, 23, 17 ],
[ 4, 3, 15, 19, 20, 22, 24, 1, 10, 31, 7, 32, 2, 5, 21, 30, 18, 26, 14, 29, 11, 28, 6, 13, 9, 27, 23, 17, 8, 12, 16, 25 ]
];
edge1`DownstairsFilename := "32S10-4,4,8-g7-1952972867.m";
Append(~s`Edges, edge1);
edge2 := TwoEdgeInitialize();
edge2`Blocks := {@ PowerSet(IntegerRing()) |
{ IntegerRing() | 1, 5 },
{ IntegerRing() | 2, 11 },
{ IntegerRing() | 3, 7 },
{ IntegerRing() | 4, 20 },
{ IntegerRing() | 6, 18 },
{ IntegerRing() | 8, 14 },
{ IntegerRing() | 9, 33 },
{ IntegerRing() | 10, 12 },
{ IntegerRing() | 13, 35 },
{ IntegerRing() | 15, 25 },
{ IntegerRing() | 16, 26 },
{ IntegerRing() | 17, 24 },
{ IntegerRing() | 19, 41 },
{ IntegerRing() | 21, 44 },
{ IntegerRing() | 22, 43 },
{ IntegerRing() | 23, 42 },
{ IntegerRing() | 27, 32 },
{ IntegerRing() | 28, 29 },
{ IntegerRing() | 30, 39 },
{ IntegerRing() | 31, 51 },
{ IntegerRing() | 34, 56 },
{ IntegerRing() | 36, 37 },
{ IntegerRing() | 38, 54 },
{ IntegerRing() | 40, 52 },
{ IntegerRing() | 45, 61 },
{ IntegerRing() | 46, 49 },
{ IntegerRing() | 47, 50 },
{ IntegerRing() | 48, 62 },
{ IntegerRing() | 53, 59 },
{ IntegerRing() | 55, 64 },
{ IntegerRing() | 57, 63 },
{ IntegerRing() | 58, 60 }
@};
edge2`UpstairsTriple := [ PermutationGroup<64 |  
\[ 2, 3, 4, 5, 6, 7, 8, 9, 10, 11, 12, 13, 14, 15, 16, 17, 18, 19, 20, 21, 22, 23, 24, 25, 26, 27, 28, 29, 30, 31, 32, 33, 34, 35, 36, 37, 38, 39, 40, 41, 42, 43, 44, 45, 46, 47, 48, 49, 50, 51, 52, 53, 54, 55, 56, 57, 58, 59, 60, 61, 62, 63, 64, 1 ],
\[ 2, 1, 3, 4, 5, 6, 7, 8, 9, 10, 11, 12, 13, 14, 15, 16, 17, 18, 19, 20, 21, 22, 23, 24, 25, 26, 27, 28, 29, 30, 31, 32, 33, 34, 35, 36, 37, 38, 39, 40, 41, 42, 43, 44, 45, 46, 47, 48, 49, 50, 51, 52, 53, 54, 55, 56, 57, 58, 59, 60, 61, 62, 63, 64 ]:
 Order := 126886932185884164103433389335161480802865516174545192198801894375214704230400000000000000 > |
[ 11, 33, 8, 24, 2, 5, 14, 32, 51, 13, 9, 35, 54, 27, 36, 7, 12, 1, 15, 17, 20, 26, 18, 10, 37, 3, 56, 30, 39, 40, 59, 34, 31, 63, 38, 29, 28, 64, 52, 58, 25, 6, 16, 4, 43, 41, 23, 44, 19, 42, 53, 60, 47, 55, 48, 57, 45, 46, 50, 49, 22, 21, 61, 62 ],
[ 3, 10, 5, 18, 7, 4, 1, 28, 32, 11, 12, 2, 30, 29, 26, 15, 36, 20, 44, 6, 19, 42, 22, 37, 16, 25, 9, 14, 8, 35, 54, 33, 27, 40, 39, 24, 17, 31, 13, 56, 21, 43, 23, 41, 49, 45, 62, 47, 61, 48, 38, 34, 63, 51, 58, 52, 53, 64, 57, 55, 46, 50, 59, 60 ],
[ 4, 3, 15, 19, 20, 22, 25, 1, 10, 36, 7, 37, 2, 5, 21, 42, 18, 43, 45, 41, 47, 49, 48, 6, 44, 23, 28, 24, 17, 8, 32, 29, 12, 9, 11, 16, 26, 30, 14, 13, 61, 62, 46, 50, 59, 55, 57, 60, 64, 63, 27, 35, 54, 39, 31, 33, 40, 34, 38, 56, 53, 58, 52, 51 ]
];
edge2`UpstairsFilename := "64S7-8,4,8-g17-1741135394.m";
edge2`DownstairsTriple := [ PermutationGroup<32 |  
\[ 2, 3, 4, 5, 6, 7, 8, 9, 10, 11, 12, 13, 14, 15, 16, 17, 18, 19, 20, 21, 22, 23, 24, 25, 26, 27, 28, 29, 30, 31, 32, 1 ],
\[ 2, 1, 3, 4, 5, 6, 7, 8, 9, 10, 11, 12, 13, 14, 15, 16, 17, 18, 19, 20, 21, 22, 23, 24, 25, 26, 27, 28, 29, 30, 31, 32 ]:
 Order := 263130836933693530167218012160000000 > |
[ 2, 8, 7, 15, 10, 1, 23, 19, 11, 22, 17, 27, 20, 3, 9, 12, 30, 4, 5, 21, 14, 6, 26, 25, 29, 13, 24, 18, 32, 28, 16, 31 ],
[ 3, 9, 1, 6, 13, 4, 24, 23, 2, 28, 25, 14, 5, 12, 27, 18, 19, 16, 17, 31, 22, 21, 8, 7, 11, 29, 15, 10, 26, 32, 20, 30 ],
[ 4, 3, 12, 16, 17, 21, 1, 9, 27, 13, 2, 18, 29, 22, 6, 20, 25, 10, 23, 5, 31, 28, 24, 15, 7, 8, 14, 32, 11, 19, 30, 26 ]
];
edge2`DownstairsFilename := "32S5-8,2,8-g5-2840669646.m";
Append(~s`Edges, edge2);
edge3 := TwoEdgeInitialize();
edge3`Blocks := {@ PowerSet(IntegerRing()) |
{ IntegerRing() | 1, 5 },
{ IntegerRing() | 2, 12 },
{ IntegerRing() | 3, 18 },
{ IntegerRing() | 4, 24 },
{ IntegerRing() | 6, 22 },
{ IntegerRing() | 7, 11 },
{ IntegerRing() | 8, 15 },
{ IntegerRing() | 9, 39 },
{ IntegerRing() | 10, 43 },
{ IntegerRing() | 13, 38 },
{ IntegerRing() | 14, 25 },
{ IntegerRing() | 16, 48 },
{ IntegerRing() | 17, 59 },
{ IntegerRing() | 19, 57 },
{ IntegerRing() | 20, 41 },
{ IntegerRing() | 21, 51 },
{ IntegerRing() | 23, 37 },
{ IntegerRing() | 26, 56 },
{ IntegerRing() | 27, 55 },
{ IntegerRing() | 28, 34 },
{ IntegerRing() | 29, 60 },
{ IntegerRing() | 30, 44 },
{ IntegerRing() | 31, 45 },
{ IntegerRing() | 32, 46 },
{ IntegerRing() | 33, 47 },
{ IntegerRing() | 35, 53 },
{ IntegerRing() | 36, 54 },
{ IntegerRing() | 40, 61 },
{ IntegerRing() | 42, 64 },
{ IntegerRing() | 49, 58 },
{ IntegerRing() | 50, 63 },
{ IntegerRing() | 52, 62 }
@};
edge3`UpstairsTriple := [ PermutationGroup<64 |  
\[ 2, 3, 4, 5, 6, 7, 8, 9, 10, 11, 12, 13, 14, 15, 16, 17, 18, 19, 20, 21, 22, 23, 24, 25, 26, 27, 28, 29, 30, 31, 32, 33, 34, 35, 36, 37, 38, 39, 40, 41, 42, 43, 44, 45, 46, 47, 48, 49, 50, 51, 52, 53, 54, 55, 56, 57, 58, 59, 60, 61, 62, 63, 64, 1 ],
\[ 2, 1, 3, 4, 5, 6, 7, 8, 9, 10, 11, 12, 13, 14, 15, 16, 17, 18, 19, 20, 21, 22, 23, 24, 25, 26, 27, 28, 29, 30, 31, 32, 33, 34, 35, 36, 37, 38, 39, 40, 41, 42, 43, 44, 45, 46, 47, 48, 49, 50, 51, 52, 53, 54, 55, 56, 57, 58, 59, 60, 61, 62, 63, 64 ]:
 Order := 126886932185884164103433389335161480802865516174545192198801894375214704230400000000000000 > |
[ 12, 39, 8, 51, 2, 5, 45, 28, 56, 14, 31, 9, 58, 4, 34, 20, 63, 15, 18, 60, 13, 1, 17, 21, 24, 16, 30, 33, 22, 10, 61, 64, 11, 47, 37, 62, 59, 49, 26, 19, 29, 53, 25, 43, 40, 42, 7, 41, 27, 54, 38, 32, 23, 52, 44, 48, 3, 55, 50, 6, 57, 46, 36, 35 ],
[ 3, 10, 16, 22, 18, 27, 1, 35, 28, 41, 5, 43, 2, 52, 53, 7, 57, 48, 46, 38, 42, 55, 14, 6, 62, 4, 56, 60, 61, 50, 54, 47, 59, 29, 45, 8, 25, 12, 34, 9, 13, 30, 20, 63, 36, 33, 17, 11, 37, 21, 64, 58, 31, 15, 26, 24, 32, 23, 19, 40, 39, 49, 51, 44 ],
[ 4, 11, 17, 23, 24, 28, 32, 1, 38, 42, 46, 7, 50, 2, 5, 55, 58, 59, 60, 3, 56, 34, 15, 37, 12, 61, 62, 36, 10, 6, 48, 14, 9, 54, 51, 44, 8, 63, 13, 35, 18, 19, 64, 22, 16, 25, 39, 27, 20, 33, 26, 31, 21, 30, 52, 40, 29, 41, 49, 43, 53, 45, 47, 57 ]
];
edge3`UpstairsFilename := "64S7-8,4,8-g17-3245929282.m";
edge3`DownstairsTriple := [ PermutationGroup<32 |  
\[ 2, 3, 4, 5, 6, 7, 8, 9, 10, 11, 12, 13, 14, 15, 16, 17, 18, 19, 20, 21, 22, 23, 24, 25, 26, 27, 28, 29, 30, 31, 32, 1 ],
\[ 2, 1, 3, 4, 5, 6, 7, 8, 9, 10, 11, 12, 13, 14, 15, 16, 17, 18, 19, 20, 21, 22, 23, 24, 25, 26, 27, 28, 29, 30, 31, 32 ]:
 Order := 263130836933693530167218012160000000 > |
[ 11, 22, 8, 23, 2, 5, 14, 28, 6, 13, 9, 29, 20, 21, 30, 7, 12, 1, 15, 17, 25, 18, 10, 31, 3, 19, 32, 16, 4, 27, 26, 24 ],
[ 3, 10, 5, 18, 7, 4, 1, 26, 28, 11, 12, 2, 19, 27, 25, 15, 30, 20, 29, 6, 9, 21, 31, 16, 24, 14, 8, 22, 32, 23, 17, 13 ],
[ 4, 3, 15, 19, 20, 21, 24, 1, 10, 30, 7, 31, 2, 5, 13, 9, 18, 28, 8, 32, 26, 12, 6, 29, 22, 23, 17, 27, 11, 16, 25, 14 ]
];
edge3`DownstairsFilename := "32S11-8,4,4-g7-1129720359.m";
Append(~s`Edges, edge3);

/*
Return for eval
*/

return s;
