s := TwoDBInitialize();

/*
Magma printing
*/

s`Name := "64S7-4,8,8-g17-2648117567";
s`Filename := "64S7-4,8,8-g17-2648117567.m";
s`Degree := 64;
s`Orders := \[ 4, 8, 8 ];
s`Geometry := "Hyperbolic";
s`Genus := 17;
s`Level := 6;
s`PermutationTriple := [ PermutationGroup<64 |  
\[ 2, 3, 4, 5, 6, 7, 8, 9, 10, 11, 12, 13, 14, 15, 16, 17, 18, 19, 20, 21, 22, 23, 24, 25, 26, 27, 28, 29, 30, 31, 32, 33, 34, 35, 36, 37, 38, 39, 40, 41, 42, 43, 44, 45, 46, 47, 48, 49, 50, 51, 52, 53, 54, 55, 56, 57, 58, 59, 60, 61, 62, 63, 64, 1 ],
\[ 2, 1, 3, 4, 5, 6, 7, 8, 9, 10, 11, 12, 13, 14, 15, 16, 17, 18, 19, 20, 21, 22, 23, 24, 25, 26, 27, 28, 29, 30, 31, 32, 33, 34, 35, 36, 37, 38, 39, 40, 41, 42, 43, 44, 45, 46, 47, 48, 49, 50, 51, 52, 53, 54, 55, 56, 57, 58, 59, 60, 61, 62, 63, 64 ]:
 Order := 126886932185884164103433389335161480802865516174545192198801894375214704230400000000000000 > |
[ 2, 9, 8, 19, 11, 1, 30, 34, 6, 13, 38, 22, 27, 18, 49, 26, 3, 33, 12, 31, 57, 4, 41, 5, 52, 59, 29, 32, 10, 28, 44, 7, 48, 17, 37, 51, 47, 24, 50, 43, 45, 56, 55, 58, 60, 64, 54, 14, 36, 46, 15, 61, 16, 35, 62, 21, 42, 20, 53, 23, 63, 40, 25, 39 ],
[ 3, 10, 14, 6, 16, 27, 1, 35, 34, 23, 40, 2, 37, 28, 17, 41, 47, 42, 49, 22, 24, 51, 4, 55, 5, 58, 45, 9, 54, 50, 32, 64, 7, 33, 52, 8, 56, 59, 29, 48, 61, 11, 20, 19, 12, 13, 63, 21, 43, 53, 62, 15, 31, 57, 18, 39, 46, 30, 60, 25, 38, 44, 36, 26 ],
[ 4, 7, 15, 20, 21, 28, 31, 1, 12, 39, 25, 44, 2, 40, 22, 50, 9, 3, 23, 26, 37, 45, 59, 61, 47, 5, 46, 58, 6, 33, 43, 14, 55, 36, 29, 19, 8, 42, 32, 51, 10, 54, 11, 53, 16, 30, 13, 34, 52, 56, 63, 60, 38, 17, 49, 18, 48, 62, 64, 27, 35, 24, 41, 57 ]
];
s`MonodromyGroup := PermutationGroup<64 |  
\[ 2, 9, 8, 19, 11, 1, 30, 34, 6, 13, 38, 22, 27, 18, 49, 26, 3, 33, 12, 31, 57, 4, 41, 5, 52, 59, 29, 32, 10, 28, 44, 7, 48, 17, 37, 51, 47, 24, 50, 43, 45, 56, 55, 58, 60, 64, 54, 14, 36, 46, 15, 61, 16, 35, 62, 21, 42, 20, 53, 23, 63, 40, 25, 39 ],
\[ 3, 10, 14, 6, 16, 27, 1, 35, 34, 23, 40, 2, 37, 28, 17, 41, 47, 42, 49, 22, 24, 51, 4, 55, 5, 58, 45, 9, 54, 50, 32, 64, 7, 33, 52, 8, 56, 59, 29, 48, 61, 11, 20, 19, 12, 13, 63, 21, 43, 53, 62, 15, 31, 57, 18, 39, 46, 30, 60, 25, 38, 44, 36, 26 ],
\[ 4, 7, 15, 20, 21, 28, 31, 1, 12, 39, 25, 44, 2, 40, 22, 50, 9, 3, 23, 26, 37, 45, 59, 61, 47, 5, 46, 58, 6, 33, 43, 14, 55, 36, 29, 19, 8, 42, 32, 51, 10, 54, 11, 53, 16, 30, 13, 34, 52, 56, 63, 60, 38, 17, 49, 18, 48, 62, 64, 27, 35, 24, 41, 57 ] >;

/*
Edge printing
*/

s`Edges := [];
edge1 := TwoEdgeInitialize();
edge1`Blocks := {@ PowerSet(IntegerRing()) |
{ IntegerRing() | 1, 5 },
{ IntegerRing() | 2, 11 },
{ IntegerRing() | 3, 16 },
{ IntegerRing() | 4, 21 },
{ IntegerRing() | 6, 24 },
{ IntegerRing() | 7, 25 },
{ IntegerRing() | 8, 26 },
{ IntegerRing() | 9, 38 },
{ IntegerRing() | 10, 40 },
{ IntegerRing() | 12, 42 },
{ IntegerRing() | 13, 43 },
{ IntegerRing() | 14, 41 },
{ IntegerRing() | 15, 50 },
{ IntegerRing() | 17, 53 },
{ IntegerRing() | 18, 45 },
{ IntegerRing() | 19, 57 },
{ IntegerRing() | 20, 37 },
{ IntegerRing() | 22, 56 },
{ IntegerRing() | 23, 48 },
{ IntegerRing() | 27, 55 },
{ IntegerRing() | 28, 61 },
{ IntegerRing() | 29, 62 },
{ IntegerRing() | 30, 52 },
{ IntegerRing() | 31, 47 },
{ IntegerRing() | 32, 63 },
{ IntegerRing() | 33, 60 },
{ IntegerRing() | 34, 59 },
{ IntegerRing() | 35, 58 },
{ IntegerRing() | 36, 64 },
{ IntegerRing() | 39, 51 },
{ IntegerRing() | 44, 54 },
{ IntegerRing() | 46, 49 }
@};
edge1`UpstairsTriple := [ PermutationGroup<64 |  
\[ 2, 3, 4, 5, 6, 7, 8, 9, 10, 11, 12, 13, 14, 15, 16, 17, 18, 19, 20, 21, 22, 23, 24, 25, 26, 27, 28, 29, 30, 31, 32, 33, 34, 35, 36, 37, 38, 39, 40, 41, 42, 43, 44, 45, 46, 47, 48, 49, 50, 51, 52, 53, 54, 55, 56, 57, 58, 59, 60, 61, 62, 63, 64, 1 ],
\[ 2, 1, 3, 4, 5, 6, 7, 8, 9, 10, 11, 12, 13, 14, 15, 16, 17, 18, 19, 20, 21, 22, 23, 24, 25, 26, 27, 28, 29, 30, 31, 32, 33, 34, 35, 36, 37, 38, 39, 40, 41, 42, 43, 44, 45, 46, 47, 48, 49, 50, 51, 52, 53, 54, 55, 56, 57, 58, 59, 60, 61, 62, 63, 64 ]:
 Order := 126886932185884164103433389335161480802865516174545192198801894375214704230400000000000000 > |
[ 2, 9, 8, 19, 11, 1, 30, 34, 6, 13, 38, 22, 27, 18, 49, 26, 3, 33, 12, 31, 57, 4, 41, 5, 52, 59, 29, 32, 10, 28, 44, 7, 48, 17, 37, 51, 47, 24, 50, 43, 45, 56, 55, 58, 60, 64, 54, 14, 36, 46, 15, 61, 16, 35, 62, 21, 42, 20, 53, 23, 63, 40, 25, 39 ],
[ 3, 10, 14, 6, 16, 27, 1, 35, 34, 23, 40, 2, 37, 28, 17, 41, 47, 42, 49, 22, 24, 51, 4, 55, 5, 58, 45, 9, 54, 50, 32, 64, 7, 33, 52, 8, 56, 59, 29, 48, 61, 11, 20, 19, 12, 13, 63, 21, 43, 53, 62, 15, 31, 57, 18, 39, 46, 30, 60, 25, 38, 44, 36, 26 ],
[ 4, 7, 15, 20, 21, 28, 31, 1, 12, 39, 25, 44, 2, 40, 22, 50, 9, 3, 23, 26, 37, 45, 59, 61, 47, 5, 46, 58, 6, 33, 43, 14, 55, 36, 29, 19, 8, 42, 32, 51, 10, 54, 11, 53, 16, 30, 13, 34, 52, 56, 63, 60, 38, 17, 49, 18, 48, 62, 64, 27, 35, 24, 41, 57 ]
];
edge1`UpstairsFilename := "64S7-4,8,8-g17-2648117567.m";
edge1`DownstairsTriple := [ PermutationGroup<32 |  
\[ 2, 3, 4, 5, 6, 7, 8, 9, 10, 11, 12, 13, 14, 15, 16, 17, 18, 19, 20, 21, 22, 23, 24, 25, 26, 27, 28, 29, 30, 31, 32, 1 ],
\[ 2, 1, 3, 4, 5, 6, 7, 8, 9, 10, 11, 12, 13, 14, 15, 16, 17, 18, 19, 20, 21, 22, 23, 24, 25, 26, 27, 28, 29, 30, 31, 32 ]:
 Order := 263130836933693530167218012160000000 > |
[ 6, 1, 8, 20, 2, 5, 26, 15, 11, 24, 22, 3, 16, 30, 12, 27, 4, 25, 17, 19, 13, 23, 9, 7, 31, 10, 21, 18, 32, 29, 28, 14 ],
[ 3, 9, 13, 2, 15, 22, 1, 28, 16, 5, 31, 25, 10, 12, 27, 19, 32, 17, 6, 30, 4, 21, 18, 29, 24, 14, 7, 26, 8, 23, 20, 11 ],
[ 4, 10, 14, 18, 19, 7, 25, 1, 30, 28, 2, 5, 22, 17, 29, 3, 16, 8, 31, 21, 15, 32, 6, 13, 23, 27, 9, 11, 20, 26, 12, 24 ]
];
edge1`DownstairsFilename := "32S10-4,8,4-g7-1560466583.m";
Append(~s`Edges, edge1);
edge2 := TwoEdgeInitialize();
edge2`Blocks := {@ PowerSet(IntegerRing()) |
{ IntegerRing() | 1, 5 },
{ IntegerRing() | 2, 12 },
{ IntegerRing() | 3, 18 },
{ IntegerRing() | 4, 24 },
{ IntegerRing() | 6, 22 },
{ IntegerRing() | 7, 11 },
{ IntegerRing() | 8, 15 },
{ IntegerRing() | 9, 40 },
{ IntegerRing() | 10, 45 },
{ IntegerRing() | 13, 39 },
{ IntegerRing() | 14, 43 },
{ IntegerRing() | 16, 58 },
{ IntegerRing() | 17, 61 },
{ IntegerRing() | 19, 42 },
{ IntegerRing() | 20, 26 },
{ IntegerRing() | 21, 51 },
{ IntegerRing() | 23, 63 },
{ IntegerRing() | 25, 50 },
{ IntegerRing() | 27, 53 },
{ IntegerRing() | 28, 41 },
{ IntegerRing() | 29, 46 },
{ IntegerRing() | 30, 47 },
{ IntegerRing() | 31, 35 },
{ IntegerRing() | 32, 48 },
{ IntegerRing() | 33, 49 },
{ IntegerRing() | 34, 38 },
{ IntegerRing() | 36, 57 },
{ IntegerRing() | 37, 54 },
{ IntegerRing() | 44, 60 },
{ IntegerRing() | 52, 59 },
{ IntegerRing() | 55, 62 },
{ IntegerRing() | 56, 64 }
@};
edge2`UpstairsTriple := [ PermutationGroup<64 |  
\[ 2, 3, 4, 5, 6, 7, 8, 9, 10, 11, 12, 13, 14, 15, 16, 17, 18, 19, 20, 21, 22, 23, 24, 25, 26, 27, 28, 29, 30, 31, 32, 33, 34, 35, 36, 37, 38, 39, 40, 41, 42, 43, 44, 45, 46, 47, 48, 49, 50, 51, 52, 53, 54, 55, 56, 57, 58, 59, 60, 61, 62, 63, 64, 1 ],
\[ 2, 1, 3, 4, 5, 6, 7, 8, 9, 10, 11, 12, 13, 14, 15, 16, 17, 18, 19, 20, 21, 22, 23, 24, 25, 26, 27, 28, 29, 30, 31, 32, 33, 34, 35, 36, 37, 38, 39, 40, 41, 42, 43, 44, 45, 46, 47, 48, 49, 50, 51, 52, 53, 54, 55, 56, 57, 58, 59, 60, 61, 62, 63, 64 ]:
 Order := 126886932185884164103433389335161480802865516174545192198801894375214704230400000000000000 > |
[ 12, 40, 8, 51, 2, 5, 47, 38, 22, 14, 30, 9, 25, 27, 34, 20, 44, 15, 18, 33, 13, 1, 31, 21, 24, 49, 29, 32, 10, 28, 54, 11, 52, 19, 37, 55, 64, 42, 50, 6, 48, 3, 53, 36, 43, 45, 41, 7, 59, 4, 39, 16, 46, 56, 17, 23, 62, 26, 58, 57, 60, 61, 35, 63 ],
[ 3, 10, 16, 22, 18, 27, 1, 35, 38, 20, 5, 45, 2, 54, 31, 41, 42, 58, 56, 24, 60, 53, 50, 6, 62, 4, 52, 40, 23, 36, 48, 17, 7, 49, 32, 8, 21, 33, 12, 34, 9, 64, 37, 29, 26, 63, 57, 61, 11, 55, 44, 13, 59, 51, 14, 47, 15, 28, 39, 46, 19, 43, 25, 30 ],
[ 4, 11, 17, 23, 24, 28, 31, 1, 39, 44, 35, 7, 37, 2, 5, 27, 50, 61, 40, 3, 20, 41, 19, 63, 52, 18, 55, 64, 6, 49, 29, 58, 10, 57, 46, 51, 8, 36, 54, 13, 56, 9, 12, 32, 60, 22, 33, 16, 45, 59, 26, 38, 62, 15, 30, 14, 21, 53, 34, 48, 25, 47, 42, 43 ]
];
edge2`UpstairsFilename := "64S7-4,8,8-g17-789407624.m";
edge2`DownstairsTriple := [ PermutationGroup<32 |  
\[ 2, 3, 4, 5, 6, 7, 8, 9, 10, 11, 12, 13, 14, 15, 16, 17, 18, 19, 20, 21, 22, 23, 24, 25, 26, 27, 28, 29, 30, 31, 32, 1 ],
\[ 2, 1, 3, 4, 5, 6, 7, 8, 9, 10, 11, 12, 13, 14, 15, 16, 17, 18, 19, 20, 21, 22, 23, 24, 25, 26, 27, 28, 29, 30, 31, 32 ]:
 Order := 263130836933693530167218012160000000 > |
[ 6, 1, 8, 20, 2, 5, 25, 15, 11, 23, 21, 3, 16, 32, 12, 26, 4, 24, 17, 19, 22, 9, 7, 28, 10, 29, 30, 31, 13, 14, 18, 27 ],
[ 3, 9, 13, 2, 15, 21, 1, 24, 29, 5, 18, 31, 10, 12, 26, 4, 30, 17, 6, 32, 16, 28, 14, 23, 27, 7, 8, 20, 19, 22, 25, 11 ],
[ 4, 10, 14, 18, 19, 7, 24, 1, 30, 31, 2, 5, 9, 17, 27, 3, 29, 12, 28, 16, 32, 6, 13, 11, 26, 21, 20, 8, 15, 25, 22, 23 ]
];
edge2`DownstairsFilename := "32S5-4,8,8-g9-652585717.m";
Append(~s`Edges, edge2);
edge3 := TwoEdgeInitialize();
edge3`Blocks := {@ PowerSet(IntegerRing()) |
{ IntegerRing() | 1, 5 },
{ IntegerRing() | 2, 6 },
{ IntegerRing() | 3, 15 },
{ IntegerRing() | 4, 19 },
{ IntegerRing() | 7, 10 },
{ IntegerRing() | 8, 12 },
{ IntegerRing() | 9, 22 },
{ IntegerRing() | 11, 23 },
{ IntegerRing() | 13, 27 },
{ IntegerRing() | 14, 29 },
{ IntegerRing() | 16, 38 },
{ IntegerRing() | 17, 20 },
{ IntegerRing() | 18, 47 },
{ IntegerRing() | 21, 31 },
{ IntegerRing() | 24, 26 },
{ IntegerRing() | 25, 34 },
{ IntegerRing() | 28, 37 },
{ IntegerRing() | 30, 35 },
{ IntegerRing() | 32, 36 },
{ IntegerRing() | 33, 50 },
{ IntegerRing() | 39, 44 },
{ IntegerRing() | 40, 41 },
{ IntegerRing() | 42, 55 },
{ IntegerRing() | 43, 56 },
{ IntegerRing() | 45, 58 },
{ IntegerRing() | 46, 52 },
{ IntegerRing() | 48, 60 },
{ IntegerRing() | 49, 57 },
{ IntegerRing() | 51, 53 },
{ IntegerRing() | 54, 59 },
{ IntegerRing() | 61, 63 },
{ IntegerRing() | 62, 64 }
@};
edge3`UpstairsTriple := [ PermutationGroup<64 |  
\[ 2, 3, 4, 5, 6, 7, 8, 9, 10, 11, 12, 13, 14, 15, 16, 17, 18, 19, 20, 21, 22, 23, 24, 25, 26, 27, 28, 29, 30, 31, 32, 33, 34, 35, 36, 37, 38, 39, 40, 41, 42, 43, 44, 45, 46, 47, 48, 49, 50, 51, 52, 53, 54, 55, 56, 57, 58, 59, 60, 61, 62, 63, 64, 1 ],
\[ 2, 1, 3, 4, 5, 6, 7, 8, 9, 10, 11, 12, 13, 14, 15, 16, 17, 18, 19, 20, 21, 22, 23, 24, 25, 26, 27, 28, 29, 30, 31, 32, 33, 34, 35, 36, 37, 38, 39, 40, 41, 42, 43, 44, 45, 46, 47, 48, 49, 50, 51, 52, 53, 54, 55, 56, 57, 58, 59, 60, 61, 62, 63, 64 ]:
 Order := 126886932185884164103433389335161480802865516174545192198801894375214704230400000000000000 > |
[ 6, 1, 8, 20, 2, 5, 26, 15, 11, 24, 22, 3, 16, 41, 12, 27, 4, 25, 17, 19, 50, 23, 9, 7, 47, 10, 38, 30, 40, 37, 33, 51, 21, 18, 28, 53, 35, 13, 48, 14, 29, 54, 45, 60, 56, 49, 34, 44, 52, 31, 36, 57, 32, 55, 59, 58, 46, 43, 42, 39, 62, 63, 64, 61 ],
[ 3, 9, 13, 2, 15, 22, 1, 28, 31, 5, 35, 37, 10, 12, 27, 43, 40, 17, 6, 41, 4, 21, 30, 51, 24, 53, 7, 42, 8, 45, 19, 23, 59, 26, 58, 11, 55, 56, 38, 60, 48, 14, 61, 16, 36, 34, 20, 18, 33, 54, 46, 25, 52, 62, 29, 63, 50, 32, 64, 47, 39, 49, 44, 57 ],
[ 4, 10, 14, 18, 19, 7, 25, 1, 32, 34, 2, 5, 39, 17, 29, 3, 31, 46, 47, 21, 49, 36, 6, 13, 48, 27, 44, 11, 20, 8, 57, 26, 9, 60, 12, 24, 23, 15, 40, 55, 42, 33, 35, 41, 16, 64, 52, 61, 51, 22, 58, 62, 45, 28, 50, 30, 53, 38, 37, 63, 59, 43, 54, 56 ]
];
edge3`UpstairsFilename := "64S7-4,8,8-g17-3678203925.m";
edge3`DownstairsTriple := [ PermutationGroup<32 |  
\[ 2, 3, 4, 5, 6, 7, 8, 9, 10, 11, 12, 13, 14, 15, 16, 17, 18, 19, 20, 21, 22, 23, 24, 25, 26, 27, 28, 29, 30, 31, 32, 1 ],
\[ 2, 1, 3, 4, 5, 6, 7, 8, 9, 10, 11, 12, 13, 14, 15, 16, 17, 18, 19, 20, 21, 22, 23, 24, 25, 26, 27, 28, 29, 30, 31, 32 ]:
 Order := 263130836933693530167218012160000000 > |
[ 2, 1, 7, 15, 9, 21, 3, 10, 5, 8, 14, 29, 20, 11, 4, 22, 32, 27, 31, 13, 6, 16, 24, 23, 30, 28, 18, 26, 12, 25, 19, 17 ],
[ 3, 8, 11, 2, 13, 1, 23, 18, 26, 24, 6, 7, 27, 17, 29, 15, 9, 4, 5, 22, 30, 21, 31, 32, 10, 14, 19, 16, 28, 20, 12, 25 ],
[ 4, 6, 12, 16, 17, 22, 1, 25, 19, 2, 26, 15, 30, 3, 18, 20, 24, 13, 23, 5, 11, 28, 10, 7, 21, 29, 8, 9, 31, 32, 27, 14 ]
];
edge3`DownstairsFilename := "32S11-2,4,8-g3-910262433.m";
Append(~s`Edges, edge3);

/*
Return for eval
*/

return s;
