s := TwoDBInitialize();

/*
Magma printing
*/

s`Name := "64S7-8,8,4-g17-964508325";
s`Filename := "64S7-8,8,4-g17-964508325.m";
s`Degree := 64;
s`Orders := \[ 8, 8, 4 ];
s`Geometry := "Hyperbolic";
s`Genus := 17;
s`Level := 6;
s`PermutationTriple := [ PermutationGroup<64 |  
\[ 2, 3, 4, 5, 6, 7, 8, 9, 10, 11, 12, 13, 14, 15, 16, 17, 18, 19, 20, 21, 22, 23, 24, 25, 26, 27, 28, 29, 30, 31, 32, 33, 34, 35, 36, 37, 38, 39, 40, 41, 42, 43, 44, 45, 46, 47, 48, 49, 50, 51, 52, 53, 54, 55, 56, 57, 58, 59, 60, 61, 62, 63, 64, 1 ],
\[ 2, 1, 3, 4, 5, 6, 7, 8, 9, 10, 11, 12, 13, 14, 15, 16, 17, 18, 19, 20, 21, 22, 23, 24, 25, 26, 27, 28, 29, 30, 31, 32, 33, 34, 35, 36, 37, 38, 39, 40, 41, 42, 43, 44, 45, 46, 47, 48, 49, 50, 51, 52, 53, 54, 55, 56, 57, 58, 59, 60, 61, 62, 63, 64 ]:
 Order := 126886932185884164103433389335161480802865516174545192198801894375214704230400000000000000 > |
[ 12, 29, 8, 50, 2, 5, 45, 38, 6, 14, 31, 9, 58, 63, 35, 20, 44, 15, 18, 41, 13, 1, 32, 21, 24, 52, 30, 33, 22, 10, 64, 60, 11, 17, 57, 23, 48, 19, 25, 27, 26, 40, 42, 37, 28, 49, 7, 59, 36, 39, 46, 55, 51, 34, 61, 54, 3, 4, 56, 53, 62, 16, 43, 47 ],
[ 3, 10, 16, 22, 18, 27, 1, 36, 38, 17, 5, 42, 2, 51, 53, 40, 57, 52, 32, 13, 56, 63, 58, 6, 48, 4, 54, 9, 35, 60, 26, 47, 20, 7, 61, 31, 8, 41, 12, 23, 30, 59, 49, 28, 62, 33, 55, 11, 21, 44, 25, 14, 45, 15, 39, 64, 46, 34, 19, 50, 43, 24, 37, 29 ],
[ 4, 11, 17, 23, 24, 28, 32, 1, 39, 41, 46, 7, 49, 2, 5, 45, 58, 59, 9, 3, 62, 64, 8, 51, 55, 38, 16, 53, 13, 6, 48, 40, 44, 27, 54, 43, 50, 37, 60, 12, 33, 61, 22, 10, 34, 14, 56, 63, 57, 26, 15, 31, 30, 21, 18, 42, 29, 20, 25, 19, 47, 35, 52, 36 ]
];
s`MonodromyGroup := PermutationGroup<64 |  
\[ 12, 29, 8, 50, 2, 5, 45, 38, 6, 14, 31, 9, 58, 63, 35, 20, 44, 15, 18, 41, 13, 1, 32, 21, 24, 52, 30, 33, 22, 10, 64, 60, 11, 17, 57, 23, 48, 19, 25, 27, 26, 40, 42, 37, 28, 49, 7, 59, 36, 39, 46, 55, 51, 34, 61, 54, 3, 4, 56, 53, 62, 16, 43, 47 ],
\[ 3, 10, 16, 22, 18, 27, 1, 36, 38, 17, 5, 42, 2, 51, 53, 40, 57, 52, 32, 13, 56, 63, 58, 6, 48, 4, 54, 9, 35, 60, 26, 47, 20, 7, 61, 31, 8, 41, 12, 23, 30, 59, 49, 28, 62, 33, 55, 11, 21, 44, 25, 14, 45, 15, 39, 64, 46, 34, 19, 50, 43, 24, 37, 29 ],
\[ 4, 11, 17, 23, 24, 28, 32, 1, 39, 41, 46, 7, 49, 2, 5, 45, 58, 59, 9, 3, 62, 64, 8, 51, 55, 38, 16, 53, 13, 6, 48, 40, 44, 27, 54, 43, 50, 37, 60, 12, 33, 61, 22, 10, 34, 14, 56, 63, 57, 26, 15, 31, 30, 21, 18, 42, 29, 20, 25, 19, 47, 35, 52, 36 ] >;

/*
Edge printing
*/

s`Edges := [];
edge1 := TwoEdgeInitialize();
edge1`Blocks := {@ PowerSet(IntegerRing()) |
{ IntegerRing() | 1, 5 },
{ IntegerRing() | 2, 12 },
{ IntegerRing() | 3, 18 },
{ IntegerRing() | 4, 24 },
{ IntegerRing() | 6, 22 },
{ IntegerRing() | 7, 11 },
{ IntegerRing() | 8, 15 },
{ IntegerRing() | 9, 29 },
{ IntegerRing() | 10, 42 },
{ IntegerRing() | 13, 39 },
{ IntegerRing() | 14, 40 },
{ IntegerRing() | 16, 52 },
{ IntegerRing() | 17, 59 },
{ IntegerRing() | 19, 57 },
{ IntegerRing() | 20, 55 },
{ IntegerRing() | 21, 50 },
{ IntegerRing() | 23, 51 },
{ IntegerRing() | 25, 58 },
{ IntegerRing() | 26, 62 },
{ IntegerRing() | 27, 63 },
{ IntegerRing() | 28, 64 },
{ IntegerRing() | 30, 43 },
{ IntegerRing() | 31, 45 },
{ IntegerRing() | 32, 46 },
{ IntegerRing() | 33, 47 },
{ IntegerRing() | 34, 48 },
{ IntegerRing() | 35, 38 },
{ IntegerRing() | 36, 53 },
{ IntegerRing() | 37, 54 },
{ IntegerRing() | 41, 61 },
{ IntegerRing() | 44, 56 },
{ IntegerRing() | 49, 60 }
@};
edge1`UpstairsTriple := [ PermutationGroup<64 |  
\[ 2, 3, 4, 5, 6, 7, 8, 9, 10, 11, 12, 13, 14, 15, 16, 17, 18, 19, 20, 21, 22, 23, 24, 25, 26, 27, 28, 29, 30, 31, 32, 33, 34, 35, 36, 37, 38, 39, 40, 41, 42, 43, 44, 45, 46, 47, 48, 49, 50, 51, 52, 53, 54, 55, 56, 57, 58, 59, 60, 61, 62, 63, 64, 1 ],
\[ 2, 1, 3, 4, 5, 6, 7, 8, 9, 10, 11, 12, 13, 14, 15, 16, 17, 18, 19, 20, 21, 22, 23, 24, 25, 26, 27, 28, 29, 30, 31, 32, 33, 34, 35, 36, 37, 38, 39, 40, 41, 42, 43, 44, 45, 46, 47, 48, 49, 50, 51, 52, 53, 54, 55, 56, 57, 58, 59, 60, 61, 62, 63, 64 ]:
 Order := 126886932185884164103433389335161480802865516174545192198801894375214704230400000000000000 > |
[ 12, 29, 8, 50, 2, 5, 45, 38, 6, 14, 31, 9, 58, 63, 35, 20, 44, 15, 18, 41, 13, 1, 32, 21, 24, 52, 30, 33, 22, 10, 64, 60, 11, 17, 57, 23, 48, 19, 25, 27, 26, 40, 42, 37, 28, 49, 7, 59, 36, 39, 46, 55, 51, 34, 61, 54, 3, 4, 56, 53, 62, 16, 43, 47 ],
[ 3, 10, 16, 22, 18, 27, 1, 36, 38, 17, 5, 42, 2, 51, 53, 40, 57, 52, 32, 13, 56, 63, 58, 6, 48, 4, 54, 9, 35, 60, 26, 47, 20, 7, 61, 31, 8, 41, 12, 23, 30, 59, 49, 28, 62, 33, 55, 11, 21, 44, 25, 14, 45, 15, 39, 64, 46, 34, 19, 50, 43, 24, 37, 29 ],
[ 4, 11, 17, 23, 24, 28, 32, 1, 39, 41, 46, 7, 49, 2, 5, 45, 58, 59, 9, 3, 62, 64, 8, 51, 55, 38, 16, 53, 13, 6, 48, 40, 44, 27, 54, 43, 50, 37, 60, 12, 33, 61, 22, 10, 34, 14, 56, 63, 57, 26, 15, 31, 30, 21, 18, 42, 29, 20, 25, 19, 47, 35, 52, 36 ]
];
edge1`UpstairsFilename := "64S7-8,8,4-g17-964508325.m";
edge1`DownstairsTriple := [ PermutationGroup<32 |  
\[ 2, 3, 4, 5, 6, 7, 8, 9, 10, 11, 12, 13, 14, 15, 16, 17, 18, 19, 20, 21, 22, 23, 24, 25, 26, 27, 28, 29, 30, 31, 32, 1 ],
\[ 2, 1, 3, 4, 5, 6, 7, 8, 9, 10, 11, 12, 13, 14, 15, 16, 17, 18, 19, 20, 21, 22, 23, 24, 25, 26, 27, 28, 29, 30, 31, 32 ]:
 Order := 263130836933693530167218012160000000 > |
[ 12, 30, 8, 28, 2, 5, 22, 19, 20, 7, 25, 9, 3, 18, 31, 4, 16, 32, 13, 1, 14, 24, 26, 10, 23, 11, 15, 17, 27, 6, 29, 21 ],
[ 3, 10, 14, 20, 16, 22, 1, 6, 19, 18, 5, 26, 2, 11, 13, 27, 12, 17, 32, 25, 4, 21, 30, 9, 29, 15, 7, 31, 8, 28, 24, 23 ],
[ 4, 11, 15, 5, 8, 23, 2, 1, 17, 31, 12, 7, 9, 22, 16, 18, 30, 3, 29, 24, 19, 27, 20, 6, 14, 32, 25, 21, 28, 13, 26, 10 ]
];
edge1`DownstairsFilename := "32S10-4,8,4-g7-168536519.m";
Append(~s`Edges, edge1);
edge2 := TwoEdgeInitialize();
edge2`Blocks := {@ PowerSet(IntegerRing()) |
{ IntegerRing() | 1, 5 },
{ IntegerRing() | 2, 12 },
{ IntegerRing() | 3, 18 },
{ IntegerRing() | 4, 24 },
{ IntegerRing() | 6, 22 },
{ IntegerRing() | 7, 11 },
{ IntegerRing() | 8, 15 },
{ IntegerRing() | 9, 39 },
{ IntegerRing() | 10, 43 },
{ IntegerRing() | 13, 19 },
{ IntegerRing() | 14, 41 },
{ IntegerRing() | 16, 52 },
{ IntegerRing() | 17, 58 },
{ IntegerRing() | 20, 55 },
{ IntegerRing() | 21, 49 },
{ IntegerRing() | 23, 51 },
{ IntegerRing() | 25, 57 },
{ IntegerRing() | 26, 62 },
{ IntegerRing() | 27, 31 },
{ IntegerRing() | 28, 63 },
{ IntegerRing() | 29, 59 },
{ IntegerRing() | 30, 44 },
{ IntegerRing() | 32, 46 },
{ IntegerRing() | 33, 47 },
{ IntegerRing() | 34, 48 },
{ IntegerRing() | 35, 38 },
{ IntegerRing() | 36, 53 },
{ IntegerRing() | 37, 54 },
{ IntegerRing() | 40, 61 },
{ IntegerRing() | 42, 56 },
{ IntegerRing() | 45, 60 },
{ IntegerRing() | 50, 64 }
@};
edge2`UpstairsTriple := [ PermutationGroup<64 |  
\[ 2, 3, 4, 5, 6, 7, 8, 9, 10, 11, 12, 13, 14, 15, 16, 17, 18, 19, 20, 21, 22, 23, 24, 25, 26, 27, 28, 29, 30, 31, 32, 33, 34, 35, 36, 37, 38, 39, 40, 41, 42, 43, 44, 45, 46, 47, 48, 49, 50, 51, 52, 53, 54, 55, 56, 57, 58, 59, 60, 61, 62, 63, 64, 1 ],
\[ 2, 1, 3, 4, 5, 6, 7, 8, 9, 10, 11, 12, 13, 14, 15, 16, 17, 18, 19, 20, 21, 22, 23, 24, 25, 26, 27, 28, 29, 30, 31, 32, 33, 34, 35, 36, 37, 38, 39, 40, 41, 42, 43, 44, 45, 46, 47, 48, 49, 50, 51, 52, 53, 54, 55, 56, 57, 58, 59, 60, 61, 62, 63, 64 ]:
 Order := 126886932185884164103433389335161480802865516174545192198801894375214704230400000000000000 > |
[ 12, 39, 8, 49, 2, 5, 27, 38, 53, 14, 31, 9, 3, 64, 35, 20, 42, 15, 18, 45, 13, 1, 32, 21, 24, 48, 30, 33, 22, 10, 44, 59, 11, 17, 61, 23, 52, 40, 36, 25, 50, 37, 41, 43, 26, 29, 7, 58, 19, 28, 46, 55, 51, 16, 60, 54, 4, 56, 6, 62, 57, 34, 47, 63 ],
[ 3, 10, 16, 22, 18, 27, 1, 36, 38, 20, 5, 43, 2, 51, 53, 41, 13, 52, 12, 61, 56, 31, 57, 6, 48, 4, 54, 59, 21, 9, 37, 47, 17, 7, 60, 64, 8, 45, 35, 32, 23, 30, 55, 39, 28, 33, 58, 11, 42, 62, 25, 14, 50, 15, 40, 44, 34, 19, 49, 63, 46, 24, 29, 26 ],
[ 4, 11, 17, 23, 24, 28, 32, 1, 19, 42, 46, 7, 29, 2, 5, 27, 57, 58, 59, 3, 62, 63, 8, 51, 55, 38, 34, 53, 61, 6, 48, 41, 45, 50, 54, 44, 49, 37, 13, 9, 12, 33, 56, 22, 10, 14, 60, 64, 26, 16, 15, 31, 30, 21, 18, 47, 20, 25, 40, 43, 39, 35, 36, 52 ]
];
edge2`UpstairsFilename := "64S7-8,8,4-g17-560494070.m";
edge2`DownstairsTriple := [ PermutationGroup<32 |  
\[ 2, 3, 4, 5, 6, 7, 8, 9, 10, 11, 12, 13, 14, 15, 16, 17, 18, 19, 20, 21, 22, 23, 24, 25, 26, 27, 28, 29, 30, 31, 32, 1 ],
\[ 2, 1, 3, 4, 5, 6, 7, 8, 9, 10, 11, 12, 13, 14, 15, 16, 17, 18, 19, 20, 21, 22, 23, 24, 25, 26, 27, 28, 29, 30, 31, 32 ]:
 Order := 263130836933693530167218012160000000 > |
[ 12, 23, 8, 27, 2, 5, 32, 18, 6, 7, 21, 9, 16, 17, 31, 4, 30, 13, 1, 26, 24, 25, 19, 10, 11, 15, 29, 14, 3, 20, 28, 22 ],
[ 3, 10, 14, 19, 16, 21, 1, 6, 18, 15, 5, 25, 2, 11, 29, 26, 13, 30, 32, 4, 20, 9, 27, 23, 17, 7, 31, 8, 12, 24, 22, 28 ],
[ 4, 11, 15, 5, 8, 22, 2, 1, 29, 30, 12, 7, 9, 32, 16, 17, 3, 28, 24, 18, 14, 19, 13, 6, 31, 21, 20, 27, 23, 25, 10, 26 ]
];
edge2`DownstairsFilename := "32S5-8,8,4-g9-574899642.m";
Append(~s`Edges, edge2);
edge3 := TwoEdgeInitialize();
edge3`Blocks := {@ PowerSet(IntegerRing()) |
{ IntegerRing() | 1, 5 },
{ IntegerRing() | 2, 12 },
{ IntegerRing() | 3, 16 },
{ IntegerRing() | 4, 8 },
{ IntegerRing() | 6, 20 },
{ IntegerRing() | 7, 11 },
{ IntegerRing() | 9, 33 },
{ IntegerRing() | 10, 27 },
{ IntegerRing() | 13, 32 },
{ IntegerRing() | 14, 28 },
{ IntegerRing() | 15, 18 },
{ IntegerRing() | 17, 43 },
{ IntegerRing() | 19, 29 },
{ IntegerRing() | 21, 30 },
{ IntegerRing() | 22, 50 },
{ IntegerRing() | 23, 25 },
{ IntegerRing() | 24, 46 },
{ IntegerRing() | 26, 38 },
{ IntegerRing() | 31, 55 },
{ IntegerRing() | 34, 58 },
{ IntegerRing() | 35, 40 },
{ IntegerRing() | 36, 37 },
{ IntegerRing() | 39, 60 },
{ IntegerRing() | 41, 56 },
{ IntegerRing() | 42, 48 },
{ IntegerRing() | 44, 49 },
{ IntegerRing() | 45, 54 },
{ IntegerRing() | 47, 61 },
{ IntegerRing() | 51, 53 },
{ IntegerRing() | 52, 63 },
{ IntegerRing() | 57, 62 },
{ IntegerRing() | 59, 64 }
@};
edge3`UpstairsTriple := [ PermutationGroup<64 |  
\[ 2, 3, 4, 5, 6, 7, 8, 9, 10, 11, 12, 13, 14, 15, 16, 17, 18, 19, 20, 21, 22, 23, 24, 25, 26, 27, 28, 29, 30, 31, 32, 33, 34, 35, 36, 37, 38, 39, 40, 41, 42, 43, 44, 45, 46, 47, 48, 49, 50, 51, 52, 53, 54, 55, 56, 57, 58, 59, 60, 61, 62, 63, 64, 1 ],
\[ 2, 1, 3, 4, 5, 6, 7, 8, 9, 10, 11, 12, 13, 14, 15, 16, 17, 18, 19, 20, 21, 22, 23, 24, 25, 26, 27, 28, 29, 30, 31, 32, 33, 34, 35, 36, 37, 38, 39, 40, 41, 42, 43, 44, 45, 46, 47, 48, 49, 50, 51, 52, 53, 54, 55, 56, 57, 58, 59, 60, 61, 62, 63, 64 ]:
 Order := 126886932185884164103433389335161480802865516174545192198801894375214704230400000000000000 > |
[ 12, 33, 8, 29, 2, 5, 38, 19, 55, 7, 26, 9, 60, 18, 48, 4, 16, 42, 13, 1, 53, 25, 27, 20, 10, 58, 11, 15, 32, 51, 62, 39, 31, 49, 37, 41, 56, 34, 64, 36, 28, 21, 3, 52, 24, 6, 43, 30, 63, 23, 40, 50, 35, 46, 57, 14, 45, 44, 47, 59, 17, 54, 22, 61 ],
[ 3, 10, 14, 20, 16, 22, 1, 6, 19, 35, 5, 27, 2, 11, 43, 28, 45, 17, 42, 50, 4, 21, 46, 47, 24, 41, 40, 7, 48, 8, 38, 12, 29, 9, 32, 25, 23, 56, 51, 13, 59, 58, 54, 15, 44, 61, 37, 34, 18, 30, 63, 62, 52, 49, 26, 64, 60, 33, 31, 53, 36, 39, 57, 55 ],
[ 4, 11, 15, 5, 8, 23, 2, 1, 32, 36, 12, 7, 9, 38, 16, 18, 46, 3, 30, 25, 19, 51, 20, 17, 6, 14, 37, 26, 21, 29, 58, 33, 13, 31, 60, 27, 10, 28, 35, 39, 61, 49, 24, 42, 63, 43, 41, 44, 48, 53, 50, 45, 22, 52, 34, 47, 64, 55, 57, 40, 56, 59, 54, 62 ]
];
edge3`UpstairsFilename := "64S7-8,8,4-g17-1685595169.m";
edge3`DownstairsTriple := [ PermutationGroup<32 |  
\[ 2, 3, 4, 5, 6, 7, 8, 9, 10, 11, 12, 13, 14, 15, 16, 17, 18, 19, 20, 21, 22, 23, 24, 25, 26, 27, 28, 29, 30, 31, 32, 1 ],
\[ 2, 1, 3, 4, 5, 6, 7, 8, 9, 10, 11, 12, 13, 14, 15, 16, 17, 18, 19, 20, 21, 22, 23, 24, 25, 26, 27, 28, 29, 30, 31, 32 ]:
 Order := 263130836933693530167218012160000000 > |
[ 2, 8, 4, 16, 10, 1, 24, 19, 7, 23, 14, 13, 31, 17, 3, 11, 32, 29, 5, 21, 22, 9, 6, 25, 28, 27, 30, 20, 26, 12, 18, 15 ],
[ 3, 9, 12, 6, 14, 21, 1, 16, 26, 28, 2, 7, 15, 29, 10, 31, 19, 4, 24, 5, 18, 23, 32, 30, 8, 11, 22, 13, 20, 17, 25, 27 ],
[ 4, 7, 13, 1, 17, 22, 2, 11, 27, 20, 8, 24, 3, 26, 23, 18, 5, 16, 25, 10, 29, 6, 15, 12, 19, 14, 9, 31, 21, 32, 28, 30 ]
];
edge3`DownstairsFilename := "32S11-8,4,2-g3-3185716309.m";
Append(~s`Edges, edge3);

/*
Return for eval
*/

return s;
