s := TwoDBInitialize();

/*
Magma printing
*/

s`Name := "64S7-8,4,8-g17-826406155";
s`Filename := "64S7-8,4,8-g17-826406155.m";
s`Degree := 64;
s`Orders := \[ 8, 4, 8 ];
s`Geometry := "Hyperbolic";
s`Genus := 17;
s`Level := 6;
s`PermutationTriple := [ PermutationGroup<64 |  
\[ 2, 3, 4, 5, 6, 7, 8, 9, 10, 11, 12, 13, 14, 15, 16, 17, 18, 19, 20, 21, 22, 23, 24, 25, 26, 27, 28, 29, 30, 31, 32, 33, 34, 35, 36, 37, 38, 39, 40, 41, 42, 43, 44, 45, 46, 47, 48, 49, 50, 51, 52, 53, 54, 55, 56, 57, 58, 59, 60, 61, 62, 63, 64, 1 ],
\[ 2, 1, 3, 4, 5, 6, 7, 8, 9, 10, 11, 12, 13, 14, 15, 16, 17, 18, 19, 20, 21, 22, 23, 24, 25, 26, 27, 28, 29, 30, 31, 32, 33, 34, 35, 36, 37, 38, 39, 40, 41, 42, 43, 44, 45, 46, 47, 48, 49, 50, 51, 52, 53, 54, 55, 56, 57, 58, 59, 60, 61, 62, 63, 64 ]:
 Order := 126886932185884164103433389335161480802865516174545192198801894375214704230400000000000000 > |
[ 12, 39, 8, 45, 2, 5, 46, 40, 56, 14, 31, 9, 58, 55, 34, 20, 64, 15, 18, 62, 10, 1, 32, 21, 24, 16, 30, 19, 22, 13, 61, 63, 11, 48, 37, 60, 47, 25, 26, 33, 27, 29, 53, 41, 44, 28, 50, 7, 42, 54, 38, 17, 23, 52, 51, 49, 3, 4, 43, 59, 57, 6, 36, 35 ],
[ 3, 10, 16, 22, 18, 27, 1, 35, 28, 42, 5, 44, 2, 23, 53, 7, 57, 49, 47, 38, 50, 55, 58, 6, 60, 4, 56, 62, 34, 43, 54, 48, 59, 39, 46, 8, 25, 12, 61, 9, 37, 13, 21, 20, 63, 36, 33, 17, 11, 30, 64, 14, 31, 15, 26, 24, 32, 52, 19, 41, 29, 40, 51, 45 ],
[ 4, 11, 17, 23, 24, 28, 32, 1, 38, 43, 47, 7, 50, 2, 5, 55, 58, 59, 9, 3, 56, 61, 15, 37, 20, 34, 60, 35, 10, 6, 49, 14, 62, 54, 51, 45, 8, 63, 13, 36, 12, 18, 33, 64, 26, 16, 41, 29, 27, 19, 22, 31, 30, 21, 52, 40, 39, 42, 25, 46, 53, 44, 57, 48 ]
];
s`MonodromyGroup := PermutationGroup<64 |  
\[ 12, 39, 8, 45, 2, 5, 46, 40, 56, 14, 31, 9, 58, 55, 34, 20, 64, 15, 18, 62, 10, 1, 32, 21, 24, 16, 30, 19, 22, 13, 61, 63, 11, 48, 37, 60, 47, 25, 26, 33, 27, 29, 53, 41, 44, 28, 50, 7, 42, 54, 38, 17, 23, 52, 51, 49, 3, 4, 43, 59, 57, 6, 36, 35 ],
\[ 3, 10, 16, 22, 18, 27, 1, 35, 28, 42, 5, 44, 2, 23, 53, 7, 57, 49, 47, 38, 50, 55, 58, 6, 60, 4, 56, 62, 34, 43, 54, 48, 59, 39, 46, 8, 25, 12, 61, 9, 37, 13, 21, 20, 63, 36, 33, 17, 11, 30, 64, 14, 31, 15, 26, 24, 32, 52, 19, 41, 29, 40, 51, 45 ],
\[ 4, 11, 17, 23, 24, 28, 32, 1, 38, 43, 47, 7, 50, 2, 5, 55, 58, 59, 9, 3, 56, 61, 15, 37, 20, 34, 60, 35, 10, 6, 49, 14, 62, 54, 51, 45, 8, 63, 13, 36, 12, 18, 33, 64, 26, 16, 41, 29, 27, 19, 22, 31, 30, 21, 52, 40, 39, 42, 25, 46, 53, 44, 57, 48 ] >;

/*
Edge printing
*/

s`Edges := [];
edge1 := TwoEdgeInitialize();
edge1`Blocks := {@ PowerSet(IntegerRing()) |
{ IntegerRing() | 1, 5 },
{ IntegerRing() | 2, 12 },
{ IntegerRing() | 3, 18 },
{ IntegerRing() | 4, 24 },
{ IntegerRing() | 6, 22 },
{ IntegerRing() | 7, 11 },
{ IntegerRing() | 8, 15 },
{ IntegerRing() | 9, 39 },
{ IntegerRing() | 10, 44 },
{ IntegerRing() | 13, 38 },
{ IntegerRing() | 14, 41 },
{ IntegerRing() | 16, 49 },
{ IntegerRing() | 17, 59 },
{ IntegerRing() | 19, 57 },
{ IntegerRing() | 20, 42 },
{ IntegerRing() | 21, 45 },
{ IntegerRing() | 23, 37 },
{ IntegerRing() | 25, 58 },
{ IntegerRing() | 26, 56 },
{ IntegerRing() | 27, 55 },
{ IntegerRing() | 28, 61 },
{ IntegerRing() | 29, 62 },
{ IntegerRing() | 30, 51 },
{ IntegerRing() | 31, 46 },
{ IntegerRing() | 32, 47 },
{ IntegerRing() | 33, 48 },
{ IntegerRing() | 34, 40 },
{ IntegerRing() | 35, 53 },
{ IntegerRing() | 36, 54 },
{ IntegerRing() | 43, 64 },
{ IntegerRing() | 50, 63 },
{ IntegerRing() | 52, 60 }
@};
edge1`UpstairsTriple := [ PermutationGroup<64 |  
\[ 2, 3, 4, 5, 6, 7, 8, 9, 10, 11, 12, 13, 14, 15, 16, 17, 18, 19, 20, 21, 22, 23, 24, 25, 26, 27, 28, 29, 30, 31, 32, 33, 34, 35, 36, 37, 38, 39, 40, 41, 42, 43, 44, 45, 46, 47, 48, 49, 50, 51, 52, 53, 54, 55, 56, 57, 58, 59, 60, 61, 62, 63, 64, 1 ],
\[ 2, 1, 3, 4, 5, 6, 7, 8, 9, 10, 11, 12, 13, 14, 15, 16, 17, 18, 19, 20, 21, 22, 23, 24, 25, 26, 27, 28, 29, 30, 31, 32, 33, 34, 35, 36, 37, 38, 39, 40, 41, 42, 43, 44, 45, 46, 47, 48, 49, 50, 51, 52, 53, 54, 55, 56, 57, 58, 59, 60, 61, 62, 63, 64 ]:
 Order := 126886932185884164103433389335161480802865516174545192198801894375214704230400000000000000 > |
[ 12, 39, 8, 45, 2, 5, 46, 40, 56, 14, 31, 9, 58, 55, 34, 20, 64, 15, 18, 62, 10, 1, 32, 21, 24, 16, 30, 19, 22, 13, 61, 63, 11, 48, 37, 60, 47, 25, 26, 33, 27, 29, 53, 41, 44, 28, 50, 7, 42, 54, 38, 17, 23, 52, 51, 49, 3, 4, 43, 59, 57, 6, 36, 35 ],
[ 3, 10, 16, 22, 18, 27, 1, 35, 28, 42, 5, 44, 2, 23, 53, 7, 57, 49, 47, 38, 50, 55, 58, 6, 60, 4, 56, 62, 34, 43, 54, 48, 59, 39, 46, 8, 25, 12, 61, 9, 37, 13, 21, 20, 63, 36, 33, 17, 11, 30, 64, 14, 31, 15, 26, 24, 32, 52, 19, 41, 29, 40, 51, 45 ],
[ 4, 11, 17, 23, 24, 28, 32, 1, 38, 43, 47, 7, 50, 2, 5, 55, 58, 59, 9, 3, 56, 61, 15, 37, 20, 34, 60, 35, 10, 6, 49, 14, 62, 54, 51, 45, 8, 63, 13, 36, 12, 18, 33, 64, 26, 16, 41, 29, 27, 19, 22, 31, 30, 21, 52, 40, 39, 42, 25, 46, 53, 44, 57, 48 ]
];
edge1`UpstairsFilename := "64S7-8,4,8-g17-826406155.m";
edge1`DownstairsTriple := [ PermutationGroup<32 |  
\[ 2, 3, 4, 5, 6, 7, 8, 9, 10, 11, 12, 13, 14, 15, 16, 17, 18, 19, 20, 21, 22, 23, 24, 25, 26, 27, 28, 29, 30, 31, 32, 1 ],
\[ 2, 1, 3, 4, 5, 6, 7, 8, 9, 10, 11, 12, 13, 14, 15, 16, 17, 18, 19, 20, 21, 22, 23, 24, 25, 26, 27, 28, 29, 30, 31, 32 ]:
 Order := 263130836933693530167218012160000000 > |
[ 11, 23, 8, 24, 2, 5, 14, 22, 6, 13, 9, 21, 4, 27, 31, 7, 10, 1, 25, 17, 20, 16, 18, 12, 30, 3, 26, 19, 32, 29, 28, 15 ],
[ 3, 10, 5, 18, 7, 4, 1, 28, 27, 11, 12, 2, 32, 29, 26, 15, 31, 20, 13, 6, 19, 9, 22, 30, 16, 25, 23, 14, 8, 17, 24, 21 ],
[ 4, 3, 15, 19, 20, 22, 25, 1, 10, 30, 7, 31, 2, 5, 13, 23, 18, 27, 8, 32, 11, 29, 12, 6, 21, 9, 28, 17, 24, 26, 16, 14 ]
];
edge1`DownstairsFilename := "32S10-8,4,4-g7-3976531736.m";
Append(~s`Edges, edge1);
edge2 := TwoEdgeInitialize();
edge2`Blocks := {@ PowerSet(IntegerRing()) |
{ IntegerRing() | 1, 5 },
{ IntegerRing() | 2, 11 },
{ IntegerRing() | 3, 7 },
{ IntegerRing() | 4, 18 },
{ IntegerRing() | 6, 20 },
{ IntegerRing() | 8, 21 },
{ IntegerRing() | 9, 33 },
{ IntegerRing() | 10, 12 },
{ IntegerRing() | 13, 36 },
{ IntegerRing() | 14, 25 },
{ IntegerRing() | 15, 26 },
{ IntegerRing() | 16, 24 },
{ IntegerRing() | 17, 41 },
{ IntegerRing() | 19, 45 },
{ IntegerRing() | 22, 48 },
{ IntegerRing() | 23, 42 },
{ IntegerRing() | 27, 32 },
{ IntegerRing() | 28, 29 },
{ IntegerRing() | 30, 39 },
{ IntegerRing() | 31, 54 },
{ IntegerRing() | 34, 51 },
{ IntegerRing() | 35, 37 },
{ IntegerRing() | 38, 52 },
{ IntegerRing() | 40, 57 },
{ IntegerRing() | 43, 49 },
{ IntegerRing() | 44, 61 },
{ IntegerRing() | 46, 62 },
{ IntegerRing() | 47, 50 },
{ IntegerRing() | 53, 63 },
{ IntegerRing() | 55, 59 },
{ IntegerRing() | 56, 60 },
{ IntegerRing() | 58, 64 }
@};
edge2`UpstairsTriple := [ PermutationGroup<64 |  
\[ 2, 3, 4, 5, 6, 7, 8, 9, 10, 11, 12, 13, 14, 15, 16, 17, 18, 19, 20, 21, 22, 23, 24, 25, 26, 27, 28, 29, 30, 31, 32, 33, 34, 35, 36, 37, 38, 39, 40, 41, 42, 43, 44, 45, 46, 47, 48, 49, 50, 51, 52, 53, 54, 55, 56, 57, 58, 59, 60, 61, 62, 63, 64, 1 ],
\[ 2, 1, 3, 4, 5, 6, 7, 8, 9, 10, 11, 12, 13, 14, 15, 16, 17, 18, 19, 20, 21, 22, 23, 24, 25, 26, 27, 28, 29, 30, 31, 32, 33, 34, 35, 36, 37, 38, 39, 40, 41, 42, 43, 44, 45, 46, 47, 48, 49, 50, 51, 52, 53, 54, 55, 56, 57, 58, 59, 60, 61, 62, 63, 64 ]:
 Order := 126886932185884164103433389335161480802865516174545192198801894375214704230400000000000000 > |
[ 2, 9, 8, 16, 11, 1, 21, 27, 31, 13, 33, 36, 38, 35, 3, 10, 25, 24, 4, 5, 32, 15, 6, 12, 37, 7, 51, 30, 39, 40, 53, 34, 54, 56, 28, 52, 29, 59, 57, 58, 14, 20, 48, 17, 18, 23, 19, 26, 22, 45, 60, 55, 46, 63, 50, 43, 64, 61, 47, 49, 41, 42, 62, 44 ],
[ 3, 10, 5, 6, 7, 18, 1, 28, 32, 11, 12, 2, 30, 15, 25, 37, 19, 20, 41, 4, 29, 23, 48, 35, 26, 14, 9, 21, 8, 36, 52, 33, 27, 40, 16, 39, 24, 31, 13, 51, 45, 22, 44, 49, 17, 47, 62, 42, 61, 46, 57, 54, 60, 38, 58, 53, 34, 59, 64, 63, 43, 50, 56, 55 ],
[ 4, 7, 14, 17, 18, 22, 25, 1, 12, 35, 3, 37, 2, 19, 42, 20, 43, 41, 46, 48, 5, 44, 50, 6, 45, 23, 29, 24, 16, 8, 27, 28, 10, 9, 26, 11, 15, 39, 21, 13, 49, 47, 63, 59, 62, 56, 58, 61, 53, 64, 33, 30, 38, 32, 31, 57, 36, 34, 54, 40, 55, 60, 52, 51 ]
];
edge2`UpstairsFilename := "64S7-8,4,8-g17-4004131950.m";
edge2`DownstairsTriple := [ PermutationGroup<32 |  
\[ 2, 3, 4, 5, 6, 7, 8, 9, 10, 11, 12, 13, 14, 15, 16, 17, 18, 19, 20, 21, 22, 23, 24, 25, 26, 27, 28, 29, 30, 31, 32, 1 ],
\[ 2, 1, 3, 4, 5, 6, 7, 8, 9, 10, 11, 12, 13, 14, 15, 16, 17, 18, 19, 20, 21, 22, 23, 24, 25, 26, 27, 28, 29, 30, 31, 32 ]:
 Order := 263130836933693530167218012160000000 > |
[ 2, 8, 7, 15, 10, 1, 23, 19, 11, 22, 17, 27, 20, 3, 9, 12, 30, 4, 5, 21, 14, 6, 26, 25, 29, 13, 24, 18, 32, 28, 16, 31 ],
[ 3, 9, 1, 6, 13, 4, 24, 23, 2, 28, 25, 14, 5, 12, 27, 18, 19, 16, 17, 31, 22, 21, 8, 7, 11, 29, 15, 10, 26, 32, 20, 30 ],
[ 4, 3, 12, 16, 17, 21, 1, 9, 27, 13, 2, 18, 29, 22, 6, 20, 25, 10, 23, 5, 31, 28, 24, 15, 7, 8, 14, 32, 11, 19, 30, 26 ]
];
edge2`DownstairsFilename := "32S5-8,2,8-g5-2840669646.m";
Append(~s`Edges, edge2);
edge3 := TwoEdgeInitialize();
edge3`Blocks := {@ PowerSet(IntegerRing()) |
{ IntegerRing() | 1, 5 },
{ IntegerRing() | 2, 11 },
{ IntegerRing() | 3, 16 },
{ IntegerRing() | 4, 21 },
{ IntegerRing() | 6, 24 },
{ IntegerRing() | 7, 25 },
{ IntegerRing() | 8, 26 },
{ IntegerRing() | 9, 29 },
{ IntegerRing() | 10, 41 },
{ IntegerRing() | 12, 43 },
{ IntegerRing() | 13, 22 },
{ IntegerRing() | 14, 48 },
{ IntegerRing() | 15, 47 },
{ IntegerRing() | 17, 50 },
{ IntegerRing() | 18, 51 },
{ IntegerRing() | 19, 53 },
{ IntegerRing() | 20, 46 },
{ IntegerRing() | 23, 57 },
{ IntegerRing() | 27, 59 },
{ IntegerRing() | 28, 34 },
{ IntegerRing() | 30, 60 },
{ IntegerRing() | 31, 54 },
{ IntegerRing() | 32, 61 },
{ IntegerRing() | 33, 39 },
{ IntegerRing() | 35, 62 },
{ IntegerRing() | 36, 55 },
{ IntegerRing() | 37, 49 },
{ IntegerRing() | 38, 58 },
{ IntegerRing() | 40, 63 },
{ IntegerRing() | 42, 52 },
{ IntegerRing() | 44, 56 },
{ IntegerRing() | 45, 64 }
@};
edge3`UpstairsTriple := [ PermutationGroup<64 |  
\[ 2, 3, 4, 5, 6, 7, 8, 9, 10, 11, 12, 13, 14, 15, 16, 17, 18, 19, 20, 21, 22, 23, 24, 25, 26, 27, 28, 29, 30, 31, 32, 33, 34, 35, 36, 37, 38, 39, 40, 41, 42, 43, 44, 45, 46, 47, 48, 49, 50, 51, 52, 53, 54, 55, 56, 57, 58, 59, 60, 61, 62, 63, 64, 1 ],
\[ 2, 1, 3, 4, 5, 6, 7, 8, 9, 10, 11, 12, 13, 14, 15, 16, 17, 18, 19, 20, 21, 22, 23, 24, 25, 26, 27, 28, 29, 30, 31, 32, 33, 34, 35, 36, 37, 38, 39, 40, 41, 42, 43, 44, 45, 46, 47, 48, 49, 50, 51, 52, 53, 54, 55, 56, 57, 58, 59, 60, 61, 62, 63, 64 ]:
 Order := 126886932185884164103433389335161480802865516174545192198801894375214704230400000000000000 > |
[ 2, 9, 8, 19, 11, 1, 31, 34, 24, 13, 29, 44, 21, 18, 40, 26, 3, 42, 10, 32, 53, 4, 14, 5, 54, 28, 30, 17, 6, 12, 38, 45, 7, 50, 37, 46, 47, 39, 25, 35, 22, 57, 56, 59, 36, 61, 63, 51, 15, 16, 52, 23, 41, 58, 20, 27, 48, 33, 60, 43, 64, 49, 62, 55 ],
[ 3, 10, 14, 6, 16, 27, 1, 35, 38, 18, 41, 2, 37, 7, 17, 48, 32, 12, 45, 22, 24, 49, 4, 59, 5, 62, 23, 29, 58, 40, 36, 33, 15, 9, 31, 8, 44, 42, 47, 19, 51, 34, 11, 46, 30, 13, 50, 25, 56, 61, 43, 28, 64, 55, 26, 20, 21, 52, 57, 63, 39, 54, 53, 60 ],
[ 4, 7, 15, 20, 21, 28, 32, 1, 12, 40, 25, 45, 2, 27, 22, 47, 52, 3, 23, 54, 46, 11, 58, 34, 61, 5, 49, 55, 43, 6, 14, 56, 29, 36, 30, 19, 8, 35, 9, 33, 63, 10, 64, 18, 17, 31, 13, 59, 26, 42, 16, 41, 57, 48, 53, 51, 38, 62, 37, 24, 44, 60, 39, 50 ]
];
edge3`UpstairsFilename := "64S7-8,4,8-g17-244752771.m";
edge3`DownstairsTriple := [ PermutationGroup<32 |  
\[ 2, 3, 4, 5, 6, 7, 8, 9, 10, 11, 12, 13, 14, 15, 16, 17, 18, 19, 20, 21, 22, 23, 24, 25, 26, 27, 28, 29, 30, 31, 32, 1 ],
\[ 2, 1, 3, 4, 5, 6, 7, 8, 9, 10, 11, 12, 13, 14, 15, 16, 17, 18, 19, 20, 21, 22, 23, 24, 25, 26, 27, 28, 29, 30, 31, 32 ]:
 Order := 263130836933693530167218012160000000 > |
[ 11, 28, 8, 22, 2, 5, 14, 29, 18, 13, 9, 30, 20, 21, 32, 7, 10, 1, 23, 17, 16, 12, 31, 3, 27, 19, 15, 6, 24, 4, 26, 25 ],
[ 3, 10, 5, 18, 7, 4, 1, 25, 21, 11, 12, 2, 19, 26, 24, 15, 32, 20, 30, 6, 28, 31, 16, 23, 14, 8, 13, 29, 9, 27, 17, 22 ],
[ 4, 3, 15, 19, 20, 21, 23, 1, 10, 31, 7, 32, 2, 5, 30, 9, 18, 29, 14, 27, 25, 6, 13, 28, 17, 22, 8, 12, 26, 11, 24, 16 ]
];
edge3`DownstairsFilename := "32S11-4,4,8-g7-1733019944.m";
Append(~s`Edges, edge3);

/*
Return for eval
*/

return s;
