s := TwoDBInitialize();

/*
Magma printing
*/

s`Name := "64S7-8,4,8-g17-2385821837";
s`Filename := "64S7-8,4,8-g17-2385821837.m";
s`Degree := 64;
s`Orders := \[ 8, 4, 8 ];
s`Geometry := "Hyperbolic";
s`Genus := 17;
s`Level := 6;
s`PermutationTriple := [ PermutationGroup<64 |  
\[ 2, 3, 4, 5, 6, 7, 8, 9, 10, 11, 12, 13, 14, 15, 16, 17, 18, 19, 20, 21, 22, 23, 24, 25, 26, 27, 28, 29, 30, 31, 32, 33, 34, 35, 36, 37, 38, 39, 40, 41, 42, 43, 44, 45, 46, 47, 48, 49, 50, 51, 52, 53, 54, 55, 56, 57, 58, 59, 60, 61, 62, 63, 64, 1 ],
\[ 2, 1, 3, 4, 5, 6, 7, 8, 9, 10, 11, 12, 13, 14, 15, 16, 17, 18, 19, 20, 21, 22, 23, 24, 25, 26, 27, 28, 29, 30, 31, 32, 33, 34, 35, 36, 37, 38, 39, 40, 41, 42, 43, 44, 45, 46, 47, 48, 49, 50, 51, 52, 53, 54, 55, 56, 57, 58, 59, 60, 61, 62, 63, 64 ]:
 Order := 126886932185884164103433389335161480802865516174545192198801894375214704230400000000000000 > |
[ 12, 29, 8, 51, 2, 5, 46, 38, 6, 14, 31, 9, 62, 56, 34, 20, 50, 15, 18, 64, 13, 1, 52, 21, 24, 16, 30, 33, 22, 10, 61, 42, 11, 59, 37, 23, 47, 19, 25, 27, 45, 35, 40, 43, 26, 28, 60, 7, 41, 36, 39, 58, 55, 63, 32, 44, 49, 54, 3, 53, 48, 4, 17, 57 ],
[ 3, 10, 16, 22, 18, 27, 1, 35, 38, 41, 5, 43, 2, 23, 53, 7, 59, 49, 47, 39, 42, 56, 62, 6, 55, 4, 57, 9, 34, 50, 54, 48, 52, 45, 46, 8, 14, 64, 12, 63, 13, 30, 20, 58, 61, 36, 33, 17, 11, 21, 60, 19, 31, 15, 40, 26, 24, 51, 32, 44, 29, 37, 25, 28 ],
[ 4, 11, 17, 23, 24, 28, 32, 1, 39, 42, 47, 7, 50, 2, 5, 56, 40, 52, 9, 3, 57, 61, 46, 63, 20, 34, 55, 35, 13, 6, 49, 25, 64, 54, 21, 30, 8, 36, 58, 12, 18, 59, 60, 22, 10, 16, 62, 45, 27, 48, 26, 14, 51, 44, 15, 37, 38, 33, 29, 19, 53, 41, 31, 43 ]
];
s`MonodromyGroup := PermutationGroup<64 |  
\[ 12, 29, 8, 51, 2, 5, 46, 38, 6, 14, 31, 9, 62, 56, 34, 20, 50, 15, 18, 64, 13, 1, 52, 21, 24, 16, 30, 33, 22, 10, 61, 42, 11, 59, 37, 23, 47, 19, 25, 27, 45, 35, 40, 43, 26, 28, 60, 7, 41, 36, 39, 58, 55, 63, 32, 44, 49, 54, 3, 53, 48, 4, 17, 57 ],
\[ 3, 10, 16, 22, 18, 27, 1, 35, 38, 41, 5, 43, 2, 23, 53, 7, 59, 49, 47, 39, 42, 56, 62, 6, 55, 4, 57, 9, 34, 50, 54, 48, 52, 45, 46, 8, 14, 64, 12, 63, 13, 30, 20, 58, 61, 36, 33, 17, 11, 21, 60, 19, 31, 15, 40, 26, 24, 51, 32, 44, 29, 37, 25, 28 ],
\[ 4, 11, 17, 23, 24, 28, 32, 1, 39, 42, 47, 7, 50, 2, 5, 56, 40, 52, 9, 3, 57, 61, 46, 63, 20, 34, 55, 35, 13, 6, 49, 25, 64, 54, 21, 30, 8, 36, 58, 12, 18, 59, 60, 22, 10, 16, 62, 45, 27, 48, 26, 14, 51, 44, 15, 37, 38, 33, 29, 19, 53, 41, 31, 43 ] >;

/*
Edge printing
*/

s`Edges := [];
edge1 := TwoEdgeInitialize();
edge1`Blocks := {@ PowerSet(IntegerRing()) |
{ IntegerRing() | 1, 5 },
{ IntegerRing() | 2, 12 },
{ IntegerRing() | 3, 18 },
{ IntegerRing() | 4, 24 },
{ IntegerRing() | 6, 22 },
{ IntegerRing() | 7, 11 },
{ IntegerRing() | 8, 15 },
{ IntegerRing() | 9, 29 },
{ IntegerRing() | 10, 43 },
{ IntegerRing() | 13, 39 },
{ IntegerRing() | 14, 40 },
{ IntegerRing() | 16, 49 },
{ IntegerRing() | 17, 52 },
{ IntegerRing() | 19, 59 },
{ IntegerRing() | 20, 41 },
{ IntegerRing() | 21, 51 },
{ IntegerRing() | 23, 63 },
{ IntegerRing() | 25, 62 },
{ IntegerRing() | 26, 57 },
{ IntegerRing() | 27, 56 },
{ IntegerRing() | 28, 61 },
{ IntegerRing() | 30, 44 },
{ IntegerRing() | 31, 46 },
{ IntegerRing() | 32, 47 },
{ IntegerRing() | 33, 48 },
{ IntegerRing() | 34, 38 },
{ IntegerRing() | 35, 53 },
{ IntegerRing() | 36, 54 },
{ IntegerRing() | 37, 55 },
{ IntegerRing() | 42, 60 },
{ IntegerRing() | 45, 64 },
{ IntegerRing() | 50, 58 }
@};
edge1`UpstairsTriple := [ PermutationGroup<64 |  
\[ 2, 3, 4, 5, 6, 7, 8, 9, 10, 11, 12, 13, 14, 15, 16, 17, 18, 19, 20, 21, 22, 23, 24, 25, 26, 27, 28, 29, 30, 31, 32, 33, 34, 35, 36, 37, 38, 39, 40, 41, 42, 43, 44, 45, 46, 47, 48, 49, 50, 51, 52, 53, 54, 55, 56, 57, 58, 59, 60, 61, 62, 63, 64, 1 ],
\[ 2, 1, 3, 4, 5, 6, 7, 8, 9, 10, 11, 12, 13, 14, 15, 16, 17, 18, 19, 20, 21, 22, 23, 24, 25, 26, 27, 28, 29, 30, 31, 32, 33, 34, 35, 36, 37, 38, 39, 40, 41, 42, 43, 44, 45, 46, 47, 48, 49, 50, 51, 52, 53, 54, 55, 56, 57, 58, 59, 60, 61, 62, 63, 64 ]:
 Order := 126886932185884164103433389335161480802865516174545192198801894375214704230400000000000000 > |
[ 12, 29, 8, 51, 2, 5, 46, 38, 6, 14, 31, 9, 62, 56, 34, 20, 50, 15, 18, 64, 13, 1, 52, 21, 24, 16, 30, 33, 22, 10, 61, 42, 11, 59, 37, 23, 47, 19, 25, 27, 45, 35, 40, 43, 26, 28, 60, 7, 41, 36, 39, 58, 55, 63, 32, 44, 49, 54, 3, 53, 48, 4, 17, 57 ],
[ 3, 10, 16, 22, 18, 27, 1, 35, 38, 41, 5, 43, 2, 23, 53, 7, 59, 49, 47, 39, 42, 56, 62, 6, 55, 4, 57, 9, 34, 50, 54, 48, 52, 45, 46, 8, 14, 64, 12, 63, 13, 30, 20, 58, 61, 36, 33, 17, 11, 21, 60, 19, 31, 15, 40, 26, 24, 51, 32, 44, 29, 37, 25, 28 ],
[ 4, 11, 17, 23, 24, 28, 32, 1, 39, 42, 47, 7, 50, 2, 5, 56, 40, 52, 9, 3, 57, 61, 46, 63, 20, 34, 55, 35, 13, 6, 49, 25, 64, 54, 21, 30, 8, 36, 58, 12, 18, 59, 60, 22, 10, 16, 62, 45, 27, 48, 26, 14, 51, 44, 15, 37, 38, 33, 29, 19, 53, 41, 31, 43 ]
];
edge1`UpstairsFilename := "64S7-8,4,8-g17-2385821837.m";
edge1`DownstairsTriple := [ PermutationGroup<32 |  
\[ 2, 3, 4, 5, 6, 7, 8, 9, 10, 11, 12, 13, 14, 15, 16, 17, 18, 19, 20, 21, 22, 23, 24, 25, 26, 27, 28, 29, 30, 31, 32, 1 ],
\[ 2, 1, 3, 4, 5, 6, 7, 8, 9, 10, 11, 12, 13, 14, 15, 16, 17, 18, 19, 20, 21, 22, 23, 24, 25, 26, 27, 28, 29, 30, 31, 32 ]:
 Order := 263130836933693530167218012160000000 > |
[ 11, 30, 8, 23, 2, 5, 14, 22, 18, 13, 9, 21, 4, 26, 31, 7, 12, 1, 15, 17, 20, 25, 10, 32, 3, 16, 29, 19, 24, 6, 28, 27 ],
[ 3, 10, 5, 18, 7, 4, 1, 27, 22, 11, 12, 2, 29, 28, 25, 15, 31, 20, 13, 6, 19, 30, 32, 16, 24, 9, 14, 8, 21, 26, 23, 17 ],
[ 4, 3, 15, 19, 20, 22, 24, 1, 10, 31, 7, 32, 2, 5, 21, 30, 18, 26, 14, 29, 11, 28, 6, 13, 9, 27, 23, 17, 8, 12, 16, 25 ]
];
edge1`DownstairsFilename := "32S10-4,4,8-g7-1952972867.m";
Append(~s`Edges, edge1);
edge2 := TwoEdgeInitialize();
edge2`Blocks := {@ PowerSet(IntegerRing()) |
{ IntegerRing() | 1, 5 },
{ IntegerRing() | 2, 12 },
{ IntegerRing() | 3, 18 },
{ IntegerRing() | 4, 24 },
{ IntegerRing() | 6, 22 },
{ IntegerRing() | 7, 11 },
{ IntegerRing() | 8, 15 },
{ IntegerRing() | 9, 39 },
{ IntegerRing() | 10, 43 },
{ IntegerRing() | 13, 38 },
{ IntegerRing() | 14, 25 },
{ IntegerRing() | 16, 48 },
{ IntegerRing() | 17, 52 },
{ IntegerRing() | 19, 59 },
{ IntegerRing() | 20, 41 },
{ IntegerRing() | 21, 51 },
{ IntegerRing() | 23, 63 },
{ IntegerRing() | 26, 57 },
{ IntegerRing() | 27, 56 },
{ IntegerRing() | 28, 34 },
{ IntegerRing() | 29, 60 },
{ IntegerRing() | 30, 44 },
{ IntegerRing() | 31, 45 },
{ IntegerRing() | 32, 46 },
{ IntegerRing() | 33, 47 },
{ IntegerRing() | 35, 53 },
{ IntegerRing() | 36, 54 },
{ IntegerRing() | 37, 55 },
{ IntegerRing() | 40, 61 },
{ IntegerRing() | 42, 58 },
{ IntegerRing() | 49, 64 },
{ IntegerRing() | 50, 62 }
@};
edge2`UpstairsTriple := [ PermutationGroup<64 |  
\[ 2, 3, 4, 5, 6, 7, 8, 9, 10, 11, 12, 13, 14, 15, 16, 17, 18, 19, 20, 21, 22, 23, 24, 25, 26, 27, 28, 29, 30, 31, 32, 33, 34, 35, 36, 37, 38, 39, 40, 41, 42, 43, 44, 45, 46, 47, 48, 49, 50, 51, 52, 53, 54, 55, 56, 57, 58, 59, 60, 61, 62, 63, 64, 1 ],
\[ 2, 1, 3, 4, 5, 6, 7, 8, 9, 10, 11, 12, 13, 14, 15, 16, 17, 18, 19, 20, 21, 22, 23, 24, 25, 26, 27, 28, 29, 30, 31, 32, 33, 34, 35, 36, 37, 38, 39, 40, 41, 42, 43, 44, 45, 46, 47, 48, 49, 50, 51, 52, 53, 54, 55, 56, 57, 58, 59, 60, 61, 62, 63, 64 ]:
 Order := 126886932185884164103433389335161480802865516174545192198801894375214704230400000000000000 > |
[ 12, 39, 8, 51, 2, 5, 45, 28, 57, 14, 31, 9, 64, 4, 34, 20, 42, 15, 18, 60, 13, 1, 46, 21, 24, 16, 30, 33, 22, 10, 61, 50, 11, 47, 37, 23, 52, 49, 26, 19, 29, 36, 25, 43, 40, 62, 7, 41, 27, 35, 38, 58, 55, 63, 17, 44, 48, 54, 3, 6, 59, 53, 32, 56 ],
[ 3, 10, 16, 22, 18, 27, 1, 35, 28, 41, 5, 43, 2, 37, 53, 7, 59, 48, 46, 38, 42, 56, 14, 6, 55, 4, 57, 60, 61, 50, 54, 47, 52, 29, 45, 8, 64, 12, 34, 9, 13, 30, 20, 62, 36, 33, 17, 11, 63, 21, 58, 19, 31, 15, 49, 26, 24, 44, 32, 40, 39, 51, 25, 23 ],
[ 4, 11, 17, 23, 24, 28, 32, 1, 38, 42, 46, 7, 50, 2, 5, 56, 25, 52, 60, 3, 57, 34, 45, 63, 12, 61, 55, 36, 10, 6, 48, 49, 9, 54, 30, 21, 8, 62, 13, 35, 18, 47, 58, 22, 16, 64, 39, 27, 20, 59, 26, 14, 44, 51, 15, 37, 40, 33, 29, 43, 53, 19, 31, 41 ]
];
edge2`UpstairsFilename := "64S7-8,4,8-g17-2087993458.m";
edge2`DownstairsTriple := [ PermutationGroup<32 |  
\[ 2, 3, 4, 5, 6, 7, 8, 9, 10, 11, 12, 13, 14, 15, 16, 17, 18, 19, 20, 21, 22, 23, 24, 25, 26, 27, 28, 29, 30, 31, 32, 1 ],
\[ 2, 1, 3, 4, 5, 6, 7, 8, 9, 10, 11, 12, 13, 14, 15, 16, 17, 18, 19, 20, 21, 22, 23, 24, 25, 26, 27, 28, 29, 30, 31, 32 ]:
 Order := 263130836933693530167218012160000000 > |
[ 11, 22, 8, 23, 2, 5, 14, 29, 6, 13, 9, 30, 20, 21, 32, 7, 12, 1, 24, 17, 25, 18, 10, 31, 3, 28, 19, 15, 16, 4, 26, 27 ],
[ 3, 10, 5, 18, 7, 4, 1, 26, 29, 11, 12, 2, 19, 27, 25, 15, 31, 20, 30, 6, 9, 21, 32, 16, 24, 14, 8, 13, 22, 28, 23, 17 ],
[ 4, 3, 15, 19, 20, 21, 24, 1, 10, 31, 7, 32, 2, 5, 30, 9, 18, 29, 14, 28, 26, 12, 6, 13, 22, 17, 23, 8, 27, 11, 25, 16 ]
];
edge2`DownstairsFilename := "32S5-8,4,8-g9-3079523836.m";
Append(~s`Edges, edge2);
edge3 := TwoEdgeInitialize();
edge3`Blocks := {@ PowerSet(IntegerRing()) |
{ IntegerRing() | 1, 5 },
{ IntegerRing() | 2, 11 },
{ IntegerRing() | 3, 7 },
{ IntegerRing() | 4, 20 },
{ IntegerRing() | 6, 18 },
{ IntegerRing() | 8, 14 },
{ IntegerRing() | 9, 33 },
{ IntegerRing() | 10, 12 },
{ IntegerRing() | 13, 35 },
{ IntegerRing() | 15, 25 },
{ IntegerRing() | 16, 26 },
{ IntegerRing() | 17, 24 },
{ IntegerRing() | 19, 30 },
{ IntegerRing() | 21, 47 },
{ IntegerRing() | 22, 45 },
{ IntegerRing() | 23, 42 },
{ IntegerRing() | 27, 32 },
{ IntegerRing() | 28, 29 },
{ IntegerRing() | 31, 54 },
{ IntegerRing() | 34, 59 },
{ IntegerRing() | 36, 37 },
{ IntegerRing() | 38, 58 },
{ IntegerRing() | 39, 40 },
{ IntegerRing() | 41, 43 },
{ IntegerRing() | 44, 53 },
{ IntegerRing() | 46, 50 },
{ IntegerRing() | 48, 52 },
{ IntegerRing() | 49, 63 },
{ IntegerRing() | 51, 62 },
{ IntegerRing() | 55, 56 },
{ IntegerRing() | 57, 61 },
{ IntegerRing() | 60, 64 }
@};
edge3`UpstairsTriple := [ PermutationGroup<64 |  
\[ 2, 3, 4, 5, 6, 7, 8, 9, 10, 11, 12, 13, 14, 15, 16, 17, 18, 19, 20, 21, 22, 23, 24, 25, 26, 27, 28, 29, 30, 31, 32, 33, 34, 35, 36, 37, 38, 39, 40, 41, 42, 43, 44, 45, 46, 47, 48, 49, 50, 51, 52, 53, 54, 55, 56, 57, 58, 59, 60, 61, 62, 63, 64, 1 ],
\[ 2, 1, 3, 4, 5, 6, 7, 8, 9, 10, 11, 12, 13, 14, 15, 16, 17, 18, 19, 20, 21, 22, 23, 24, 25, 26, 27, 28, 29, 30, 31, 32, 33, 34, 35, 36, 37, 38, 39, 40, 41, 42, 43, 44, 45, 46, 47, 48, 49, 50, 51, 52, 53, 54, 55, 56, 57, 58, 59, 60, 61, 62, 63, 64 ]:
 Order := 126886932185884164103433389335161480802865516174545192198801894375214704230400000000000000 > |
[ 11, 33, 8, 24, 2, 5, 14, 32, 54, 13, 9, 35, 58, 27, 43, 7, 12, 1, 50, 17, 20, 26, 18, 10, 41, 3, 59, 30, 19, 46, 61, 34, 31, 64, 38, 44, 53, 56, 25, 15, 28, 6, 29, 40, 16, 37, 4, 23, 47, 36, 45, 42, 39, 57, 49, 63, 48, 55, 60, 51, 52, 22, 21, 62 ],
[ 3, 10, 5, 18, 7, 4, 1, 28, 32, 11, 12, 2, 39, 29, 26, 15, 36, 20, 47, 6, 19, 42, 22, 37, 16, 25, 9, 14, 8, 21, 58, 33, 27, 46, 40, 24, 17, 31, 35, 13, 56, 45, 55, 62, 23, 59, 30, 63, 48, 34, 44, 49, 51, 38, 41, 43, 64, 54, 50, 57, 60, 53, 52, 61 ],
[ 4, 3, 15, 19, 20, 22, 25, 1, 10, 36, 7, 37, 2, 5, 35, 42, 18, 45, 14, 30, 48, 44, 49, 6, 13, 23, 28, 55, 56, 8, 32, 29, 12, 9, 11, 59, 34, 39, 62, 51, 26, 63, 16, 17, 53, 47, 52, 60, 43, 21, 61, 64, 24, 27, 31, 54, 58, 40, 33, 46, 38, 57, 41, 50 ]
];
edge3`UpstairsFilename := "64S7-8,4,8-g17-2847908334.m";
edge3`DownstairsTriple := [ PermutationGroup<32 |  
\[ 2, 3, 4, 5, 6, 7, 8, 9, 10, 11, 12, 13, 14, 15, 16, 17, 18, 19, 20, 21, 22, 23, 24, 25, 26, 27, 28, 29, 30, 31, 32, 1 ],
\[ 2, 1, 3, 4, 5, 6, 7, 8, 9, 10, 11, 12, 13, 14, 15, 16, 17, 18, 19, 20, 21, 22, 23, 24, 25, 26, 27, 28, 29, 30, 31, 32 ]:
 Order := 263130836933693530167218012160000000 > |
[ 2, 8, 7, 15, 10, 1, 23, 19, 11, 22, 17, 29, 20, 3, 9, 30, 31, 4, 5, 21, 14, 6, 25, 16, 13, 32, 18, 12, 24, 26, 27, 28 ],
[ 3, 9, 1, 6, 13, 4, 24, 23, 2, 27, 28, 14, 5, 12, 26, 18, 19, 16, 17, 32, 22, 21, 8, 7, 30, 15, 10, 11, 31, 25, 29, 20 ],
[ 4, 3, 12, 16, 17, 21, 1, 9, 26, 13, 2, 11, 30, 22, 6, 7, 28, 10, 23, 5, 32, 27, 24, 31, 8, 25, 29, 20, 14, 18, 19, 15 ]
];
edge3`DownstairsFilename := "32S11-8,2,4-g3-3793760957.m";
Append(~s`Edges, edge3);

/*
Return for eval
*/

return s;
