s := TwoDBInitialize();

/*
Magma printing
*/

s`Name := "64S8-4,4,8-g13-1381639544";
s`Filename := "64S8-4,4,8-g13-1381639544.m";
s`Degree := 64;
s`Orders := \[ 4, 4, 8 ];
s`Geometry := "Hyperbolic";
s`Genus := 13;
s`Level := 6;
s`PermutationTriple := [ PermutationGroup<64 |  
\[ 2, 3, 4, 5, 6, 7, 8, 9, 10, 11, 12, 13, 14, 15, 16, 17, 18, 19, 20, 21, 22, 23, 24, 25, 26, 27, 28, 29, 30, 31, 32, 33, 34, 35, 36, 37, 38, 39, 40, 41, 42, 43, 44, 45, 46, 47, 48, 49, 50, 51, 52, 53, 54, 55, 56, 57, 58, 59, 60, 61, 62, 63, 64, 1 ],
\[ 2, 1, 3, 4, 5, 6, 7, 8, 9, 10, 11, 12, 13, 14, 15, 16, 17, 18, 19, 20, 21, 22, 23, 24, 25, 26, 27, 28, 29, 30, 31, 32, 33, 34, 35, 36, 37, 38, 39, 40, 41, 42, 43, 44, 45, 46, 47, 48, 49, 50, 51, 52, 53, 54, 55, 56, 57, 58, 59, 60, 61, 62, 63, 64 ]:
 Order := 126886932185884164103433389335161480802865516174545192198801894375214704230400000000000000 > |
[ 12, 37, 8, 44, 2, 5, 46, 38, 22, 14, 29, 9, 62, 24, 27, 20, 42, 15, 18, 63, 10, 1, 47, 21, 16, 28, 19, 13, 64, 50, 11, 34, 52, 17, 39, 49, 6, 59, 7, 4, 45, 32, 40, 43, 57, 35, 61, 41, 56, 33, 36, 30, 55, 23, 60, 51, 48, 53, 3, 58, 54, 26, 25, 31 ],
[ 3, 10, 16, 22, 18, 26, 1, 32, 35, 41, 5, 43, 2, 34, 53, 7, 59, 48, 47, 36, 50, 56, 40, 6, 4, 57, 37, 42, 54, 39, 60, 46, 8, 62, 63, 12, 64, 9, 17, 55, 13, 21, 20, 61, 27, 33, 31, 11, 23, 28, 58, 14, 29, 15, 49, 25, 24, 44, 30, 19, 51, 52, 38, 45 ],
[ 4, 11, 17, 23, 24, 27, 30, 1, 36, 42, 47, 7, 50, 2, 5, 56, 14, 60, 45, 3, 57, 38, 29, 52, 35, 34, 54, 6, 48, 62, 37, 28, 21, 8, 32, 61, 13, 33, 9, 12, 18, 39, 58, 25, 10, 16, 49, 26, 20, 59, 22, 46, 51, 44, 15, 55, 64, 31, 63, 40, 19, 41, 43, 53 ]
];
s`MonodromyGroup := PermutationGroup<64 |  
\[ 12, 37, 8, 44, 2, 5, 46, 38, 22, 14, 29, 9, 62, 24, 27, 20, 42, 15, 18, 63, 10, 1, 47, 21, 16, 28, 19, 13, 64, 50, 11, 34, 52, 17, 39, 49, 6, 59, 7, 4, 45, 32, 40, 43, 57, 35, 61, 41, 56, 33, 36, 30, 55, 23, 60, 51, 48, 53, 3, 58, 54, 26, 25, 31 ],
\[ 3, 10, 16, 22, 18, 26, 1, 32, 35, 41, 5, 43, 2, 34, 53, 7, 59, 48, 47, 36, 50, 56, 40, 6, 4, 57, 37, 42, 54, 39, 60, 46, 8, 62, 63, 12, 64, 9, 17, 55, 13, 21, 20, 61, 27, 33, 31, 11, 23, 28, 58, 14, 29, 15, 49, 25, 24, 44, 30, 19, 51, 52, 38, 45 ],
\[ 4, 11, 17, 23, 24, 27, 30, 1, 36, 42, 47, 7, 50, 2, 5, 56, 14, 60, 45, 3, 57, 38, 29, 52, 35, 34, 54, 6, 48, 62, 37, 28, 21, 8, 32, 61, 13, 33, 9, 12, 18, 39, 58, 25, 10, 16, 49, 26, 20, 59, 22, 46, 51, 44, 15, 55, 64, 31, 63, 40, 19, 41, 43, 53 ] >;

/*
Edge printing
*/

s`Edges := [];
edge1 := TwoEdgeInitialize();
edge1`Blocks := {@ PowerSet(IntegerRing()) |
{ IntegerRing() | 1, 5 },
{ IntegerRing() | 2, 12 },
{ IntegerRing() | 3, 18 },
{ IntegerRing() | 4, 24 },
{ IntegerRing() | 6, 22 },
{ IntegerRing() | 7, 11 },
{ IntegerRing() | 8, 15 },
{ IntegerRing() | 9, 37 },
{ IntegerRing() | 10, 43 },
{ IntegerRing() | 13, 36 },
{ IntegerRing() | 14, 40 },
{ IntegerRing() | 16, 48 },
{ IntegerRing() | 17, 60 },
{ IntegerRing() | 19, 59 },
{ IntegerRing() | 20, 41 },
{ IntegerRing() | 21, 44 },
{ IntegerRing() | 23, 52 },
{ IntegerRing() | 25, 57 },
{ IntegerRing() | 26, 56 },
{ IntegerRing() | 27, 38 },
{ IntegerRing() | 28, 51 },
{ IntegerRing() | 29, 46 },
{ IntegerRing() | 30, 47 },
{ IntegerRing() | 31, 39 },
{ IntegerRing() | 32, 53 },
{ IntegerRing() | 33, 54 },
{ IntegerRing() | 34, 55 },
{ IntegerRing() | 35, 64 },
{ IntegerRing() | 42, 58 },
{ IntegerRing() | 45, 63 },
{ IntegerRing() | 49, 62 },
{ IntegerRing() | 50, 61 }
@};
edge1`UpstairsTriple := [ PermutationGroup<64 |  
\[ 2, 3, 4, 5, 6, 7, 8, 9, 10, 11, 12, 13, 14, 15, 16, 17, 18, 19, 20, 21, 22, 23, 24, 25, 26, 27, 28, 29, 30, 31, 32, 33, 34, 35, 36, 37, 38, 39, 40, 41, 42, 43, 44, 45, 46, 47, 48, 49, 50, 51, 52, 53, 54, 55, 56, 57, 58, 59, 60, 61, 62, 63, 64, 1 ],
\[ 2, 1, 3, 4, 5, 6, 7, 8, 9, 10, 11, 12, 13, 14, 15, 16, 17, 18, 19, 20, 21, 22, 23, 24, 25, 26, 27, 28, 29, 30, 31, 32, 33, 34, 35, 36, 37, 38, 39, 40, 41, 42, 43, 44, 45, 46, 47, 48, 49, 50, 51, 52, 53, 54, 55, 56, 57, 58, 59, 60, 61, 62, 63, 64 ]:
 Order := 126886932185884164103433389335161480802865516174545192198801894375214704230400000000000000 > |
[ 12, 37, 8, 44, 2, 5, 46, 38, 22, 14, 29, 9, 62, 24, 27, 20, 42, 15, 18, 63, 10, 1, 47, 21, 16, 28, 19, 13, 64, 50, 11, 34, 52, 17, 39, 49, 6, 59, 7, 4, 45, 32, 40, 43, 57, 35, 61, 41, 56, 33, 36, 30, 55, 23, 60, 51, 48, 53, 3, 58, 54, 26, 25, 31 ],
[ 3, 10, 16, 22, 18, 26, 1, 32, 35, 41, 5, 43, 2, 34, 53, 7, 59, 48, 47, 36, 50, 56, 40, 6, 4, 57, 37, 42, 54, 39, 60, 46, 8, 62, 63, 12, 64, 9, 17, 55, 13, 21, 20, 61, 27, 33, 31, 11, 23, 28, 58, 14, 29, 15, 49, 25, 24, 44, 30, 19, 51, 52, 38, 45 ],
[ 4, 11, 17, 23, 24, 27, 30, 1, 36, 42, 47, 7, 50, 2, 5, 56, 14, 60, 45, 3, 57, 38, 29, 52, 35, 34, 54, 6, 48, 62, 37, 28, 21, 8, 32, 61, 13, 33, 9, 12, 18, 39, 58, 25, 10, 16, 49, 26, 20, 59, 22, 46, 51, 44, 15, 55, 64, 31, 63, 40, 19, 41, 43, 53 ]
];
edge1`UpstairsFilename := "64S8-4,4,8-g13-1381639544.m";
edge1`DownstairsTriple := [ PermutationGroup<32 |  
\[ 2, 3, 4, 5, 6, 7, 8, 9, 10, 11, 12, 13, 14, 15, 16, 17, 18, 19, 20, 21, 22, 23, 24, 25, 26, 27, 28, 29, 30, 31, 32, 1 ],
\[ 2, 1, 3, 4, 5, 6, 7, 8, 9, 10, 11, 12, 13, 14, 15, 16, 17, 18, 19, 20, 21, 22, 23, 24, 25, 26, 27, 28, 29, 30, 31, 32 ]:
 Order := 263130836933693530167218012160000000 > |
[ 11, 28, 8, 22, 2, 5, 14, 29, 18, 13, 9, 30, 20, 21, 32, 7, 10, 1, 23, 17, 16, 12, 31, 3, 27, 19, 15, 6, 24, 4, 26, 25 ],
[ 3, 10, 5, 18, 7, 4, 1, 25, 21, 11, 12, 2, 19, 26, 24, 15, 32, 20, 30, 6, 28, 31, 16, 23, 14, 8, 13, 29, 9, 27, 17, 22 ],
[ 4, 3, 15, 19, 20, 21, 23, 1, 10, 31, 7, 32, 2, 5, 30, 9, 18, 29, 14, 27, 25, 6, 13, 28, 17, 22, 8, 12, 26, 11, 24, 16 ]
];
edge1`DownstairsFilename := "32S11-4,4,8-g7-1733019944.m";
Append(~s`Edges, edge1);
edge2 := TwoEdgeInitialize();
edge2`Blocks := {@ PowerSet(IntegerRing()) |
{ IntegerRing() | 1, 5 },
{ IntegerRing() | 2, 11 },
{ IntegerRing() | 3, 7 },
{ IntegerRing() | 4, 18 },
{ IntegerRing() | 6, 19 },
{ IntegerRing() | 8, 20 },
{ IntegerRing() | 9, 29 },
{ IntegerRing() | 10, 12 },
{ IntegerRing() | 13, 31 },
{ IntegerRing() | 14, 23 },
{ IntegerRing() | 15, 24 },
{ IntegerRing() | 16, 22 },
{ IntegerRing() | 17, 33 },
{ IntegerRing() | 21, 28 },
{ IntegerRing() | 25, 26 },
{ IntegerRing() | 27, 41 },
{ IntegerRing() | 30, 32 },
{ IntegerRing() | 34, 39 },
{ IntegerRing() | 35, 37 },
{ IntegerRing() | 36, 43 },
{ IntegerRing() | 38, 42 },
{ IntegerRing() | 40, 49 },
{ IntegerRing() | 44, 45 },
{ IntegerRing() | 46, 52 },
{ IntegerRing() | 47, 48 },
{ IntegerRing() | 50, 56 },
{ IntegerRing() | 51, 54 },
{ IntegerRing() | 53, 59 },
{ IntegerRing() | 55, 57 },
{ IntegerRing() | 58, 64 },
{ IntegerRing() | 60, 61 },
{ IntegerRing() | 62, 63 }
@};
edge2`UpstairsTriple := [ PermutationGroup<64 |  
\[ 2, 3, 4, 5, 6, 7, 8, 9, 10, 11, 12, 13, 14, 15, 16, 17, 18, 19, 20, 21, 22, 23, 24, 25, 26, 27, 28, 29, 30, 31, 32, 33, 34, 35, 36, 37, 38, 39, 40, 41, 42, 43, 44, 45, 46, 47, 48, 49, 50, 51, 52, 53, 54, 55, 56, 57, 58, 59, 60, 61, 62, 63, 64, 1 ],
\[ 2, 1, 3, 4, 5, 6, 7, 8, 9, 10, 11, 12, 13, 14, 15, 16, 17, 18, 19, 20, 21, 22, 23, 24, 25, 26, 27, 28, 29, 30, 31, 32, 33, 34, 35, 36, 37, 38, 39, 40, 41, 42, 43, 44, 45, 46, 47, 48, 49, 50, 51, 52, 53, 54, 55, 56, 57, 58, 59, 60, 61, 62, 63, 64 ]:
 Order := 126886932185884164103433389335161480802865516174545192198801894375214704230400000000000000 > |
[ 2, 9, 8, 16, 11, 1, 20, 21, 6, 13, 29, 31, 4, 35, 3, 10, 39, 22, 5, 28, 15, 12, 37, 7, 27, 41, 14, 24, 19, 42, 18, 38, 34, 30, 25, 52, 26, 17, 32, 57, 23, 33, 46, 54, 51, 44, 56, 50, 55, 49, 36, 45, 62, 43, 48, 40, 47, 59, 63, 64, 58, 60, 61, 53 ],
[ 3, 10, 5, 6, 7, 18, 1, 25, 28, 11, 12, 2, 33, 15, 23, 32, 13, 19, 4, 26, 9, 30, 24, 14, 20, 8, 43, 29, 21, 16, 17, 22, 31, 48, 45, 27, 44, 49, 47, 38, 36, 40, 41, 35, 37, 61, 34, 39, 42, 58, 59, 60, 51, 53, 62, 64, 63, 56, 54, 46, 52, 57, 55, 50 ],
[ 4, 7, 14, 17, 18, 21, 23, 1, 12, 30, 3, 32, 2, 36, 29, 19, 40, 33, 28, 5, 26, 6, 43, 9, 44, 45, 8, 25, 10, 47, 11, 48, 49, 13, 24, 53, 15, 16, 31, 58, 20, 22, 59, 60, 61, 27, 62, 63, 64, 34, 35, 41, 56, 37, 38, 39, 42, 46, 50, 55, 57, 54, 51, 52 ]
];
edge2`UpstairsFilename := "64S8-4,4,8-g13-2995122194.m";
edge2`DownstairsTriple := [ PermutationGroup<32 |  
\[ 2, 3, 4, 5, 6, 7, 8, 9, 10, 11, 12, 13, 14, 15, 16, 17, 18, 19, 20, 21, 22, 23, 24, 25, 26, 27, 28, 29, 30, 31, 32, 1 ],
\[ 2, 1, 3, 4, 5, 6, 7, 8, 9, 10, 11, 12, 13, 14, 15, 16, 17, 18, 19, 20, 21, 22, 23, 24, 25, 26, 27, 28, 29, 30, 31, 32 ]:
 Order := 263130836933693530167218012160000000 > |
[ 2, 8, 7, 15, 10, 1, 20, 6, 11, 23, 4, 28, 19, 3, 9, 27, 30, 5, 32, 14, 22, 12, 18, 31, 26, 17, 24, 21, 13, 25, 16, 29 ],
[ 3, 9, 1, 6, 13, 4, 21, 20, 2, 25, 16, 14, 5, 12, 24, 11, 18, 17, 31, 8, 7, 26, 32, 15, 10, 22, 29, 30, 27, 28, 19, 23 ],
[ 4, 3, 12, 16, 17, 20, 1, 9, 24, 13, 2, 26, 27, 8, 6, 19, 22, 32, 5, 21, 30, 7, 25, 29, 28, 10, 11, 14, 23, 18, 15, 31 ]
];
edge2`DownstairsFilename := "32S9-4,2,8-g3-3217295790.m";
Append(~s`Edges, edge2);
edge3 := TwoEdgeInitialize();
edge3`Blocks := {@ PowerSet(IntegerRing()) |
{ IntegerRing() | 1, 5 },
{ IntegerRing() | 2, 11 },
{ IntegerRing() | 3, 16 },
{ IntegerRing() | 4, 21 },
{ IntegerRing() | 6, 23 },
{ IntegerRing() | 7, 24 },
{ IntegerRing() | 8, 25 },
{ IntegerRing() | 9, 36 },
{ IntegerRing() | 10, 38 },
{ IntegerRing() | 12, 40 },
{ IntegerRing() | 13, 41 },
{ IntegerRing() | 14, 46 },
{ IntegerRing() | 15, 49 },
{ IntegerRing() | 17, 50 },
{ IntegerRing() | 18, 51 },
{ IntegerRing() | 19, 53 },
{ IntegerRing() | 20, 34 },
{ IntegerRing() | 22, 55 },
{ IntegerRing() | 26, 56 },
{ IntegerRing() | 27, 57 },
{ IntegerRing() | 28, 58 },
{ IntegerRing() | 29, 59 },
{ IntegerRing() | 30, 45 },
{ IntegerRing() | 31, 60 },
{ IntegerRing() | 32, 54 },
{ IntegerRing() | 33, 61 },
{ IntegerRing() | 35, 63 },
{ IntegerRing() | 37, 52 },
{ IntegerRing() | 39, 64 },
{ IntegerRing() | 42, 48 },
{ IntegerRing() | 43, 47 },
{ IntegerRing() | 44, 62 }
@};
edge3`UpstairsTriple := [ PermutationGroup<64 |  
\[ 2, 3, 4, 5, 6, 7, 8, 9, 10, 11, 12, 13, 14, 15, 16, 17, 18, 19, 20, 21, 22, 23, 24, 25, 26, 27, 28, 29, 30, 31, 32, 33, 34, 35, 36, 37, 38, 39, 40, 41, 42, 43, 44, 45, 46, 47, 48, 49, 50, 51, 52, 53, 54, 55, 56, 57, 58, 59, 60, 61, 62, 63, 64, 1 ],
\[ 2, 1, 3, 4, 5, 6, 7, 8, 9, 10, 11, 12, 13, 14, 15, 16, 17, 18, 19, 20, 21, 22, 23, 24, 25, 26, 27, 28, 29, 30, 31, 32, 33, 34, 35, 36, 37, 38, 39, 40, 41, 42, 43, 44, 45, 46, 47, 48, 49, 50, 51, 52, 53, 54, 55, 56, 57, 58, 59, 60, 61, 62, 63, 64 ]:
 Order := 126886932185884164103433389335161480802865516174545192198801894375214704230400000000000000 > |
[ 2, 9, 8, 19, 11, 1, 29, 27, 6, 13, 36, 42, 4, 18, 47, 25, 3, 39, 10, 49, 53, 14, 5, 59, 57, 28, 17, 12, 35, 52, 7, 34, 62, 15, 31, 23, 61, 41, 22, 48, 21, 26, 54, 45, 37, 51, 32, 56, 43, 16, 64, 33, 38, 20, 46, 58, 50, 40, 63, 24, 44, 30, 60, 55 ],
[ 3, 10, 14, 6, 16, 26, 1, 32, 35, 18, 38, 2, 44, 7, 17, 46, 30, 12, 43, 13, 23, 4, 56, 5, 54, 22, 9, 37, 33, 31, 15, 29, 8, 41, 39, 63, 19, 51, 27, 11, 62, 20, 28, 42, 60, 24, 58, 34, 50, 45, 40, 53, 47, 59, 21, 55, 36, 52, 61, 49, 25, 48, 64, 57 ],
[ 4, 7, 15, 20, 21, 27, 30, 1, 12, 37, 24, 43, 2, 26, 48, 49, 39, 3, 22, 25, 34, 35, 57, 45, 5, 44, 33, 6, 14, 41, 9, 53, 58, 8, 32, 40, 50, 52, 10, 47, 11, 18, 60, 59, 13, 56, 31, 51, 42, 64, 16, 17, 55, 19, 63, 62, 61, 23, 46, 36, 28, 29, 54, 38 ]
];
edge3`UpstairsFilename := "64S8-4,4,8-g13-458149809.m";
edge3`DownstairsTriple := [ PermutationGroup<32 |  
\[ 2, 3, 4, 5, 6, 7, 8, 9, 10, 11, 12, 13, 14, 15, 16, 17, 18, 19, 20, 21, 22, 23, 24, 25, 26, 27, 28, 29, 30, 31, 32, 1 ],
\[ 2, 1, 3, 4, 5, 6, 7, 8, 9, 10, 11, 12, 13, 14, 15, 16, 17, 18, 19, 20, 21, 22, 23, 24, 25, 26, 27, 28, 29, 30, 31, 32 ]:
 Order := 263130836933693530167218012160000000 > |
[ 11, 27, 8, 22, 2, 5, 14, 28, 18, 13, 9, 29, 20, 21, 30, 7, 10, 1, 15, 17, 16, 12, 31, 3, 19, 32, 6, 24, 4, 25, 26, 23 ],
[ 3, 10, 5, 18, 7, 4, 1, 25, 21, 11, 12, 2, 19, 26, 24, 15, 31, 20, 29, 6, 27, 30, 16, 23, 14, 8, 28, 9, 32, 17, 22, 13 ],
[ 4, 3, 15, 19, 20, 21, 23, 1, 10, 30, 7, 31, 2, 5, 13, 9, 18, 28, 8, 32, 25, 6, 29, 27, 22, 17, 12, 26, 11, 16, 24, 14 ]
];
edge3`DownstairsFilename := "32S6-4,4,4-g5-1560282986.m";
Append(~s`Edges, edge3);

/*
Return for eval
*/

return s;
