s := TwoDBInitialize();

/*
Magma printing
*/

s`Name := "64S8-4,8,4-g13-518626278";
s`Filename := "64S8-4,8,4-g13-518626278.m";
s`Degree := 64;
s`Orders := \[ 4, 8, 4 ];
s`Geometry := "Hyperbolic";
s`Genus := 13;
s`Level := 6;
s`PermutationTriple := [ PermutationGroup<64 |  
\[ 2, 3, 4, 5, 6, 7, 8, 9, 10, 11, 12, 13, 14, 15, 16, 17, 18, 19, 20, 21, 22, 23, 24, 25, 26, 27, 28, 29, 30, 31, 32, 33, 34, 35, 36, 37, 38, 39, 40, 41, 42, 43, 44, 45, 46, 47, 48, 49, 50, 51, 52, 53, 54, 55, 56, 57, 58, 59, 60, 61, 62, 63, 64, 1 ],
\[ 2, 1, 3, 4, 5, 6, 7, 8, 9, 10, 11, 12, 13, 14, 15, 16, 17, 18, 19, 20, 21, 22, 23, 24, 25, 26, 27, 28, 29, 30, 31, 32, 33, 34, 35, 36, 37, 38, 39, 40, 41, 42, 43, 44, 45, 46, 47, 48, 49, 50, 51, 52, 53, 54, 55, 56, 57, 58, 59, 60, 61, 62, 63, 64 ]:
 Order := 126886932185884164103433389335161480802865516174545192198801894375214704230400000000000000 > |
[ 12, 37, 8, 35, 2, 5, 44, 49, 21, 14, 26, 9, 18, 57, 32, 19, 41, 15, 43, 63, 1, 29, 20, 23, 47, 28, 10, 30, 64, 11, 50, 13, 22, 16, 39, 3, 6, 42, 59, 51, 25, 40, 34, 62, 48, 7, 17, 53, 36, 58, 38, 45, 52, 56, 60, 55, 27, 61, 4, 54, 31, 46, 24, 33 ],
[ 3, 10, 16, 21, 18, 26, 1, 33, 35, 19, 5, 42, 2, 52, 53, 14, 36, 56, 39, 60, 44, 59, 6, 31, 4, 34, 37, 48, 46, 17, 7, 58, 51, 8, 43, 12, 20, 9, 29, 22, 27, 55, 28, 54, 30, 50, 11, 32, 41, 13, 61, 24, 57, 15, 63, 40, 25, 38, 47, 62, 23, 64, 45, 49 ],
[ 4, 11, 17, 22, 23, 27, 29, 1, 36, 41, 45, 7, 48, 2, 5, 26, 59, 50, 3, 61, 38, 8, 52, 55, 49, 47, 53, 6, 40, 43, 51, 54, 62, 35, 25, 64, 13, 33, 9, 12, 30, 58, 10, 31, 14, 60, 57, 63, 34, 24, 56, 15, 28, 20, 18, 44, 16, 46, 19, 42, 32, 21, 37, 39 ]
];
s`MonodromyGroup := PermutationGroup<64 |  
\[ 12, 37, 8, 35, 2, 5, 44, 49, 21, 14, 26, 9, 18, 57, 32, 19, 41, 15, 43, 63, 1, 29, 20, 23, 47, 28, 10, 30, 64, 11, 50, 13, 22, 16, 39, 3, 6, 42, 59, 51, 25, 40, 34, 62, 48, 7, 17, 53, 36, 58, 38, 45, 52, 56, 60, 55, 27, 61, 4, 54, 31, 46, 24, 33 ],
\[ 3, 10, 16, 21, 18, 26, 1, 33, 35, 19, 5, 42, 2, 52, 53, 14, 36, 56, 39, 60, 44, 59, 6, 31, 4, 34, 37, 48, 46, 17, 7, 58, 51, 8, 43, 12, 20, 9, 29, 22, 27, 55, 28, 54, 30, 50, 11, 32, 41, 13, 61, 24, 57, 15, 63, 40, 25, 38, 47, 62, 23, 64, 45, 49 ],
\[ 4, 11, 17, 22, 23, 27, 29, 1, 36, 41, 45, 7, 48, 2, 5, 26, 59, 50, 3, 61, 38, 8, 52, 55, 49, 47, 53, 6, 40, 43, 51, 54, 62, 35, 25, 64, 13, 33, 9, 12, 30, 58, 10, 31, 14, 60, 57, 63, 34, 24, 56, 15, 28, 20, 18, 44, 16, 46, 19, 42, 32, 21, 37, 39 ] >;

/*
Edge printing
*/

s`Edges := [];
edge1 := TwoEdgeInitialize();
edge1`Blocks := {@ PowerSet(IntegerRing()) |
{ IntegerRing() | 1, 5 },
{ IntegerRing() | 2, 12 },
{ IntegerRing() | 3, 18 },
{ IntegerRing() | 4, 23 },
{ IntegerRing() | 6, 21 },
{ IntegerRing() | 7, 11 },
{ IntegerRing() | 8, 15 },
{ IntegerRing() | 9, 37 },
{ IntegerRing() | 10, 42 },
{ IntegerRing() | 13, 36 },
{ IntegerRing() | 14, 40 },
{ IntegerRing() | 16, 56 },
{ IntegerRing() | 17, 50 },
{ IntegerRing() | 19, 55 },
{ IntegerRing() | 20, 35 },
{ IntegerRing() | 22, 52 },
{ IntegerRing() | 24, 59 },
{ IntegerRing() | 25, 61 },
{ IntegerRing() | 26, 44 },
{ IntegerRing() | 27, 38 },
{ IntegerRing() | 28, 62 },
{ IntegerRing() | 29, 45 },
{ IntegerRing() | 30, 46 },
{ IntegerRing() | 31, 47 },
{ IntegerRing() | 32, 49 },
{ IntegerRing() | 33, 53 },
{ IntegerRing() | 34, 54 },
{ IntegerRing() | 39, 63 },
{ IntegerRing() | 41, 58 },
{ IntegerRing() | 43, 60 },
{ IntegerRing() | 48, 64 },
{ IntegerRing() | 51, 57 }
@};
edge1`UpstairsTriple := [ PermutationGroup<64 |  
\[ 2, 3, 4, 5, 6, 7, 8, 9, 10, 11, 12, 13, 14, 15, 16, 17, 18, 19, 20, 21, 22, 23, 24, 25, 26, 27, 28, 29, 30, 31, 32, 33, 34, 35, 36, 37, 38, 39, 40, 41, 42, 43, 44, 45, 46, 47, 48, 49, 50, 51, 52, 53, 54, 55, 56, 57, 58, 59, 60, 61, 62, 63, 64, 1 ],
\[ 2, 1, 3, 4, 5, 6, 7, 8, 9, 10, 11, 12, 13, 14, 15, 16, 17, 18, 19, 20, 21, 22, 23, 24, 25, 26, 27, 28, 29, 30, 31, 32, 33, 34, 35, 36, 37, 38, 39, 40, 41, 42, 43, 44, 45, 46, 47, 48, 49, 50, 51, 52, 53, 54, 55, 56, 57, 58, 59, 60, 61, 62, 63, 64 ]:
 Order := 126886932185884164103433389335161480802865516174545192198801894375214704230400000000000000 > |
[ 12, 37, 8, 35, 2, 5, 44, 49, 21, 14, 26, 9, 18, 57, 32, 19, 41, 15, 43, 63, 1, 29, 20, 23, 47, 28, 10, 30, 64, 11, 50, 13, 22, 16, 39, 3, 6, 42, 59, 51, 25, 40, 34, 62, 48, 7, 17, 53, 36, 58, 38, 45, 52, 56, 60, 55, 27, 61, 4, 54, 31, 46, 24, 33 ],
[ 3, 10, 16, 21, 18, 26, 1, 33, 35, 19, 5, 42, 2, 52, 53, 14, 36, 56, 39, 60, 44, 59, 6, 31, 4, 34, 37, 48, 46, 17, 7, 58, 51, 8, 43, 12, 20, 9, 29, 22, 27, 55, 28, 54, 30, 50, 11, 32, 41, 13, 61, 24, 57, 15, 63, 40, 25, 38, 47, 62, 23, 64, 45, 49 ],
[ 4, 11, 17, 22, 23, 27, 29, 1, 36, 41, 45, 7, 48, 2, 5, 26, 59, 50, 3, 61, 38, 8, 52, 55, 49, 47, 53, 6, 40, 43, 51, 54, 62, 35, 25, 64, 13, 33, 9, 12, 30, 58, 10, 31, 14, 60, 57, 63, 34, 24, 56, 15, 28, 20, 18, 44, 16, 46, 19, 42, 32, 21, 37, 39 ]
];
edge1`UpstairsFilename := "64S8-4,8,4-g13-518626278.m";
edge1`DownstairsTriple := [ PermutationGroup<32 |  
\[ 2, 3, 4, 5, 6, 7, 8, 9, 10, 11, 12, 13, 14, 15, 16, 17, 18, 19, 20, 21, 22, 23, 24, 25, 26, 27, 28, 29, 30, 31, 32, 1 ],
\[ 2, 1, 3, 4, 5, 6, 7, 8, 9, 10, 11, 12, 13, 14, 15, 16, 17, 18, 19, 20, 21, 22, 23, 24, 25, 26, 27, 28, 29, 30, 31, 32 ]:
 Order := 263130836933693530167218012160000000 > |
[ 12, 29, 8, 26, 2, 5, 32, 18, 19, 7, 21, 9, 16, 17, 31, 4, 30, 28, 1, 25, 23, 10, 24, 11, 15, 13, 14, 3, 6, 27, 20, 22 ],
[ 3, 10, 14, 19, 16, 21, 1, 6, 26, 15, 5, 24, 2, 11, 28, 25, 13, 31, 32, 4, 20, 29, 9, 17, 7, 30, 8, 12, 18, 22, 23, 27 ],
[ 4, 11, 15, 5, 8, 22, 2, 1, 28, 30, 12, 7, 9, 32, 16, 17, 3, 27, 23, 18, 14, 19, 6, 31, 21, 20, 26, 29, 13, 24, 10, 25 ]
];
edge1`DownstairsFilename := "32S11-4,8,4-g7-1817945556.m";
Append(~s`Edges, edge1);
edge2 := TwoEdgeInitialize();
edge2`Blocks := {@ PowerSet(IntegerRing()) |
{ IntegerRing() | 1, 5 },
{ IntegerRing() | 2, 12 },
{ IntegerRing() | 3, 16 },
{ IntegerRing() | 4, 8 },
{ IntegerRing() | 6, 19 },
{ IntegerRing() | 7, 11 },
{ IntegerRing() | 9, 29 },
{ IntegerRing() | 10, 24 },
{ IntegerRing() | 13, 28 },
{ IntegerRing() | 14, 37 },
{ IntegerRing() | 15, 17 },
{ IntegerRing() | 18, 26 },
{ IntegerRing() | 20, 27 },
{ IntegerRing() | 21, 33 },
{ IntegerRing() | 22, 23 },
{ IntegerRing() | 25, 34 },
{ IntegerRing() | 30, 44 },
{ IntegerRing() | 31, 32 },
{ IntegerRing() | 35, 53 },
{ IntegerRing() | 36, 38 },
{ IntegerRing() | 39, 41 },
{ IntegerRing() | 40, 42 },
{ IntegerRing() | 43, 45 },
{ IntegerRing() | 46, 48 },
{ IntegerRing() | 47, 60 },
{ IntegerRing() | 49, 50 },
{ IntegerRing() | 51, 64 },
{ IntegerRing() | 52, 54 },
{ IntegerRing() | 55, 57 },
{ IntegerRing() | 56, 58 },
{ IntegerRing() | 59, 61 },
{ IntegerRing() | 62, 63 }
@};
edge2`UpstairsTriple := [ PermutationGroup<64 |  
\[ 2, 3, 4, 5, 6, 7, 8, 9, 10, 11, 12, 13, 14, 15, 16, 17, 18, 19, 20, 21, 22, 23, 24, 25, 26, 27, 28, 29, 30, 31, 32, 33, 34, 35, 36, 37, 38, 39, 40, 41, 42, 43, 44, 45, 46, 47, 48, 49, 50, 51, 52, 53, 54, 55, 56, 57, 58, 59, 60, 61, 62, 63, 64, 1 ],
\[ 2, 1, 3, 4, 5, 6, 7, 8, 9, 10, 11, 12, 13, 14, 15, 16, 17, 18, 19, 20, 21, 22, 23, 24, 25, 26, 27, 28, 29, 30, 31, 32, 33, 34, 35, 36, 37, 38, 39, 40, 41, 42, 43, 44, 45, 46, 47, 48, 49, 50, 51, 52, 53, 54, 55, 56, 57, 58, 59, 60, 61, 62, 63, 64 ]:
 Order := 126886932185884164103433389335161480802865516174545192198801894375214704230400000000000000 > |
[ 12, 29, 8, 26, 2, 5, 33, 18, 19, 7, 21, 9, 16, 17, 41, 4, 39, 28, 1, 37, 23, 10, 24, 11, 30, 13, 14, 3, 6, 32, 45, 43, 22, 44, 38, 57, 15, 55, 27, 53, 20, 35, 25, 31, 34, 59, 48, 61, 60, 47, 54, 63, 36, 62, 42, 64, 40, 51, 49, 46, 50, 58, 56, 52 ],
[ 3, 10, 14, 19, 16, 21, 1, 6, 26, 30, 5, 24, 2, 35, 28, 37, 13, 41, 33, 4, 43, 29, 9, 44, 7, 39, 8, 12, 18, 47, 22, 23, 45, 11, 51, 27, 53, 20, 57, 15, 55, 17, 59, 60, 61, 25, 52, 34, 31, 32, 46, 42, 64, 40, 63, 36, 62, 38, 56, 54, 58, 50, 49, 48 ],
[ 4, 11, 15, 5, 8, 22, 2, 1, 28, 31, 12, 7, 9, 36, 16, 17, 3, 27, 23, 18, 34, 19, 6, 32, 21, 20, 26, 29, 13, 46, 24, 10, 25, 33, 52, 37, 38, 14, 42, 39, 40, 41, 50, 48, 49, 44, 62, 30, 43, 45, 61, 53, 54, 35, 58, 55, 56, 57, 51, 63, 64, 60, 47, 59 ]
];
edge2`UpstairsFilename := "64S8-4,8,4-g13-99320843.m";
edge2`DownstairsTriple := [ PermutationGroup<32 |  
\[ 2, 3, 4, 5, 6, 7, 8, 9, 10, 11, 12, 13, 14, 15, 16, 17, 18, 19, 20, 21, 22, 23, 24, 25, 26, 27, 28, 29, 30, 31, 32, 1 ],
\[ 2, 1, 3, 4, 5, 6, 7, 8, 9, 10, 11, 12, 13, 14, 15, 16, 17, 18, 19, 20, 21, 22, 23, 24, 25, 26, 27, 28, 29, 30, 31, 32 ]:
 Order := 263130836933693530167218012160000000 > |
[ 2, 8, 4, 15, 10, 1, 20, 6, 7, 23, 3, 13, 29, 16, 11, 30, 12, 5, 28, 21, 9, 24, 18, 25, 31, 19, 14, 32, 17, 27, 22, 26 ],
[ 3, 9, 12, 6, 14, 20, 1, 15, 24, 26, 2, 19, 11, 22, 29, 18, 4, 28, 5, 31, 8, 7, 30, 27, 21, 13, 10, 17, 32, 25, 16, 23 ],
[ 4, 7, 13, 1, 16, 21, 2, 11, 25, 19, 8, 28, 3, 24, 17, 5, 15, 32, 10, 22, 6, 20, 27, 14, 9, 29, 23, 12, 26, 31, 30, 18 ]
];
edge2`DownstairsFilename := "32S9-4,8,2-g3-2380825751.m";
Append(~s`Edges, edge2);
edge3 := TwoEdgeInitialize();
edge3`Blocks := {@ PowerSet(IntegerRing()) |
{ IntegerRing() | 1, 5 },
{ IntegerRing() | 2, 11 },
{ IntegerRing() | 3, 16 },
{ IntegerRing() | 4, 20 },
{ IntegerRing() | 6, 23 },
{ IntegerRing() | 7, 24 },
{ IntegerRing() | 8, 25 },
{ IntegerRing() | 9, 35 },
{ IntegerRing() | 10, 39 },
{ IntegerRing() | 12, 41 },
{ IntegerRing() | 13, 42 },
{ IntegerRing() | 14, 31 },
{ IntegerRing() | 15, 37 },
{ IntegerRing() | 17, 50 },
{ IntegerRing() | 18, 53 },
{ IntegerRing() | 19, 54 },
{ IntegerRing() | 21, 55 },
{ IntegerRing() | 22, 56 },
{ IntegerRing() | 26, 47 },
{ IntegerRing() | 27, 57 },
{ IntegerRing() | 28, 58 },
{ IntegerRing() | 29, 59 },
{ IntegerRing() | 30, 52 },
{ IntegerRing() | 32, 60 },
{ IntegerRing() | 33, 61 },
{ IntegerRing() | 34, 62 },
{ IntegerRing() | 36, 63 },
{ IntegerRing() | 38, 51 },
{ IntegerRing() | 40, 48 },
{ IntegerRing() | 43, 64 },
{ IntegerRing() | 44, 46 },
{ IntegerRing() | 45, 49 }
@};
edge3`UpstairsTriple := [ PermutationGroup<64 |  
\[ 2, 3, 4, 5, 6, 7, 8, 9, 10, 11, 12, 13, 14, 15, 16, 17, 18, 19, 20, 21, 22, 23, 24, 25, 26, 27, 28, 29, 30, 31, 32, 33, 34, 35, 36, 37, 38, 39, 40, 41, 42, 43, 44, 45, 46, 47, 48, 49, 50, 51, 52, 53, 54, 55, 56, 57, 58, 59, 60, 61, 62, 63, 64, 1 ],
\[ 2, 1, 3, 4, 5, 6, 7, 8, 9, 10, 11, 12, 13, 14, 15, 16, 17, 18, 19, 20, 21, 22, 23, 24, 25, 26, 27, 28, 29, 30, 31, 32, 33, 34, 35, 36, 37, 38, 39, 40, 41, 42, 43, 44, 45, 46, 47, 48, 49, 50, 51, 52, 53, 54, 55, 56, 57, 58, 59, 60, 61, 62, 63, 64 ]:
 Order := 126886932185884164103433389335161480802865516174545192198801894375214704230400000000000000 > |
[ 2, 9, 8, 18, 11, 1, 26, 32, 6, 13, 35, 3, 44, 17, 48, 25, 51, 36, 29, 53, 4, 49, 5, 47, 60, 28, 10, 30, 43, 7, 50, 12, 19, 14, 23, 21, 40, 62, 42, 56, 16, 46, 33, 27, 37, 57, 58, 22, 15, 38, 34, 24, 63, 59, 20, 45, 39, 52, 64, 41, 54, 31, 55, 61 ],
[ 3, 10, 14, 6, 16, 26, 1, 33, 18, 37, 39, 2, 19, 24, 12, 31, 36, 51, 21, 23, 49, 4, 47, 5, 61, 56, 9, 43, 30, 50, 7, 48, 44, 8, 53, 29, 41, 27, 15, 28, 11, 54, 32, 62, 13, 34, 22, 58, 42, 63, 57, 17, 38, 55, 45, 20, 35, 64, 52, 40, 46, 25, 59, 60 ],
[ 4, 7, 15, 19, 20, 27, 29, 1, 12, 38, 24, 43, 2, 46, 21, 37, 3, 22, 8, 54, 17, 32, 57, 59, 5, 31, 33, 6, 13, 40, 44, 34, 28, 18, 41, 9, 55, 30, 51, 10, 64, 11, 36, 45, 26, 49, 14, 39, 47, 16, 52, 48, 56, 25, 50, 60, 61, 23, 42, 62, 58, 53, 35, 63 ]
];
edge3`UpstairsFilename := "64S8-4,8,4-g13-4119310365.m";
edge3`DownstairsTriple := [ PermutationGroup<32 |  
\[ 2, 3, 4, 5, 6, 7, 8, 9, 10, 11, 12, 13, 14, 15, 16, 17, 18, 19, 20, 21, 22, 23, 24, 25, 26, 27, 28, 29, 30, 31, 32, 1 ],
\[ 2, 1, 3, 4, 5, 6, 7, 8, 9, 10, 11, 12, 13, 14, 15, 16, 17, 18, 19, 20, 21, 22, 23, 24, 25, 26, 27, 28, 29, 30, 31, 32 ]:
 Order := 263130836933693530167218012160000000 > |
[ 12, 28, 8, 25, 2, 5, 31, 18, 19, 7, 21, 9, 16, 17, 29, 4, 30, 27, 1, 32, 23, 10, 24, 11, 13, 14, 3, 6, 20, 26, 22, 15 ],
[ 3, 10, 14, 19, 16, 21, 1, 6, 25, 17, 5, 24, 2, 7, 27, 32, 13, 29, 31, 4, 26, 28, 9, 15, 30, 8, 12, 18, 22, 23, 20, 11 ],
[ 4, 11, 15, 5, 8, 22, 2, 1, 27, 29, 12, 7, 9, 21, 16, 17, 3, 26, 23, 18, 32, 19, 6, 30, 20, 25, 28, 13, 24, 10, 14, 31 ]
];
edge3`DownstairsFilename := "32S6-4,4,4-g5-3544149469.m";
Append(~s`Edges, edge3);

/*
Return for eval
*/

return s;
