s := TwoDBInitialize();

/*
Magma printing
*/

s`Name := "64S8-4,4,8-g13-3329752828";
s`Filename := "64S8-4,4,8-g13-3329752828.m";
s`Degree := 64;
s`Orders := \[ 4, 4, 8 ];
s`Geometry := "Hyperbolic";
s`Genus := 13;
s`Level := 6;
s`PermutationTriple := [ PermutationGroup<64 |  
\[ 2, 3, 4, 5, 6, 7, 8, 9, 10, 11, 12, 13, 14, 15, 16, 17, 18, 19, 20, 21, 22, 23, 24, 25, 26, 27, 28, 29, 30, 31, 32, 33, 34, 35, 36, 37, 38, 39, 40, 41, 42, 43, 44, 45, 46, 47, 48, 49, 50, 51, 52, 53, 54, 55, 56, 57, 58, 59, 60, 61, 62, 63, 64, 1 ],
\[ 2, 1, 3, 4, 5, 6, 7, 8, 9, 10, 11, 12, 13, 14, 15, 16, 17, 18, 19, 20, 21, 22, 23, 24, 25, 26, 27, 28, 29, 30, 31, 32, 33, 34, 35, 36, 37, 38, 39, 40, 41, 42, 43, 44, 45, 46, 47, 48, 49, 50, 51, 52, 53, 54, 55, 56, 57, 58, 59, 60, 61, 62, 63, 64 ]:
 Order := 126886932185884164103433389335161480802865516174545192198801894375214704230400000000000000 > |
[ 12, 37, 8, 50, 2, 5, 46, 35, 22, 14, 29, 9, 25, 26, 32, 20, 52, 15, 18, 63, 13, 1, 47, 21, 24, 28, 31, 10, 27, 34, 11, 19, 42, 53, 39, 49, 6, 48, 3, 51, 45, 17, 40, 43, 56, 38, 55, 7, 4, 36, 44, 33, 62, 59, 60, 61, 54, 57, 58, 23, 41, 30, 64, 16 ],
[ 3, 10, 16, 22, 18, 26, 1, 30, 35, 41, 5, 43, 2, 34, 47, 7, 39, 45, 60, 4, 52, 51, 49, 6, 42, 56, 37, 62, 58, 48, 54, 61, 8, 21, 63, 12, 32, 9, 53, 55, 13, 28, 64, 23, 11, 17, 31, 33, 59, 57, 20, 14, 46, 15, 50, 24, 40, 19, 44, 29, 27, 25, 38, 36 ],
[ 4, 11, 17, 23, 24, 27, 30, 1, 36, 42, 47, 7, 34, 2, 5, 43, 25, 58, 37, 3, 56, 38, 19, 62, 41, 52, 60, 6, 45, 28, 61, 54, 21, 8, 33, 55, 13, 53, 9, 12, 32, 48, 59, 22, 10, 16, 44, 63, 64, 20, 57, 46, 14, 50, 15, 18, 29, 49, 31, 40, 26, 39, 51, 35 ]
];
s`MonodromyGroup := PermutationGroup<64 |  
\[ 12, 37, 8, 50, 2, 5, 46, 35, 22, 14, 29, 9, 25, 26, 32, 20, 52, 15, 18, 63, 13, 1, 47, 21, 24, 28, 31, 10, 27, 34, 11, 19, 42, 53, 39, 49, 6, 48, 3, 51, 45, 17, 40, 43, 56, 38, 55, 7, 4, 36, 44, 33, 62, 59, 60, 61, 54, 57, 58, 23, 41, 30, 64, 16 ],
\[ 3, 10, 16, 22, 18, 26, 1, 30, 35, 41, 5, 43, 2, 34, 47, 7, 39, 45, 60, 4, 52, 51, 49, 6, 42, 56, 37, 62, 58, 48, 54, 61, 8, 21, 63, 12, 32, 9, 53, 55, 13, 28, 64, 23, 11, 17, 31, 33, 59, 57, 20, 14, 46, 15, 50, 24, 40, 19, 44, 29, 27, 25, 38, 36 ],
\[ 4, 11, 17, 23, 24, 27, 30, 1, 36, 42, 47, 7, 34, 2, 5, 43, 25, 58, 37, 3, 56, 38, 19, 62, 41, 52, 60, 6, 45, 28, 61, 54, 21, 8, 33, 55, 13, 53, 9, 12, 32, 48, 59, 22, 10, 16, 44, 63, 64, 20, 57, 46, 14, 50, 15, 18, 29, 49, 31, 40, 26, 39, 51, 35 ] >;

/*
Edge printing
*/

s`Edges := [];
edge1 := TwoEdgeInitialize();
edge1`Blocks := {@ PowerSet(IntegerRing()) |
{ IntegerRing() | 1, 5 },
{ IntegerRing() | 2, 12 },
{ IntegerRing() | 3, 18 },
{ IntegerRing() | 4, 24 },
{ IntegerRing() | 6, 22 },
{ IntegerRing() | 7, 11 },
{ IntegerRing() | 8, 15 },
{ IntegerRing() | 9, 37 },
{ IntegerRing() | 10, 43 },
{ IntegerRing() | 13, 36 },
{ IntegerRing() | 14, 40 },
{ IntegerRing() | 16, 45 },
{ IntegerRing() | 17, 58 },
{ IntegerRing() | 19, 39 },
{ IntegerRing() | 20, 56 },
{ IntegerRing() | 21, 50 },
{ IntegerRing() | 23, 62 },
{ IntegerRing() | 25, 49 },
{ IntegerRing() | 26, 51 },
{ IntegerRing() | 27, 38 },
{ IntegerRing() | 28, 44 },
{ IntegerRing() | 29, 46 },
{ IntegerRing() | 30, 47 },
{ IntegerRing() | 31, 48 },
{ IntegerRing() | 32, 35 },
{ IntegerRing() | 33, 54 },
{ IntegerRing() | 34, 55 },
{ IntegerRing() | 41, 64 },
{ IntegerRing() | 42, 59 },
{ IntegerRing() | 52, 57 },
{ IntegerRing() | 53, 60 },
{ IntegerRing() | 61, 63 }
@};
edge1`UpstairsTriple := [ PermutationGroup<64 |  
\[ 2, 3, 4, 5, 6, 7, 8, 9, 10, 11, 12, 13, 14, 15, 16, 17, 18, 19, 20, 21, 22, 23, 24, 25, 26, 27, 28, 29, 30, 31, 32, 33, 34, 35, 36, 37, 38, 39, 40, 41, 42, 43, 44, 45, 46, 47, 48, 49, 50, 51, 52, 53, 54, 55, 56, 57, 58, 59, 60, 61, 62, 63, 64, 1 ],
\[ 2, 1, 3, 4, 5, 6, 7, 8, 9, 10, 11, 12, 13, 14, 15, 16, 17, 18, 19, 20, 21, 22, 23, 24, 25, 26, 27, 28, 29, 30, 31, 32, 33, 34, 35, 36, 37, 38, 39, 40, 41, 42, 43, 44, 45, 46, 47, 48, 49, 50, 51, 52, 53, 54, 55, 56, 57, 58, 59, 60, 61, 62, 63, 64 ]:
 Order := 126886932185884164103433389335161480802865516174545192198801894375214704230400000000000000 > |
[ 12, 37, 8, 50, 2, 5, 46, 35, 22, 14, 29, 9, 25, 26, 32, 20, 52, 15, 18, 63, 13, 1, 47, 21, 24, 28, 31, 10, 27, 34, 11, 19, 42, 53, 39, 49, 6, 48, 3, 51, 45, 17, 40, 43, 56, 38, 55, 7, 4, 36, 44, 33, 62, 59, 60, 61, 54, 57, 58, 23, 41, 30, 64, 16 ],
[ 3, 10, 16, 22, 18, 26, 1, 30, 35, 41, 5, 43, 2, 34, 47, 7, 39, 45, 60, 4, 52, 51, 49, 6, 42, 56, 37, 62, 58, 48, 54, 61, 8, 21, 63, 12, 32, 9, 53, 55, 13, 28, 64, 23, 11, 17, 31, 33, 59, 57, 20, 14, 46, 15, 50, 24, 40, 19, 44, 29, 27, 25, 38, 36 ],
[ 4, 11, 17, 23, 24, 27, 30, 1, 36, 42, 47, 7, 34, 2, 5, 43, 25, 58, 37, 3, 56, 38, 19, 62, 41, 52, 60, 6, 45, 28, 61, 54, 21, 8, 33, 55, 13, 53, 9, 12, 32, 48, 59, 22, 10, 16, 44, 63, 64, 20, 57, 46, 14, 50, 15, 18, 29, 49, 31, 40, 26, 39, 51, 35 ]
];
edge1`UpstairsFilename := "64S8-4,4,8-g13-3329752828.m";
edge1`DownstairsTriple := [ PermutationGroup<32 |  
\[ 2, 3, 4, 5, 6, 7, 8, 9, 10, 11, 12, 13, 14, 15, 16, 17, 18, 19, 20, 21, 22, 23, 24, 25, 26, 27, 28, 29, 30, 31, 32, 1 ],
\[ 2, 1, 3, 4, 5, 6, 7, 8, 9, 10, 11, 12, 13, 14, 15, 16, 17, 18, 19, 20, 21, 22, 23, 24, 25, 26, 27, 28, 29, 30, 31, 32 ]:
 Order := 263130836933693530167218012160000000 > |
[ 6, 1, 8, 20, 2, 5, 25, 15, 11, 23, 21, 3, 16, 28, 12, 29, 4, 24, 17, 19, 22, 9, 7, 27, 10, 31, 30, 26, 32, 18, 14, 13 ],
[ 3, 9, 13, 2, 15, 21, 1, 24, 16, 5, 18, 30, 7, 12, 29, 4, 31, 17, 6, 28, 32, 27, 26, 23, 14, 8, 20, 22, 10, 25, 11, 19 ],
[ 4, 10, 14, 18, 19, 7, 24, 1, 28, 30, 2, 5, 21, 17, 26, 3, 32, 12, 27, 16, 31, 6, 29, 11, 13, 20, 8, 25, 9, 22, 23, 15 ]
];
edge1`DownstairsFilename := "32S11-4,4,8-g7-1535475343.m";
Append(~s`Edges, edge1);
edge2 := TwoEdgeInitialize();
edge2`Blocks := {@ PowerSet(IntegerRing()) |
{ IntegerRing() | 1, 5 },
{ IntegerRing() | 2, 6 },
{ IntegerRing() | 3, 15 },
{ IntegerRing() | 4, 19 },
{ IntegerRing() | 7, 10 },
{ IntegerRing() | 8, 12 },
{ IntegerRing() | 9, 21 },
{ IntegerRing() | 11, 22 },
{ IntegerRing() | 13, 29 },
{ IntegerRing() | 14, 26 },
{ IntegerRing() | 16, 34 },
{ IntegerRing() | 17, 20 },
{ IntegerRing() | 18, 41 },
{ IntegerRing() | 23, 25 },
{ IntegerRing() | 24, 30 },
{ IntegerRing() | 27, 33 },
{ IntegerRing() | 28, 31 },
{ IntegerRing() | 32, 39 },
{ IntegerRing() | 35, 37 },
{ IntegerRing() | 36, 44 },
{ IntegerRing() | 38, 42 },
{ IntegerRing() | 40, 49 },
{ IntegerRing() | 43, 45 },
{ IntegerRing() | 46, 51 },
{ IntegerRing() | 47, 48 },
{ IntegerRing() | 50, 56 },
{ IntegerRing() | 52, 54 },
{ IntegerRing() | 53, 60 },
{ IntegerRing() | 55, 57 },
{ IntegerRing() | 58, 64 },
{ IntegerRing() | 59, 61 },
{ IntegerRing() | 62, 63 }
@};
edge2`UpstairsTriple := [ PermutationGroup<64 |  
\[ 2, 3, 4, 5, 6, 7, 8, 9, 10, 11, 12, 13, 14, 15, 16, 17, 18, 19, 20, 21, 22, 23, 24, 25, 26, 27, 28, 29, 30, 31, 32, 33, 34, 35, 36, 37, 38, 39, 40, 41, 42, 43, 44, 45, 46, 47, 48, 49, 50, 51, 52, 53, 54, 55, 56, 57, 58, 59, 60, 61, 62, 63, 64, 1 ],
\[ 2, 1, 3, 4, 5, 6, 7, 8, 9, 10, 11, 12, 13, 14, 15, 16, 17, 18, 19, 20, 21, 22, 23, 24, 25, 26, 27, 28, 29, 30, 31, 32, 33, 34, 35, 36, 37, 38, 39, 40, 41, 42, 43, 44, 45, 46, 47, 48, 49, 50, 51, 52, 53, 54, 55, 56, 57, 58, 59, 60, 61, 62, 63, 64 ]:
 Order := 126886932185884164103433389335161480802865516174545192198801894375214704230400000000000000 > |
[ 6, 1, 8, 20, 2, 5, 25, 15, 11, 23, 21, 3, 16, 37, 12, 29, 4, 32, 17, 19, 22, 9, 7, 27, 10, 35, 30, 42, 34, 33, 38, 41, 24, 13, 14, 51, 26, 28, 18, 55, 39, 31, 52, 46, 54, 36, 56, 50, 57, 47, 44, 45, 62, 43, 49, 48, 40, 59, 64, 63, 58, 60, 53, 61 ],
[ 3, 9, 13, 2, 15, 21, 1, 24, 16, 5, 18, 30, 7, 12, 29, 4, 31, 17, 6, 28, 34, 41, 26, 23, 14, 8, 44, 22, 10, 25, 11, 48, 36, 19, 43, 35, 45, 40, 47, 39, 20, 49, 33, 37, 27, 61, 38, 42, 32, 64, 59, 53, 46, 60, 62, 58, 63, 57, 54, 51, 52, 50, 56, 55 ],
[ 4, 10, 14, 18, 19, 7, 24, 1, 28, 30, 2, 5, 21, 36, 26, 3, 34, 40, 41, 16, 31, 6, 29, 43, 13, 44, 8, 47, 9, 45, 48, 11, 12, 15, 23, 53, 25, 17, 22, 58, 49, 20, 59, 60, 61, 27, 62, 63, 64, 32, 33, 35, 57, 37, 38, 39, 42, 46, 56, 55, 50, 52, 54, 51 ]
];
edge2`UpstairsFilename := "64S8-4,4,8-g13-274065759.m";
edge2`DownstairsTriple := [ PermutationGroup<32 |  
\[ 2, 3, 4, 5, 6, 7, 8, 9, 10, 11, 12, 13, 14, 15, 16, 17, 18, 19, 20, 21, 22, 23, 24, 25, 26, 27, 28, 29, 30, 31, 32, 1 ],
\[ 2, 1, 3, 4, 5, 6, 7, 8, 9, 10, 11, 12, 13, 14, 15, 16, 17, 18, 19, 20, 21, 22, 23, 24, 25, 26, 27, 28, 29, 30, 31, 32 ]:
 Order := 263130836933693530167218012160000000 > |
[ 2, 1, 7, 15, 9, 20, 3, 10, 5, 8, 14, 28, 19, 11, 4, 26, 29, 32, 13, 6, 22, 21, 30, 25, 24, 16, 31, 12, 17, 23, 27, 18 ],
[ 3, 8, 11, 2, 13, 1, 21, 14, 24, 16, 6, 7, 27, 4, 23, 15, 9, 5, 26, 12, 20, 29, 10, 31, 22, 32, 18, 25, 28, 19, 17, 30 ],
[ 4, 6, 12, 16, 17, 21, 1, 23, 18, 2, 8, 29, 30, 3, 14, 19, 22, 26, 5, 11, 25, 7, 32, 28, 9, 10, 24, 20, 31, 15, 13, 27 ]
];
edge2`DownstairsFilename := "32S9-2,4,8-g3-2127854366.m";
Append(~s`Edges, edge2);
edge3 := TwoEdgeInitialize();
edge3`Blocks := {@ PowerSet(IntegerRing()) |
{ IntegerRing() | 1, 5 },
{ IntegerRing() | 2, 11 },
{ IntegerRing() | 3, 16 },
{ IntegerRing() | 4, 21 },
{ IntegerRing() | 6, 23 },
{ IntegerRing() | 7, 24 },
{ IntegerRing() | 8, 25 },
{ IntegerRing() | 9, 35 },
{ IntegerRing() | 10, 38 },
{ IntegerRing() | 12, 39 },
{ IntegerRing() | 13, 40 },
{ IntegerRing() | 14, 44 },
{ IntegerRing() | 15, 47 },
{ IntegerRing() | 17, 49 },
{ IntegerRing() | 18, 50 },
{ IntegerRing() | 19, 46 },
{ IntegerRing() | 20, 34 },
{ IntegerRing() | 22, 55 },
{ IntegerRing() | 26, 57 },
{ IntegerRing() | 27, 58 },
{ IntegerRing() | 28, 59 },
{ IntegerRing() | 29, 60 },
{ IntegerRing() | 30, 43 },
{ IntegerRing() | 31, 61 },
{ IntegerRing() | 32, 62 },
{ IntegerRing() | 33, 56 },
{ IntegerRing() | 36, 63 },
{ IntegerRing() | 37, 45 },
{ IntegerRing() | 41, 52 },
{ IntegerRing() | 42, 48 },
{ IntegerRing() | 51, 54 },
{ IntegerRing() | 53, 64 }
@};
edge3`UpstairsTriple := [ PermutationGroup<64 |  
\[ 2, 3, 4, 5, 6, 7, 8, 9, 10, 11, 12, 13, 14, 15, 16, 17, 18, 19, 20, 21, 22, 23, 24, 25, 26, 27, 28, 29, 30, 31, 32, 33, 34, 35, 36, 37, 38, 39, 40, 41, 42, 43, 44, 45, 46, 47, 48, 49, 50, 51, 52, 53, 54, 55, 56, 57, 58, 59, 60, 61, 62, 63, 64, 1 ],
\[ 2, 1, 3, 4, 5, 6, 7, 8, 9, 10, 11, 12, 13, 14, 15, 16, 17, 18, 19, 20, 21, 22, 23, 24, 25, 26, 27, 28, 29, 30, 31, 32, 33, 34, 35, 36, 37, 38, 39, 40, 41, 42, 43, 44, 45, 46, 47, 48, 49, 50, 51, 52, 53, 54, 55, 56, 57, 58, 59, 60, 61, 62, 63, 64 ]:
 Order := 126886932185884164103433389335161480802865516174545192198801894375214704230400000000000000 > |
[ 2, 9, 8, 19, 11, 1, 29, 32, 6, 13, 35, 22, 26, 18, 45, 25, 3, 53, 12, 54, 46, 4, 5, 60, 62, 28, 31, 10, 27, 34, 7, 17, 48, 51, 23, 14, 56, 40, 55, 57, 43, 47, 20, 50, 33, 39, 37, 15, 16, 64, 52, 30, 36, 41, 21, 42, 59, 61, 38, 58, 24, 49, 44, 63 ],
[ 3, 10, 14, 6, 16, 26, 1, 30, 32, 36, 38, 2, 41, 7, 17, 44, 51, 4, 42, 22, 23, 37, 57, 5, 43, 18, 9, 20, 15, 31, 33, 53, 8, 55, 62, 12, 28, 63, 11, 52, 19, 13, 61, 24, 59, 48, 49, 40, 54, 21, 29, 46, 27, 60, 45, 25, 50, 35, 34, 47, 56, 64, 39, 58 ],
[ 4, 7, 15, 20, 21, 27, 30, 1, 12, 37, 24, 41, 2, 10, 46, 47, 9, 3, 18, 25, 34, 36, 58, 43, 5, 42, 51, 6, 14, 40, 53, 33, 55, 8, 39, 32, 60, 45, 52, 11, 49, 61, 13, 38, 29, 50, 19, 31, 35, 16, 59, 17, 26, 28, 63, 22, 48, 54, 23, 44, 64, 56, 62, 57 ]
];
edge3`UpstairsFilename := "64S8-4,4,8-g13-2868382485.m";
edge3`DownstairsTriple := [ PermutationGroup<32 |  
\[ 2, 3, 4, 5, 6, 7, 8, 9, 10, 11, 12, 13, 14, 15, 16, 17, 18, 19, 20, 21, 22, 23, 24, 25, 26, 27, 28, 29, 30, 31, 32, 1 ],
\[ 2, 1, 3, 4, 5, 6, 7, 8, 9, 10, 11, 12, 13, 14, 15, 16, 17, 18, 19, 20, 21, 22, 23, 24, 25, 26, 27, 28, 29, 30, 31, 32 ]:
 Order := 263130836933693530167218012160000000 > |
[ 6, 1, 8, 20, 2, 5, 25, 15, 11, 23, 21, 3, 16, 30, 12, 28, 4, 29, 17, 19, 22, 9, 7, 18, 10, 27, 14, 32, 31, 26, 24, 13 ],
[ 3, 9, 13, 2, 15, 21, 1, 24, 16, 5, 18, 29, 7, 12, 28, 4, 30, 17, 6, 27, 32, 31, 26, 23, 14, 8, 22, 10, 25, 11, 20, 19 ],
[ 4, 10, 14, 18, 19, 7, 24, 1, 27, 29, 2, 5, 21, 20, 26, 3, 32, 8, 31, 16, 30, 6, 28, 22, 13, 17, 23, 9, 11, 25, 12, 15 ]
];
edge3`DownstairsFilename := "32S6-4,4,4-g5-95305702.m";
Append(~s`Edges, edge3);

/*
Return for eval
*/

return s;
