s := TwoDBInitialize();

/*
Magma printing
*/

s`Name := "64S8-8,4,4-g13-1986574204";
s`Filename := "64S8-8,4,4-g13-1986574204.m";
s`Degree := 64;
s`Orders := \[ 8, 4, 4 ];
s`Geometry := "Hyperbolic";
s`Genus := 13;
s`Level := 6;
s`PermutationTriple := [ PermutationGroup<64 |  
\[ 2, 3, 4, 5, 6, 7, 8, 9, 10, 11, 12, 13, 14, 15, 16, 17, 18, 19, 20, 21, 22, 23, 24, 25, 26, 27, 28, 29, 30, 31, 32, 33, 34, 35, 36, 37, 38, 39, 40, 41, 42, 43, 44, 45, 46, 47, 48, 49, 50, 51, 52, 53, 54, 55, 56, 57, 58, 59, 60, 61, 62, 63, 64, 1 ],
\[ 2, 1, 3, 4, 5, 6, 7, 8, 9, 10, 11, 12, 13, 14, 15, 16, 17, 18, 19, 20, 21, 22, 23, 24, 25, 26, 27, 28, 29, 30, 31, 32, 33, 34, 35, 36, 37, 38, 39, 40, 41, 42, 43, 44, 45, 46, 47, 48, 49, 50, 51, 52, 53, 54, 55, 56, 57, 58, 59, 60, 61, 62, 63, 64 ]:
 Order := 126886932185884164103433389335161480802865516174545192198801894375214704230400000000000000 > |
[ 12, 36, 8, 57, 2, 5, 43, 50, 51, 14, 26, 9, 18, 63, 32, 19, 55, 15, 61, 35, 1, 30, 20, 23, 64, 29, 45, 21, 41, 58, 11, 37, 22, 16, 3, 33, 54, 47, 42, 25, 38, 34, 60, 28, 7, 53, 59, 44, 39, 62, 48, 46, 40, 4, 52, 49, 13, 6, 31, 10, 56, 24, 27, 17 ],
[ 3, 10, 16, 21, 18, 26, 1, 33, 32, 39, 5, 41, 2, 48, 51, 7, 35, 46, 37, 55, 43, 54, 6, 49, 4, 56, 58, 57, 9, 45, 53, 61, 47, 8, 12, 50, 30, 22, 13, 60, 17, 59, 25, 31, 19, 11, 34, 24, 14, 40, 63, 15, 62, 64, 27, 23, 42, 20, 28, 36, 29, 44, 52, 38 ],
[ 4, 11, 17, 22, 23, 27, 30, 1, 35, 40, 44, 7, 28, 2, 5, 47, 54, 39, 3, 56, 59, 8, 48, 53, 50, 46, 51, 62, 6, 38, 42, 52, 60, 57, 58, 13, 9, 12, 24, 31, 61, 10, 16, 14, 55, 63, 64, 15, 26, 34, 29, 20, 18, 19, 41, 32, 25, 37, 33, 21, 45, 36, 49, 43 ]
];
s`MonodromyGroup := PermutationGroup<64 |  
\[ 12, 36, 8, 57, 2, 5, 43, 50, 51, 14, 26, 9, 18, 63, 32, 19, 55, 15, 61, 35, 1, 30, 20, 23, 64, 29, 45, 21, 41, 58, 11, 37, 22, 16, 3, 33, 54, 47, 42, 25, 38, 34, 60, 28, 7, 53, 59, 44, 39, 62, 48, 46, 40, 4, 52, 49, 13, 6, 31, 10, 56, 24, 27, 17 ],
\[ 3, 10, 16, 21, 18, 26, 1, 33, 32, 39, 5, 41, 2, 48, 51, 7, 35, 46, 37, 55, 43, 54, 6, 49, 4, 56, 58, 57, 9, 45, 53, 61, 47, 8, 12, 50, 30, 22, 13, 60, 17, 59, 25, 31, 19, 11, 34, 24, 14, 40, 63, 15, 62, 64, 27, 23, 42, 20, 28, 36, 29, 44, 52, 38 ],
\[ 4, 11, 17, 22, 23, 27, 30, 1, 35, 40, 44, 7, 28, 2, 5, 47, 54, 39, 3, 56, 59, 8, 48, 53, 50, 46, 51, 62, 6, 38, 42, 52, 60, 57, 58, 13, 9, 12, 24, 31, 61, 10, 16, 14, 55, 63, 64, 15, 26, 34, 29, 20, 18, 19, 41, 32, 25, 37, 33, 21, 45, 36, 49, 43 ] >;

/*
Edge printing
*/

s`Edges := [];
edge1 := TwoEdgeInitialize();
edge1`Blocks := {@ PowerSet(IntegerRing()) |
{ IntegerRing() | 1, 5 },
{ IntegerRing() | 2, 12 },
{ IntegerRing() | 3, 18 },
{ IntegerRing() | 4, 23 },
{ IntegerRing() | 6, 21 },
{ IntegerRing() | 7, 11 },
{ IntegerRing() | 8, 15 },
{ IntegerRing() | 9, 36 },
{ IntegerRing() | 10, 41 },
{ IntegerRing() | 13, 35 },
{ IntegerRing() | 14, 38 },
{ IntegerRing() | 16, 46 },
{ IntegerRing() | 17, 39 },
{ IntegerRing() | 19, 53 },
{ IntegerRing() | 20, 57 },
{ IntegerRing() | 22, 48 },
{ IntegerRing() | 24, 54 },
{ IntegerRing() | 25, 56 },
{ IntegerRing() | 26, 43 },
{ IntegerRing() | 27, 59 },
{ IntegerRing() | 28, 58 },
{ IntegerRing() | 29, 60 },
{ IntegerRing() | 30, 44 },
{ IntegerRing() | 31, 45 },
{ IntegerRing() | 32, 50 },
{ IntegerRing() | 33, 51 },
{ IntegerRing() | 34, 52 },
{ IntegerRing() | 37, 62 },
{ IntegerRing() | 40, 61 },
{ IntegerRing() | 42, 55 },
{ IntegerRing() | 47, 63 },
{ IntegerRing() | 49, 64 }
@};
edge1`UpstairsTriple := [ PermutationGroup<64 |  
\[ 2, 3, 4, 5, 6, 7, 8, 9, 10, 11, 12, 13, 14, 15, 16, 17, 18, 19, 20, 21, 22, 23, 24, 25, 26, 27, 28, 29, 30, 31, 32, 33, 34, 35, 36, 37, 38, 39, 40, 41, 42, 43, 44, 45, 46, 47, 48, 49, 50, 51, 52, 53, 54, 55, 56, 57, 58, 59, 60, 61, 62, 63, 64, 1 ],
\[ 2, 1, 3, 4, 5, 6, 7, 8, 9, 10, 11, 12, 13, 14, 15, 16, 17, 18, 19, 20, 21, 22, 23, 24, 25, 26, 27, 28, 29, 30, 31, 32, 33, 34, 35, 36, 37, 38, 39, 40, 41, 42, 43, 44, 45, 46, 47, 48, 49, 50, 51, 52, 53, 54, 55, 56, 57, 58, 59, 60, 61, 62, 63, 64 ]:
 Order := 126886932185884164103433389335161480802865516174545192198801894375214704230400000000000000 > |
[ 12, 36, 8, 57, 2, 5, 43, 50, 51, 14, 26, 9, 18, 63, 32, 19, 55, 15, 61, 35, 1, 30, 20, 23, 64, 29, 45, 21, 41, 58, 11, 37, 22, 16, 3, 33, 54, 47, 42, 25, 38, 34, 60, 28, 7, 53, 59, 44, 39, 62, 48, 46, 40, 4, 52, 49, 13, 6, 31, 10, 56, 24, 27, 17 ],
[ 3, 10, 16, 21, 18, 26, 1, 33, 32, 39, 5, 41, 2, 48, 51, 7, 35, 46, 37, 55, 43, 54, 6, 49, 4, 56, 58, 57, 9, 45, 53, 61, 47, 8, 12, 50, 30, 22, 13, 60, 17, 59, 25, 31, 19, 11, 34, 24, 14, 40, 63, 15, 62, 64, 27, 23, 42, 20, 28, 36, 29, 44, 52, 38 ],
[ 4, 11, 17, 22, 23, 27, 30, 1, 35, 40, 44, 7, 28, 2, 5, 47, 54, 39, 3, 56, 59, 8, 48, 53, 50, 46, 51, 62, 6, 38, 42, 52, 60, 57, 58, 13, 9, 12, 24, 31, 61, 10, 16, 14, 55, 63, 64, 15, 26, 34, 29, 20, 18, 19, 41, 32, 25, 37, 33, 21, 45, 36, 49, 43 ]
];
edge1`UpstairsFilename := "64S8-8,4,4-g13-1986574204.m";
edge1`DownstairsTriple := [ PermutationGroup<32 |  
\[ 2, 3, 4, 5, 6, 7, 8, 9, 10, 11, 12, 13, 14, 15, 16, 17, 18, 19, 20, 21, 22, 23, 24, 25, 26, 27, 28, 29, 30, 31, 32, 1 ],
\[ 2, 1, 3, 4, 5, 6, 7, 8, 9, 10, 11, 12, 13, 14, 15, 16, 17, 18, 19, 20, 21, 22, 23, 24, 25, 26, 27, 28, 29, 30, 31, 32 ]:
 Order := 263130836933693530167218012160000000 > |
[ 12, 23, 8, 26, 2, 5, 31, 18, 6, 7, 21, 9, 16, 17, 29, 4, 30, 13, 1, 32, 24, 25, 19, 10, 11, 28, 14, 3, 27, 20, 22, 15 ],
[ 3, 10, 14, 19, 16, 21, 1, 6, 18, 17, 5, 25, 2, 7, 28, 32, 13, 30, 31, 4, 27, 9, 26, 23, 15, 29, 8, 12, 24, 22, 20, 11 ],
[ 4, 11, 15, 5, 8, 22, 2, 1, 28, 29, 12, 7, 9, 21, 16, 17, 3, 27, 24, 18, 32, 19, 13, 6, 30, 20, 26, 23, 25, 10, 14, 31 ]
];
edge1`DownstairsFilename := "32S11-8,4,4-g7-921523960.m";
Append(~s`Edges, edge1);
edge2 := TwoEdgeInitialize();
edge2`Blocks := {@ PowerSet(IntegerRing()) |
{ IntegerRing() | 1, 5 },
{ IntegerRing() | 2, 12 },
{ IntegerRing() | 3, 16 },
{ IntegerRing() | 4, 8 },
{ IntegerRing() | 6, 19 },
{ IntegerRing() | 7, 11 },
{ IntegerRing() | 9, 31 },
{ IntegerRing() | 10, 25 },
{ IntegerRing() | 13, 30 },
{ IntegerRing() | 14, 36 },
{ IntegerRing() | 15, 17 },
{ IntegerRing() | 18, 26 },
{ IntegerRing() | 20, 27 },
{ IntegerRing() | 21, 35 },
{ IntegerRing() | 22, 24 },
{ IntegerRing() | 23, 40 },
{ IntegerRing() | 28, 49 },
{ IntegerRing() | 29, 37 },
{ IntegerRing() | 32, 46 },
{ IntegerRing() | 33, 34 },
{ IntegerRing() | 38, 43 },
{ IntegerRing() | 39, 41 },
{ IntegerRing() | 42, 45 },
{ IntegerRing() | 44, 57 },
{ IntegerRing() | 47, 62 },
{ IntegerRing() | 48, 53 },
{ IntegerRing() | 50, 54 },
{ IntegerRing() | 51, 52 },
{ IntegerRing() | 55, 60 },
{ IntegerRing() | 56, 58 },
{ IntegerRing() | 59, 61 },
{ IntegerRing() | 63, 64 }
@};
edge2`UpstairsTriple := [ PermutationGroup<64 |  
\[ 2, 3, 4, 5, 6, 7, 8, 9, 10, 11, 12, 13, 14, 15, 16, 17, 18, 19, 20, 21, 22, 23, 24, 25, 26, 27, 28, 29, 30, 31, 32, 33, 34, 35, 36, 37, 38, 39, 40, 41, 42, 43, 44, 45, 46, 47, 48, 49, 50, 51, 52, 53, 54, 55, 56, 57, 58, 59, 60, 61, 62, 63, 64, 1 ],
\[ 2, 1, 3, 4, 5, 6, 7, 8, 9, 10, 11, 12, 13, 14, 15, 16, 17, 18, 19, 20, 21, 22, 23, 24, 25, 26, 27, 28, 29, 30, 31, 32, 33, 34, 35, 36, 37, 38, 39, 40, 41, 42, 43, 44, 45, 46, 47, 48, 49, 50, 51, 52, 53, 54, 55, 56, 57, 58, 59, 60, 61, 62, 63, 64 ]:
 Order := 126886932185884164103433389335161480802865516174545192198801894375214704230400000000000000 > |
[ 12, 31, 8, 26, 2, 5, 35, 18, 49, 7, 21, 9, 16, 17, 33, 4, 34, 43, 1, 36, 24, 45, 19, 42, 11, 38, 14, 62, 13, 3, 28, 25, 51, 52, 22, 15, 30, 60, 20, 6, 27, 61, 55, 40, 59, 10, 57, 32, 47, 37, 63, 64, 46, 29, 50, 41, 23, 39, 53, 54, 48, 44, 58, 56 ],
[ 3, 10, 14, 19, 16, 21, 1, 6, 29, 17, 5, 25, 2, 7, 30, 36, 13, 39, 35, 4, 27, 40, 26, 23, 15, 41, 8, 48, 34, 12, 37, 9, 46, 32, 20, 11, 33, 44, 22, 18, 24, 58, 57, 45, 56, 31, 55, 52, 53, 28, 54, 50, 51, 49, 64, 38, 42, 43, 47, 63, 62, 60, 61, 59 ],
[ 4, 11, 15, 5, 8, 22, 2, 1, 30, 33, 12, 7, 9, 21, 16, 17, 3, 27, 24, 18, 36, 19, 43, 6, 34, 20, 26, 46, 51, 31, 13, 28, 25, 10, 14, 35, 52, 23, 42, 38, 45, 41, 40, 61, 39, 49, 54, 63, 32, 47, 37, 29, 64, 62, 58, 55, 59, 60, 44, 56, 57, 50, 53, 48 ]
];
edge2`UpstairsFilename := "64S8-8,4,4-g13-3820740034.m";
edge2`DownstairsTriple := [ PermutationGroup<32 |  
\[ 2, 3, 4, 5, 6, 7, 8, 9, 10, 11, 12, 13, 14, 15, 16, 17, 18, 19, 20, 21, 22, 23, 24, 25, 26, 27, 28, 29, 30, 31, 32, 1 ],
\[ 2, 1, 3, 4, 5, 6, 7, 8, 9, 10, 11, 12, 13, 14, 15, 16, 17, 18, 19, 20, 21, 22, 23, 24, 25, 26, 27, 28, 29, 30, 31, 32 ]:
 Order := 263130836933693530167218012160000000 > |
[ 2, 8, 4, 15, 10, 1, 20, 18, 7, 22, 3, 13, 25, 16, 27, 23, 12, 5, 32, 21, 26, 6, 11, 9, 31, 19, 14, 29, 30, 17, 28, 24 ],
[ 3, 9, 12, 6, 14, 20, 1, 23, 13, 26, 2, 7, 11, 28, 30, 18, 4, 32, 5, 17, 22, 15, 25, 8, 24, 29, 10, 19, 27, 21, 16, 31 ],
[ 4, 7, 13, 1, 16, 21, 2, 11, 25, 19, 8, 20, 3, 29, 17, 5, 15, 24, 10, 12, 6, 27, 31, 18, 9, 30, 22, 32, 14, 26, 23, 28 ]
];
edge2`DownstairsFilename := "32S9-8,4,2-g3-2237299598.m";
Append(~s`Edges, edge2);
edge3 := TwoEdgeInitialize();
edge3`Blocks := {@ PowerSet(IntegerRing()) |
{ IntegerRing() | 1, 5 },
{ IntegerRing() | 2, 11 },
{ IntegerRing() | 3, 16 },
{ IntegerRing() | 4, 20 },
{ IntegerRing() | 6, 23 },
{ IntegerRing() | 7, 24 },
{ IntegerRing() | 8, 25 },
{ IntegerRing() | 9, 28 },
{ IntegerRing() | 10, 39 },
{ IntegerRing() | 12, 41 },
{ IntegerRing() | 13, 42 },
{ IntegerRing() | 14, 47 },
{ IntegerRing() | 15, 48 },
{ IntegerRing() | 17, 49 },
{ IntegerRing() | 18, 35 },
{ IntegerRing() | 19, 52 },
{ IntegerRing() | 21, 53 },
{ IntegerRing() | 22, 54 },
{ IntegerRing() | 26, 56 },
{ IntegerRing() | 27, 36 },
{ IntegerRing() | 29, 57 },
{ IntegerRing() | 30, 58 },
{ IntegerRing() | 31, 59 },
{ IntegerRing() | 32, 44 },
{ IntegerRing() | 33, 60 },
{ IntegerRing() | 34, 61 },
{ IntegerRing() | 37, 50 },
{ IntegerRing() | 38, 51 },
{ IntegerRing() | 40, 55 },
{ IntegerRing() | 43, 62 },
{ IntegerRing() | 45, 63 },
{ IntegerRing() | 46, 64 }
@};
edge3`UpstairsTriple := [ PermutationGroup<64 |  
\[ 2, 3, 4, 5, 6, 7, 8, 9, 10, 11, 12, 13, 14, 15, 16, 17, 18, 19, 20, 21, 22, 23, 24, 25, 26, 27, 28, 29, 30, 31, 32, 33, 34, 35, 36, 37, 38, 39, 40, 41, 42, 43, 44, 45, 46, 47, 48, 49, 50, 51, 52, 53, 54, 55, 56, 57, 58, 59, 60, 61, 62, 63, 64, 1 ],
\[ 2, 1, 3, 4, 5, 6, 7, 8, 9, 10, 11, 12, 13, 14, 15, 16, 17, 18, 19, 20, 21, 22, 23, 24, 25, 26, 27, 28, 29, 30, 31, 32, 33, 34, 35, 36, 37, 38, 39, 40, 41, 42, 43, 44, 45, 46, 47, 48, 49, 50, 51, 52, 53, 54, 55, 56, 57, 58, 59, 60, 61, 62, 63, 64 ]:
 Order := 126886932185884164103433389335161480802865516174545192198801894375214704230400000000000000 > |
[ 2, 9, 8, 18, 11, 1, 26, 32, 23, 13, 28, 3, 45, 17, 40, 25, 38, 50, 30, 35, 4, 46, 5, 56, 44, 29, 39, 6, 59, 43, 7, 41, 19, 14, 37, 10, 21, 61, 42, 54, 16, 63, 60, 12, 27, 15, 49, 55, 51, 53, 34, 58, 20, 64, 22, 57, 31, 62, 24, 52, 47, 33, 36, 48 ],
[ 3, 10, 14, 6, 16, 26, 1, 33, 35, 15, 39, 2, 19, 7, 12, 47, 37, 51, 21, 23, 46, 4, 56, 5, 60, 22, 28, 18, 62, 31, 17, 55, 45, 8, 38, 9, 30, 36, 48, 57, 11, 52, 44, 40, 34, 13, 24, 41, 50, 58, 27, 53, 64, 20, 29, 54, 43, 59, 49, 63, 25, 32, 61, 42 ],
[ 4, 7, 15, 19, 20, 27, 30, 1, 12, 38, 24, 43, 2, 45, 21, 48, 3, 22, 8, 52, 17, 32, 36, 58, 5, 14, 33, 41, 6, 13, 40, 34, 29, 18, 54, 60, 9, 31, 51, 10, 62, 11, 37, 61, 46, 26, 63, 53, 16, 28, 59, 25, 49, 44, 39, 47, 23, 42, 55, 57, 35, 50, 64, 56 ]
];
edge3`UpstairsFilename := "64S8-8,4,4-g13-2472403208.m";
edge3`DownstairsTriple := [ PermutationGroup<32 |  
\[ 2, 3, 4, 5, 6, 7, 8, 9, 10, 11, 12, 13, 14, 15, 16, 17, 18, 19, 20, 21, 22, 23, 24, 25, 26, 27, 28, 29, 30, 31, 32, 1 ],
\[ 2, 1, 3, 4, 5, 6, 7, 8, 9, 10, 11, 12, 13, 14, 15, 16, 17, 18, 19, 20, 21, 22, 23, 24, 25, 26, 27, 28, 29, 30, 31, 32 ]:
 Order := 263130836933693530167218012160000000 > |
[ 12, 28, 8, 25, 2, 5, 31, 18, 19, 7, 21, 9, 16, 17, 29, 4, 30, 27, 1, 32, 23, 10, 24, 11, 13, 14, 3, 6, 20, 26, 22, 15 ],
[ 3, 10, 14, 19, 16, 21, 1, 6, 25, 17, 5, 24, 2, 7, 27, 32, 13, 29, 31, 4, 26, 28, 9, 15, 30, 8, 12, 18, 22, 23, 20, 11 ],
[ 4, 11, 15, 5, 8, 22, 2, 1, 27, 29, 12, 7, 9, 21, 16, 17, 3, 26, 23, 18, 32, 19, 6, 30, 20, 25, 28, 13, 24, 10, 14, 31 ]
];
edge3`DownstairsFilename := "32S6-4,4,4-g5-3544149469.m";
Append(~s`Edges, edge3);

/*
Return for eval
*/

return s;
