s := TwoDBInitialize();

/*
Magma printing
*/

s`Name := "64S9-4,8,4-g13-2519596744";
s`Filename := "64S9-4,8,4-g13-2519596744.m";
s`Degree := 64;
s`Orders := \[ 4, 8, 4 ];
s`Geometry := "Hyperbolic";
s`Genus := 13;
s`Level := 6;
s`PermutationTriple := [ PermutationGroup<64 |  
\[ 2, 3, 4, 5, 6, 7, 8, 9, 10, 11, 12, 13, 14, 15, 16, 17, 18, 19, 20, 21, 22, 23, 24, 25, 26, 27, 28, 29, 30, 31, 32, 33, 34, 35, 36, 37, 38, 39, 40, 41, 42, 43, 44, 45, 46, 47, 48, 49, 50, 51, 52, 53, 54, 55, 56, 57, 58, 59, 60, 61, 62, 63, 64, 1 ],
\[ 2, 1, 3, 4, 5, 6, 7, 8, 9, 10, 11, 12, 13, 14, 15, 16, 17, 18, 19, 20, 21, 22, 23, 24, 25, 26, 27, 28, 29, 30, 31, 32, 33, 34, 35, 36, 37, 38, 39, 40, 41, 42, 43, 44, 45, 46, 47, 48, 49, 50, 51, 52, 53, 54, 55, 56, 57, 58, 59, 60, 61, 62, 63, 64 ]:
 Order := 126886932185884164103433389335161480802865516174545192198801894375214704230400000000000000 > |
[ 12, 38, 8, 62, 2, 5, 44, 51, 22, 14, 30, 9, 57, 63, 34, 20, 43, 15, 18, 41, 37, 1, 31, 21, 24, 50, 29, 46, 42, 39, 59, 11, 17, 19, 23, 47, 25, 6, 32, 27, 61, 40, 53, 28, 48, 7, 58, 52, 45, 54, 56, 49, 33, 60, 36, 3, 4, 55, 35, 26, 16, 13, 64, 10 ],
[ 3, 10, 16, 22, 18, 27, 1, 35, 34, 17, 5, 42, 2, 49, 52, 40, 56, 50, 31, 13, 43, 63, 57, 6, 47, 4, 53, 38, 48, 26, 46, 20, 7, 41, 30, 8, 12, 51, 9, 23, 64, 58, 39, 61, 32, 54, 11, 62, 25, 14, 60, 44, 15, 37, 28, 45, 33, 19, 21, 29, 24, 55, 36, 59 ],
[ 4, 11, 17, 23, 24, 28, 31, 1, 37, 41, 45, 7, 48, 2, 5, 44, 57, 58, 9, 3, 61, 39, 8, 49, 54, 51, 16, 52, 6, 47, 40, 43, 27, 53, 64, 62, 59, 13, 35, 12, 32, 60, 10, 33, 14, 55, 63, 56, 15, 30, 36, 29, 21, 18, 42, 38, 20, 25, 19, 46, 34, 26, 50, 22 ]
];
s`MonodromyGroup := PermutationGroup<64 |  
\[ 12, 38, 8, 62, 2, 5, 44, 51, 22, 14, 30, 9, 57, 63, 34, 20, 43, 15, 18, 41, 37, 1, 31, 21, 24, 50, 29, 46, 42, 39, 59, 11, 17, 19, 23, 47, 25, 6, 32, 27, 61, 40, 53, 28, 48, 7, 58, 52, 45, 54, 56, 49, 33, 60, 36, 3, 4, 55, 35, 26, 16, 13, 64, 10 ],
\[ 3, 10, 16, 22, 18, 27, 1, 35, 34, 17, 5, 42, 2, 49, 52, 40, 56, 50, 31, 13, 43, 63, 57, 6, 47, 4, 53, 38, 48, 26, 46, 20, 7, 41, 30, 8, 12, 51, 9, 23, 64, 58, 39, 61, 32, 54, 11, 62, 25, 14, 60, 44, 15, 37, 28, 45, 33, 19, 21, 29, 24, 55, 36, 59 ],
\[ 4, 11, 17, 23, 24, 28, 31, 1, 37, 41, 45, 7, 48, 2, 5, 44, 57, 58, 9, 3, 61, 39, 8, 49, 54, 51, 16, 52, 6, 47, 40, 43, 27, 53, 64, 62, 59, 13, 35, 12, 32, 60, 10, 33, 14, 55, 63, 56, 15, 30, 36, 29, 21, 18, 42, 38, 20, 25, 19, 46, 34, 26, 50, 22 ] >;

/*
Edge printing
*/

s`Edges := [];
edge1 := TwoEdgeInitialize();
edge1`Blocks := {@ PowerSet(IntegerRing()) |
{ IntegerRing() | 1, 5 },
{ IntegerRing() | 2, 12 },
{ IntegerRing() | 3, 18 },
{ IntegerRing() | 4, 24 },
{ IntegerRing() | 6, 22 },
{ IntegerRing() | 7, 11 },
{ IntegerRing() | 8, 15 },
{ IntegerRing() | 9, 38 },
{ IntegerRing() | 10, 42 },
{ IntegerRing() | 13, 37 },
{ IntegerRing() | 14, 40 },
{ IntegerRing() | 16, 50 },
{ IntegerRing() | 17, 58 },
{ IntegerRing() | 19, 56 },
{ IntegerRing() | 20, 54 },
{ IntegerRing() | 21, 62 },
{ IntegerRing() | 23, 49 },
{ IntegerRing() | 25, 57 },
{ IntegerRing() | 26, 61 },
{ IntegerRing() | 27, 63 },
{ IntegerRing() | 28, 39 },
{ IntegerRing() | 29, 64 },
{ IntegerRing() | 30, 44 },
{ IntegerRing() | 31, 45 },
{ IntegerRing() | 32, 46 },
{ IntegerRing() | 33, 47 },
{ IntegerRing() | 34, 51 },
{ IntegerRing() | 35, 52 },
{ IntegerRing() | 36, 53 },
{ IntegerRing() | 41, 60 },
{ IntegerRing() | 43, 55 },
{ IntegerRing() | 48, 59 }
@};
edge1`UpstairsTriple := [ PermutationGroup<64 |  
\[ 2, 3, 4, 5, 6, 7, 8, 9, 10, 11, 12, 13, 14, 15, 16, 17, 18, 19, 20, 21, 22, 23, 24, 25, 26, 27, 28, 29, 30, 31, 32, 33, 34, 35, 36, 37, 38, 39, 40, 41, 42, 43, 44, 45, 46, 47, 48, 49, 50, 51, 52, 53, 54, 55, 56, 57, 58, 59, 60, 61, 62, 63, 64, 1 ],
\[ 2, 1, 3, 4, 5, 6, 7, 8, 9, 10, 11, 12, 13, 14, 15, 16, 17, 18, 19, 20, 21, 22, 23, 24, 25, 26, 27, 28, 29, 30, 31, 32, 33, 34, 35, 36, 37, 38, 39, 40, 41, 42, 43, 44, 45, 46, 47, 48, 49, 50, 51, 52, 53, 54, 55, 56, 57, 58, 59, 60, 61, 62, 63, 64 ]:
 Order := 126886932185884164103433389335161480802865516174545192198801894375214704230400000000000000 > |
[ 12, 38, 8, 62, 2, 5, 44, 51, 22, 14, 30, 9, 57, 63, 34, 20, 43, 15, 18, 41, 37, 1, 31, 21, 24, 50, 29, 46, 42, 39, 59, 11, 17, 19, 23, 47, 25, 6, 32, 27, 61, 40, 53, 28, 48, 7, 58, 52, 45, 54, 56, 49, 33, 60, 36, 3, 4, 55, 35, 26, 16, 13, 64, 10 ],
[ 3, 10, 16, 22, 18, 27, 1, 35, 34, 17, 5, 42, 2, 49, 52, 40, 56, 50, 31, 13, 43, 63, 57, 6, 47, 4, 53, 38, 48, 26, 46, 20, 7, 41, 30, 8, 12, 51, 9, 23, 64, 58, 39, 61, 32, 54, 11, 62, 25, 14, 60, 44, 15, 37, 28, 45, 33, 19, 21, 29, 24, 55, 36, 59 ],
[ 4, 11, 17, 23, 24, 28, 31, 1, 37, 41, 45, 7, 48, 2, 5, 44, 57, 58, 9, 3, 61, 39, 8, 49, 54, 51, 16, 52, 6, 47, 40, 43, 27, 53, 64, 62, 59, 13, 35, 12, 32, 60, 10, 33, 14, 55, 63, 56, 15, 30, 36, 29, 21, 18, 42, 38, 20, 25, 19, 46, 34, 26, 50, 22 ]
];
edge1`UpstairsFilename := "64S9-4,8,4-g13-2519596744.m";
edge1`DownstairsTriple := [ PermutationGroup<32 |  
\[ 2, 3, 4, 5, 6, 7, 8, 9, 10, 11, 12, 13, 14, 15, 16, 17, 18, 19, 20, 21, 22, 23, 24, 25, 26, 27, 28, 29, 30, 31, 32, 1 ],
\[ 2, 1, 3, 4, 5, 6, 7, 8, 9, 10, 11, 12, 13, 14, 15, 16, 17, 18, 19, 20, 21, 22, 23, 24, 25, 26, 27, 28, 29, 30, 31, 32 ]:
 Order := 263130836933693530167218012160000000 > |
[ 12, 30, 8, 28, 2, 5, 22, 19, 20, 7, 25, 9, 3, 18, 31, 4, 16, 32, 13, 1, 14, 24, 26, 10, 23, 11, 15, 17, 27, 6, 29, 21 ],
[ 3, 10, 14, 20, 16, 22, 1, 6, 19, 18, 5, 26, 2, 11, 13, 27, 12, 17, 32, 25, 4, 21, 30, 9, 29, 15, 7, 31, 8, 28, 24, 23 ],
[ 4, 11, 15, 5, 8, 23, 2, 1, 17, 31, 12, 7, 9, 22, 16, 18, 30, 3, 29, 24, 19, 27, 20, 6, 14, 32, 25, 21, 28, 13, 26, 10 ]
];
edge1`DownstairsFilename := "32S10-4,8,4-g7-168536519.m";
Append(~s`Edges, edge1);
edge2 := TwoEdgeInitialize();
edge2`Blocks := {@ PowerSet(IntegerRing()) |
{ IntegerRing() | 1, 5 },
{ IntegerRing() | 2, 11 },
{ IntegerRing() | 3, 16 },
{ IntegerRing() | 4, 8 },
{ IntegerRing() | 6, 21 },
{ IntegerRing() | 7, 13 },
{ IntegerRing() | 9, 31 },
{ IntegerRing() | 10, 26 },
{ IntegerRing() | 12, 32 },
{ IntegerRing() | 14, 27 },
{ IntegerRing() | 15, 18 },
{ IntegerRing() | 17, 44 },
{ IntegerRing() | 19, 28 },
{ IntegerRing() | 20, 29 },
{ IntegerRing() | 22, 51 },
{ IntegerRing() | 23, 24 },
{ IntegerRing() | 25, 40 },
{ IntegerRing() | 30, 38 },
{ IntegerRing() | 33, 39 },
{ IntegerRing() | 34, 36 },
{ IntegerRing() | 35, 54 },
{ IntegerRing() | 37, 58 },
{ IntegerRing() | 41, 56 },
{ IntegerRing() | 42, 48 },
{ IntegerRing() | 43, 49 },
{ IntegerRing() | 45, 62 },
{ IntegerRing() | 46, 47 },
{ IntegerRing() | 50, 53 },
{ IntegerRing() | 52, 63 },
{ IntegerRing() | 55, 59 },
{ IntegerRing() | 57, 60 },
{ IntegerRing() | 61, 64 }
@};
edge2`UpstairsTriple := [ PermutationGroup<64 |  
\[ 2, 3, 4, 5, 6, 7, 8, 9, 10, 11, 12, 13, 14, 15, 16, 17, 18, 19, 20, 21, 22, 23, 24, 25, 26, 27, 28, 29, 30, 31, 32, 33, 34, 35, 36, 37, 38, 39, 40, 41, 42, 43, 44, 45, 46, 47, 48, 49, 50, 51, 52, 53, 54, 55, 56, 57, 58, 59, 60, 61, 62, 63, 64, 1 ],
\[ 2, 1, 3, 4, 5, 6, 7, 8, 9, 10, 11, 12, 13, 14, 15, 16, 17, 18, 19, 20, 21, 22, 23, 24, 25, 26, 27, 28, 29, 30, 31, 32, 33, 34, 35, 36, 37, 38, 39, 40, 41, 42, 43, 44, 45, 46, 47, 48, 49, 50, 51, 52, 53, 54, 55, 56, 57, 58, 59, 60, 61, 62, 63, 64 ]:
 Order := 126886932185884164103433389335161480802865516174545192198801894375214704230400000000000000 > |
[ 2, 9, 8, 19, 11, 1, 25, 28, 6, 13, 31, 37, 40, 18, 42, 4, 3, 48, 44, 50, 5, 24, 49, 43, 54, 7, 15, 17, 53, 32, 21, 58, 36, 20, 10, 29, 60, 12, 34, 35, 14, 56, 52, 16, 47, 59, 55, 41, 63, 39, 23, 22, 33, 26, 61, 27, 30, 57, 64, 38, 45, 46, 51, 62 ],
[ 3, 10, 14, 6, 16, 22, 1, 21, 30, 33, 26, 2, 5, 13, 17, 27, 45, 44, 36, 4, 51, 29, 9, 31, 41, 39, 7, 34, 8, 48, 38, 11, 32, 35, 47, 54, 53, 42, 12, 56, 60, 23, 15, 62, 49, 28, 19, 24, 18, 52, 20, 61, 63, 46, 25, 57, 55, 50, 40, 59, 37, 43, 64, 58 ],
[ 4, 7, 15, 5, 8, 23, 11, 1, 12, 34, 13, 31, 2, 25, 16, 18, 46, 3, 20, 28, 24, 50, 21, 6, 27, 36, 40, 29, 19, 56, 32, 9, 37, 26, 59, 10, 39, 41, 58, 14, 30, 43, 48, 47, 52, 44, 17, 49, 42, 51, 53, 62, 22, 55, 35, 38, 64, 33, 54, 61, 57, 63, 45, 60 ]
];
edge2`UpstairsFilename := "64S9-4,8,4-g13-304128645.m";
edge2`DownstairsTriple := [ PermutationGroup<32 |  
\[ 2, 3, 4, 5, 6, 7, 8, 9, 10, 11, 12, 13, 14, 15, 16, 17, 18, 19, 20, 21, 22, 23, 24, 25, 26, 27, 28, 29, 30, 31, 32, 1 ],
\[ 2, 1, 3, 4, 5, 6, 7, 8, 9, 10, 11, 12, 13, 14, 15, 16, 17, 18, 19, 20, 21, 22, 23, 24, 25, 26, 27, 28, 29, 30, 31, 32 ]:
 Order := 263130836933693530167218012160000000 > |
[ 2, 8, 4, 16, 10, 1, 23, 6, 7, 25, 14, 13, 32, 17, 3, 15, 24, 30, 5, 21, 22, 28, 29, 11, 19, 27, 18, 20, 9, 26, 12, 31 ],
[ 3, 9, 12, 6, 14, 21, 1, 24, 26, 28, 2, 7, 15, 30, 10, 27, 19, 4, 23, 5, 18, 8, 31, 32, 16, 11, 29, 13, 25, 20, 17, 22 ],
[ 4, 7, 13, 1, 17, 22, 2, 11, 27, 20, 8, 23, 3, 26, 25, 18, 5, 16, 29, 10, 30, 6, 12, 31, 15, 14, 9, 32, 19, 21, 24, 28 ]
];
edge2`DownstairsFilename := "32S6-4,4,2-g1-424299732.m";
Append(~s`Edges, edge2);
edge3 := TwoEdgeInitialize();
edge3`Blocks := {@ PowerSet(IntegerRing()) |
{ IntegerRing() | 1, 5 },
{ IntegerRing() | 2, 12 },
{ IntegerRing() | 3, 18 },
{ IntegerRing() | 4, 24 },
{ IntegerRing() | 6, 22 },
{ IntegerRing() | 7, 11 },
{ IntegerRing() | 8, 15 },
{ IntegerRing() | 9, 37 },
{ IntegerRing() | 10, 42 },
{ IntegerRing() | 13, 19 },
{ IntegerRing() | 14, 40 },
{ IntegerRing() | 16, 50 },
{ IntegerRing() | 17, 57 },
{ IntegerRing() | 20, 54 },
{ IntegerRing() | 21, 62 },
{ IntegerRing() | 23, 49 },
{ IntegerRing() | 25, 56 },
{ IntegerRing() | 26, 61 },
{ IntegerRing() | 27, 30 },
{ IntegerRing() | 28, 38 },
{ IntegerRing() | 29, 63 },
{ IntegerRing() | 31, 44 },
{ IntegerRing() | 32, 45 },
{ IntegerRing() | 33, 46 },
{ IntegerRing() | 34, 51 },
{ IntegerRing() | 35, 52 },
{ IntegerRing() | 36, 53 },
{ IntegerRing() | 39, 60 },
{ IntegerRing() | 41, 55 },
{ IntegerRing() | 43, 59 },
{ IntegerRing() | 47, 58 },
{ IntegerRing() | 48, 64 }
@};
edge3`UpstairsTriple := [ PermutationGroup<64 |  
\[ 2, 3, 4, 5, 6, 7, 8, 9, 10, 11, 12, 13, 14, 15, 16, 17, 18, 19, 20, 21, 22, 23, 24, 25, 26, 27, 28, 29, 30, 31, 32, 33, 34, 35, 36, 37, 38, 39, 40, 41, 42, 43, 44, 45, 46, 47, 48, 49, 50, 51, 52, 53, 54, 55, 56, 57, 58, 59, 60, 61, 62, 63, 64, 1 ],
\[ 2, 1, 3, 4, 5, 6, 7, 8, 9, 10, 11, 12, 13, 14, 15, 16, 17, 18, 19, 20, 21, 22, 23, 24, 25, 26, 27, 28, 29, 30, 31, 32, 33, 34, 35, 36, 37, 38, 39, 40, 41, 42, 43, 44, 45, 46, 47, 48, 49, 50, 51, 52, 53, 54, 55, 56, 57, 58, 59, 60, 61, 62, 63, 64 ]:
 Order := 126886932185884164103433389335161480802865516174545192198801894375214704230400000000000000 > |
[ 12, 37, 8, 62, 2, 5, 27, 51, 22, 14, 30, 9, 3, 64, 34, 20, 41, 15, 18, 43, 39, 1, 31, 21, 24, 46, 29, 42, 45, 63, 58, 11, 17, 19, 23, 50, 6, 10, 25, 48, 61, 40, 53, 47, 7, 57, 52, 28, 44, 54, 13, 49, 16, 59, 26, 4, 55, 35, 36, 56, 33, 60, 32, 38 ],
[ 3, 10, 16, 22, 18, 27, 1, 35, 21, 20, 5, 42, 2, 49, 52, 40, 13, 50, 12, 60, 43, 30, 56, 6, 46, 4, 53, 37, 47, 36, 45, 17, 7, 41, 64, 8, 62, 9, 31, 23, 38, 54, 63, 32, 57, 11, 51, 61, 25, 14, 55, 48, 15, 39, 28, 33, 19, 34, 29, 44, 24, 59, 58, 26 ],
[ 4, 11, 17, 23, 24, 28, 31, 1, 19, 41, 44, 7, 47, 2, 5, 27, 56, 57, 58, 3, 61, 38, 8, 49, 54, 51, 33, 52, 6, 46, 40, 43, 48, 53, 63, 62, 13, 35, 9, 12, 32, 55, 10, 14, 59, 64, 60, 16, 15, 30, 36, 29, 21, 18, 45, 20, 25, 39, 42, 37, 34, 26, 22, 50 ]
];
edge3`UpstairsFilename := "64S9-4,8,4-g13-607821945.m";
edge3`DownstairsTriple := [ PermutationGroup<32 |  
\[ 2, 3, 4, 5, 6, 7, 8, 9, 10, 11, 12, 13, 14, 15, 16, 17, 18, 19, 20, 21, 22, 23, 24, 25, 26, 27, 28, 29, 30, 31, 32, 1 ],
\[ 2, 1, 3, 4, 5, 6, 7, 8, 9, 10, 11, 12, 13, 14, 15, 16, 17, 18, 19, 20, 21, 22, 23, 24, 25, 26, 27, 28, 29, 30, 31, 32 ]:
 Order := 263130836933693530167218012160000000 > |
[ 12, 29, 8, 26, 2, 5, 32, 18, 19, 7, 21, 9, 16, 17, 31, 4, 30, 28, 1, 25, 23, 10, 24, 11, 15, 13, 14, 3, 6, 27, 20, 22 ],
[ 3, 10, 14, 19, 16, 21, 1, 6, 26, 15, 5, 24, 2, 11, 28, 25, 13, 31, 32, 4, 20, 29, 9, 17, 7, 30, 8, 12, 18, 22, 23, 27 ],
[ 4, 11, 15, 5, 8, 22, 2, 1, 28, 30, 12, 7, 9, 32, 16, 17, 3, 27, 23, 18, 14, 19, 6, 31, 21, 20, 26, 29, 13, 24, 10, 25 ]
];
edge3`DownstairsFilename := "32S11-4,8,4-g7-1817945556.m";
Append(~s`Edges, edge3);

/*
Return for eval
*/

return s;
