s := TwoDBInitialize();

/*
Magma printing
*/

s`Name := "64S9-4,4,8-g13-3649255589";
s`Filename := "64S9-4,4,8-g13-3649255589.m";
s`Degree := 64;
s`Orders := \[ 4, 4, 8 ];
s`Geometry := "Hyperbolic";
s`Genus := 13;
s`Level := 6;
s`PermutationTriple := [ PermutationGroup<64 |  
\[ 2, 3, 4, 5, 6, 7, 8, 9, 10, 11, 12, 13, 14, 15, 16, 17, 18, 19, 20, 21, 22, 23, 24, 25, 26, 27, 28, 29, 30, 31, 32, 33, 34, 35, 36, 37, 38, 39, 40, 41, 42, 43, 44, 45, 46, 47, 48, 49, 50, 51, 52, 53, 54, 55, 56, 57, 58, 59, 60, 61, 62, 63, 64, 1 ],
\[ 2, 1, 3, 4, 5, 6, 7, 8, 9, 10, 11, 12, 13, 14, 15, 16, 17, 18, 19, 20, 21, 22, 23, 24, 25, 26, 27, 28, 29, 30, 31, 32, 33, 34, 35, 36, 37, 38, 39, 40, 41, 42, 43, 44, 45, 46, 47, 48, 49, 50, 51, 52, 53, 54, 55, 56, 57, 58, 59, 60, 61, 62, 63, 64 ]:
 Order := 126886932185884164103433389335161480802865516174545192198801894375214704230400000000000000 > |
[ 2, 9, 8, 19, 11, 1, 30, 33, 6, 13, 38, 46, 49, 18, 47, 26, 3, 43, 44, 15, 48, 4, 14, 5, 56, 37, 29, 62, 41, 60, 40, 7, 17, 36, 50, 61, 39, 24, 16, 63, 45, 10, 23, 22, 27, 21, 57, 12, 42, 51, 55, 53, 64, 34, 35, 28, 20, 52, 31, 32, 54, 25, 59, 58 ],
[ 3, 10, 14, 6, 16, 27, 1, 34, 37, 18, 41, 2, 50, 7, 17, 52, 31, 12, 54, 22, 24, 59, 4, 49, 5, 63, 23, 9, 55, 35, 32, 15, 64, 30, 8, 13, 43, 33, 61, 42, 53, 47, 28, 11, 20, 36, 48, 40, 58, 46, 39, 25, 44, 29, 19, 57, 26, 21, 45, 38, 62, 51, 56, 60 ],
[ 4, 7, 15, 20, 21, 28, 31, 1, 12, 40, 25, 47, 2, 27, 45, 51, 38, 3, 23, 56, 50, 53, 37, 60, 61, 5, 59, 63, 6, 14, 22, 64, 35, 19, 29, 8, 57, 44, 9, 17, 54, 24, 10, 55, 11, 18, 32, 58, 36, 30, 13, 49, 16, 39, 62, 52, 42, 33, 26, 34, 46, 43, 48, 41 ]
];
s`MonodromyGroup := PermutationGroup<64 |  
\[ 2, 9, 8, 19, 11, 1, 30, 33, 6, 13, 38, 46, 49, 18, 47, 26, 3, 43, 44, 15, 48, 4, 14, 5, 56, 37, 29, 62, 41, 60, 40, 7, 17, 36, 50, 61, 39, 24, 16, 63, 45, 10, 23, 22, 27, 21, 57, 12, 42, 51, 55, 53, 64, 34, 35, 28, 20, 52, 31, 32, 54, 25, 59, 58 ],
\[ 3, 10, 14, 6, 16, 27, 1, 34, 37, 18, 41, 2, 50, 7, 17, 52, 31, 12, 54, 22, 24, 59, 4, 49, 5, 63, 23, 9, 55, 35, 32, 15, 64, 30, 8, 13, 43, 33, 61, 42, 53, 47, 28, 11, 20, 36, 48, 40, 58, 46, 39, 25, 44, 29, 19, 57, 26, 21, 45, 38, 62, 51, 56, 60 ],
\[ 4, 7, 15, 20, 21, 28, 31, 1, 12, 40, 25, 47, 2, 27, 45, 51, 38, 3, 23, 56, 50, 53, 37, 60, 61, 5, 59, 63, 6, 14, 22, 64, 35, 19, 29, 8, 57, 44, 9, 17, 54, 24, 10, 55, 11, 18, 32, 58, 36, 30, 13, 49, 16, 39, 62, 52, 42, 33, 26, 34, 46, 43, 48, 41 ] >;

/*
Edge printing
*/

s`Edges := [];
edge1 := TwoEdgeInitialize();
edge1`Blocks := {@ PowerSet(IntegerRing()) |
{ IntegerRing() | 1, 5 },
{ IntegerRing() | 2, 11 },
{ IntegerRing() | 3, 16 },
{ IntegerRing() | 4, 21 },
{ IntegerRing() | 6, 24 },
{ IntegerRing() | 7, 25 },
{ IntegerRing() | 8, 26 },
{ IntegerRing() | 9, 38 },
{ IntegerRing() | 10, 41 },
{ IntegerRing() | 12, 44 },
{ IntegerRing() | 13, 45 },
{ IntegerRing() | 14, 52 },
{ IntegerRing() | 15, 51 },
{ IntegerRing() | 17, 39 },
{ IntegerRing() | 18, 53 },
{ IntegerRing() | 19, 48 },
{ IntegerRing() | 20, 50 },
{ IntegerRing() | 22, 46 },
{ IntegerRing() | 23, 58 },
{ IntegerRing() | 27, 49 },
{ IntegerRing() | 28, 60 },
{ IntegerRing() | 29, 42 },
{ IntegerRing() | 30, 56 },
{ IntegerRing() | 31, 61 },
{ IntegerRing() | 32, 62 },
{ IntegerRing() | 33, 37 },
{ IntegerRing() | 34, 63 },
{ IntegerRing() | 35, 57 },
{ IntegerRing() | 36, 59 },
{ IntegerRing() | 40, 54 },
{ IntegerRing() | 43, 64 },
{ IntegerRing() | 47, 55 }
@};
edge1`UpstairsTriple := [ PermutationGroup<64 |  
\[ 2, 3, 4, 5, 6, 7, 8, 9, 10, 11, 12, 13, 14, 15, 16, 17, 18, 19, 20, 21, 22, 23, 24, 25, 26, 27, 28, 29, 30, 31, 32, 33, 34, 35, 36, 37, 38, 39, 40, 41, 42, 43, 44, 45, 46, 47, 48, 49, 50, 51, 52, 53, 54, 55, 56, 57, 58, 59, 60, 61, 62, 63, 64, 1 ],
\[ 2, 1, 3, 4, 5, 6, 7, 8, 9, 10, 11, 12, 13, 14, 15, 16, 17, 18, 19, 20, 21, 22, 23, 24, 25, 26, 27, 28, 29, 30, 31, 32, 33, 34, 35, 36, 37, 38, 39, 40, 41, 42, 43, 44, 45, 46, 47, 48, 49, 50, 51, 52, 53, 54, 55, 56, 57, 58, 59, 60, 61, 62, 63, 64 ]:
 Order := 126886932185884164103433389335161480802865516174545192198801894375214704230400000000000000 > |
[ 2, 9, 8, 19, 11, 1, 30, 33, 6, 13, 38, 46, 49, 18, 47, 26, 3, 43, 44, 15, 48, 4, 14, 5, 56, 37, 29, 62, 41, 60, 40, 7, 17, 36, 50, 61, 39, 24, 16, 63, 45, 10, 23, 22, 27, 21, 57, 12, 42, 51, 55, 53, 64, 34, 35, 28, 20, 52, 31, 32, 54, 25, 59, 58 ],
[ 3, 10, 14, 6, 16, 27, 1, 34, 37, 18, 41, 2, 50, 7, 17, 52, 31, 12, 54, 22, 24, 59, 4, 49, 5, 63, 23, 9, 55, 35, 32, 15, 64, 30, 8, 13, 43, 33, 61, 42, 53, 47, 28, 11, 20, 36, 48, 40, 58, 46, 39, 25, 44, 29, 19, 57, 26, 21, 45, 38, 62, 51, 56, 60 ],
[ 4, 7, 15, 20, 21, 28, 31, 1, 12, 40, 25, 47, 2, 27, 45, 51, 38, 3, 23, 56, 50, 53, 37, 60, 61, 5, 59, 63, 6, 14, 22, 64, 35, 19, 29, 8, 57, 44, 9, 17, 54, 24, 10, 55, 11, 18, 32, 58, 36, 30, 13, 49, 16, 39, 62, 52, 42, 33, 26, 34, 46, 43, 48, 41 ]
];
edge1`UpstairsFilename := "64S9-4,4,8-g13-3649255589.m";
edge1`DownstairsTriple := [ PermutationGroup<32 |  
\[ 2, 3, 4, 5, 6, 7, 8, 9, 10, 11, 12, 13, 14, 15, 16, 17, 18, 19, 20, 21, 22, 23, 24, 25, 26, 27, 28, 29, 30, 31, 32, 1 ],
\[ 2, 1, 3, 4, 5, 6, 7, 8, 9, 10, 11, 12, 13, 14, 15, 16, 17, 18, 19, 20, 21, 22, 23, 24, 25, 26, 27, 28, 29, 30, 31, 32 ]:
 Order := 263130836933693530167218012160000000 > |
[ 11, 30, 8, 23, 2, 5, 14, 22, 18, 13, 9, 21, 4, 26, 31, 7, 12, 1, 15, 17, 20, 25, 10, 32, 3, 16, 29, 19, 24, 6, 28, 27 ],
[ 3, 10, 5, 18, 7, 4, 1, 27, 22, 11, 12, 2, 29, 28, 25, 15, 31, 20, 13, 6, 19, 30, 32, 16, 24, 9, 14, 8, 21, 26, 23, 17 ],
[ 4, 3, 15, 19, 20, 22, 24, 1, 10, 31, 7, 32, 2, 5, 21, 30, 18, 26, 14, 29, 11, 28, 6, 13, 9, 27, 23, 17, 8, 12, 16, 25 ]
];
edge1`DownstairsFilename := "32S10-4,4,8-g7-1952972867.m";
Append(~s`Edges, edge1);
edge2 := TwoEdgeInitialize();
edge2`Blocks := {@ PowerSet(IntegerRing()) |
{ IntegerRing() | 1, 5 },
{ IntegerRing() | 2, 11 },
{ IntegerRing() | 3, 16 },
{ IntegerRing() | 4, 21 },
{ IntegerRing() | 6, 24 },
{ IntegerRing() | 7, 25 },
{ IntegerRing() | 8, 26 },
{ IntegerRing() | 9, 38 },
{ IntegerRing() | 10, 41 },
{ IntegerRing() | 12, 44 },
{ IntegerRing() | 13, 22 },
{ IntegerRing() | 14, 50 },
{ IntegerRing() | 15, 52 },
{ IntegerRing() | 17, 53 },
{ IntegerRing() | 18, 54 },
{ IntegerRing() | 19, 42 },
{ IntegerRing() | 20, 36 },
{ IntegerRing() | 23, 59 },
{ IntegerRing() | 27, 61 },
{ IntegerRing() | 28, 33 },
{ IntegerRing() | 29, 47 },
{ IntegerRing() | 30, 62 },
{ IntegerRing() | 31, 49 },
{ IntegerRing() | 32, 39 },
{ IntegerRing() | 34, 58 },
{ IntegerRing() | 35, 63 },
{ IntegerRing() | 37, 64 },
{ IntegerRing() | 40, 57 },
{ IntegerRing() | 43, 55 },
{ IntegerRing() | 45, 51 },
{ IntegerRing() | 46, 56 },
{ IntegerRing() | 48, 60 }
@};
edge2`UpstairsTriple := [ PermutationGroup<64 |  
\[ 2, 3, 4, 5, 6, 7, 8, 9, 10, 11, 12, 13, 14, 15, 16, 17, 18, 19, 20, 21, 22, 23, 24, 25, 26, 27, 28, 29, 30, 31, 32, 33, 34, 35, 36, 37, 38, 39, 40, 41, 42, 43, 44, 45, 46, 47, 48, 49, 50, 51, 52, 53, 54, 55, 56, 57, 58, 59, 60, 61, 62, 63, 64, 1 ],
\[ 2, 1, 3, 4, 5, 6, 7, 8, 9, 10, 11, 12, 13, 14, 15, 16, 17, 18, 19, 20, 21, 22, 23, 24, 25, 26, 27, 28, 29, 30, 31, 32, 33, 34, 35, 36, 37, 38, 39, 40, 41, 42, 43, 44, 45, 46, 47, 48, 49, 50, 51, 52, 53, 54, 55, 56, 57, 58, 59, 60, 61, 62, 63, 64 ]:
 Order := 126886932185884164103433389335161480802865516174545192198801894375214704230400000000000000 > |
[ 2, 9, 8, 19, 11, 1, 30, 33, 6, 13, 38, 45, 21, 18, 46, 26, 3, 43, 41, 15, 42, 4, 14, 5, 62, 28, 29, 53, 44, 64, 40, 7, 17, 36, 48, 52, 39, 24, 25, 63, 22, 10, 23, 51, 61, 58, 12, 49, 57, 54, 27, 56, 16, 55, 59, 34, 35, 20, 50, 31, 47, 37, 60, 32 ],
[ 3, 10, 14, 6, 16, 27, 1, 34, 37, 18, 41, 2, 48, 7, 17, 50, 31, 12, 56, 22, 24, 60, 4, 61, 5, 58, 23, 9, 57, 35, 32, 15, 38, 30, 8, 13, 43, 64, 52, 42, 54, 46, 28, 11, 36, 47, 40, 45, 39, 25, 20, 53, 49, 44, 33, 29, 19, 62, 21, 51, 59, 63, 26, 55 ],
[ 4, 7, 15, 20, 21, 28, 31, 1, 12, 40, 25, 46, 2, 27, 51, 52, 55, 3, 23, 26, 36, 11, 37, 33, 49, 5, 60, 63, 6, 14, 22, 38, 35, 19, 29, 8, 58, 44, 9, 17, 57, 59, 10, 56, 18, 32, 24, 30, 13, 61, 54, 45, 43, 16, 41, 39, 53, 42, 64, 62, 48, 50, 47, 34 ]
];
edge2`UpstairsFilename := "64S9-4,4,8-g13-2365088747.m";
edge2`DownstairsTriple := [ PermutationGroup<32 |  
\[ 2, 3, 4, 5, 6, 7, 8, 9, 10, 11, 12, 13, 14, 15, 16, 17, 18, 19, 20, 21, 22, 23, 24, 25, 26, 27, 28, 29, 30, 31, 32, 1 ],
\[ 2, 1, 3, 4, 5, 6, 7, 8, 9, 10, 11, 12, 13, 14, 15, 16, 17, 18, 19, 20, 21, 22, 23, 24, 25, 26, 27, 28, 29, 30, 31, 32 ]:
 Order := 263130836933693530167218012160000000 > |
[ 11, 27, 8, 22, 2, 5, 14, 28, 18, 13, 9, 29, 20, 21, 30, 7, 10, 1, 15, 17, 16, 12, 31, 3, 19, 32, 6, 24, 4, 25, 26, 23 ],
[ 3, 10, 5, 18, 7, 4, 1, 25, 21, 11, 12, 2, 19, 26, 24, 15, 31, 20, 29, 6, 27, 30, 16, 23, 14, 8, 28, 9, 32, 17, 22, 13 ],
[ 4, 3, 15, 19, 20, 21, 23, 1, 10, 30, 7, 31, 2, 5, 13, 9, 18, 28, 8, 32, 25, 6, 29, 27, 22, 17, 12, 26, 11, 16, 24, 14 ]
];
edge2`DownstairsFilename := "32S6-4,4,4-g5-1560282986.m";
Append(~s`Edges, edge2);
edge3 := TwoEdgeInitialize();
edge3`Blocks := {@ PowerSet(IntegerRing()) |
{ IntegerRing() | 1, 5 },
{ IntegerRing() | 2, 11 },
{ IntegerRing() | 3, 7 },
{ IntegerRing() | 4, 18 },
{ IntegerRing() | 6, 20 },
{ IntegerRing() | 8, 21 },
{ IntegerRing() | 9, 31 },
{ IntegerRing() | 10, 12 },
{ IntegerRing() | 13, 35 },
{ IntegerRing() | 14, 24 },
{ IntegerRing() | 15, 25 },
{ IntegerRing() | 16, 23 },
{ IntegerRing() | 17, 47 },
{ IntegerRing() | 19, 41 },
{ IntegerRing() | 22, 30 },
{ IntegerRing() | 26, 50 },
{ IntegerRing() | 27, 28 },
{ IntegerRing() | 29, 39 },
{ IntegerRing() | 32, 51 },
{ IntegerRing() | 33, 36 },
{ IntegerRing() | 34, 37 },
{ IntegerRing() | 38, 60 },
{ IntegerRing() | 40, 56 },
{ IntegerRing() | 42, 54 },
{ IntegerRing() | 43, 53 },
{ IntegerRing() | 44, 45 },
{ IntegerRing() | 46, 57 },
{ IntegerRing() | 48, 52 },
{ IntegerRing() | 49, 62 },
{ IntegerRing() | 55, 59 },
{ IntegerRing() | 58, 63 },
{ IntegerRing() | 61, 64 }
@};
edge3`UpstairsTriple := [ PermutationGroup<64 |  
\[ 2, 3, 4, 5, 6, 7, 8, 9, 10, 11, 12, 13, 14, 15, 16, 17, 18, 19, 20, 21, 22, 23, 24, 25, 26, 27, 28, 29, 30, 31, 32, 33, 34, 35, 36, 37, 38, 39, 40, 41, 42, 43, 44, 45, 46, 47, 48, 49, 50, 51, 52, 53, 54, 55, 56, 57, 58, 59, 60, 61, 62, 63, 64, 1 ],
\[ 2, 1, 3, 4, 5, 6, 7, 8, 9, 10, 11, 12, 13, 14, 15, 16, 17, 18, 19, 20, 21, 22, 23, 24, 25, 26, 27, 28, 29, 30, 31, 32, 33, 34, 35, 36, 37, 38, 39, 40, 41, 42, 43, 44, 45, 46, 47, 48, 49, 50, 51, 52, 53, 54, 55, 56, 57, 58, 59, 60, 61, 62, 63, 64 ]:
 Order := 126886932185884164103433389335161480802865516174545192198801894375214704230400000000000000 > |
[ 2, 9, 8, 16, 11, 1, 21, 26, 6, 13, 31, 35, 38, 36, 3, 43, 14, 23, 4, 5, 50, 51, 53, 33, 7, 15, 29, 39, 56, 32, 20, 58, 52, 10, 60, 48, 12, 34, 40, 45, 18, 59, 19, 27, 28, 22, 24, 17, 54, 25, 63, 47, 41, 55, 61, 44, 30, 57, 64, 37, 49, 42, 46, 62 ],
[ 3, 10, 5, 6, 7, 18, 1, 27, 30, 11, 12, 2, 39, 15, 24, 44, 19, 20, 47, 4, 28, 9, 45, 25, 14, 54, 21, 8, 13, 31, 22, 56, 34, 36, 29, 37, 33, 55, 35, 32, 17, 26, 62, 23, 16, 48, 41, 57, 43, 42, 40, 46, 49, 50, 60, 51, 52, 61, 38, 59, 63, 53, 64, 58 ],
[ 4, 7, 14, 17, 18, 22, 24, 1, 12, 33, 3, 36, 2, 41, 42, 20, 46, 47, 49, 30, 5, 52, 6, 19, 54, 28, 16, 23, 8, 48, 10, 9, 15, 59, 11, 25, 55, 29, 21, 13, 62, 43, 45, 32, 51, 61, 57, 34, 58, 27, 31, 37, 44, 53, 26, 35, 64, 40, 50, 39, 38, 63, 56, 60 ]
];
edge3`UpstairsFilename := "64S9-4,4,8-g13-812707631.m";
edge3`DownstairsTriple := [ PermutationGroup<32 |  
\[ 2, 3, 4, 5, 6, 7, 8, 9, 10, 11, 12, 13, 14, 15, 16, 17, 18, 19, 20, 21, 22, 23, 24, 25, 26, 27, 28, 29, 30, 31, 32, 1 ],
\[ 2, 1, 3, 4, 5, 6, 7, 8, 9, 10, 11, 12, 13, 14, 15, 16, 17, 18, 19, 20, 21, 22, 23, 24, 25, 26, 27, 28, 29, 30, 31, 32 ]:
 Order := 263130836933693530167218012160000000 > |
[ 2, 8, 7, 15, 10, 1, 22, 6, 11, 25, 17, 27, 20, 3, 28, 12, 29, 4, 5, 21, 26, 14, 24, 30, 19, 13, 32, 18, 9, 31, 23, 16 ],
[ 3, 9, 1, 6, 13, 4, 23, 21, 2, 28, 24, 14, 5, 12, 31, 18, 19, 16, 17, 32, 8, 25, 7, 11, 22, 30, 29, 10, 27, 26, 15, 20 ],
[ 4, 3, 12, 16, 17, 21, 1, 9, 27, 13, 2, 18, 30, 25, 6, 20, 24, 10, 22, 5, 32, 23, 15, 7, 28, 8, 14, 31, 19, 11, 26, 29 ]
];
edge3`DownstairsFilename := "32S11-4,2,8-g3-2127903686.m";
Append(~s`Edges, edge3);

/*
Return for eval
*/

return s;
