s := TwoDBInitialize();

/*
Magma printing
*/

s`Name := "64S9-4,8,4-g13-1017902954";
s`Filename := "64S9-4,8,4-g13-1017902954.m";
s`Degree := 64;
s`Orders := \[ 4, 8, 4 ];
s`Geometry := "Hyperbolic";
s`Genus := 13;
s`Level := 6;
s`PermutationTriple := [ PermutationGroup<64 |  
\[ 2, 3, 4, 5, 6, 7, 8, 9, 10, 11, 12, 13, 14, 15, 16, 17, 18, 19, 20, 21, 22, 23, 24, 25, 26, 27, 28, 29, 30, 31, 32, 33, 34, 35, 36, 37, 38, 39, 40, 41, 42, 43, 44, 45, 46, 47, 48, 49, 50, 51, 52, 53, 54, 55, 56, 57, 58, 59, 60, 61, 62, 63, 64, 1 ],
\[ 2, 1, 3, 4, 5, 6, 7, 8, 9, 10, 11, 12, 13, 14, 15, 16, 17, 18, 19, 20, 21, 22, 23, 24, 25, 26, 27, 28, 29, 30, 31, 32, 33, 34, 35, 36, 37, 38, 39, 40, 41, 42, 43, 44, 45, 46, 47, 48, 49, 50, 51, 52, 53, 54, 55, 56, 57, 58, 59, 60, 61, 62, 63, 64 ]:
 Order := 126886932185884164103433389335161480802865516174545192198801894375214704230400000000000000 > |
[ 12, 39, 8, 53, 2, 5, 47, 37, 22, 14, 30, 9, 25, 27, 34, 20, 55, 15, 18, 50, 13, 1, 48, 21, 24, 46, 29, 32, 10, 28, 52, 11, 26, 19, 23, 43, 41, 51, 6, 49, 3, 54, 17, 42, 44, 59, 40, 64, 7, 63, 4, 56, 38, 45, 36, 58, 62, 31, 33, 57, 60, 61, 16, 35 ],
[ 3, 10, 16, 22, 18, 27, 1, 35, 37, 26, 5, 44, 2, 23, 56, 28, 41, 46, 31, 13, 55, 54, 51, 6, 43, 4, 59, 39, 64, 61, 49, 57, 7, 33, 30, 8, 50, 12, 34, 9, 48, 58, 29, 63, 52, 40, 17, 32, 36, 11, 62, 21, 60, 20, 14, 47, 15, 25, 38, 42, 19, 45, 24, 53 ],
[ 4, 11, 17, 23, 24, 28, 31, 1, 38, 43, 48, 7, 52, 2, 5, 44, 25, 61, 39, 3, 63, 40, 8, 58, 20, 34, 55, 35, 6, 50, 42, 16, 27, 57, 29, 21, 36, 64, 13, 56, 9, 12, 49, 62, 22, 10, 33, 14, 46, 54, 59, 19, 26, 60, 47, 45, 53, 15, 18, 30, 51, 32, 37, 41 ]
];
s`MonodromyGroup := PermutationGroup<64 |  
\[ 12, 39, 8, 53, 2, 5, 47, 37, 22, 14, 30, 9, 25, 27, 34, 20, 55, 15, 18, 50, 13, 1, 48, 21, 24, 46, 29, 32, 10, 28, 52, 11, 26, 19, 23, 43, 41, 51, 6, 49, 3, 54, 17, 42, 44, 59, 40, 64, 7, 63, 4, 56, 38, 45, 36, 58, 62, 31, 33, 57, 60, 61, 16, 35 ],
\[ 3, 10, 16, 22, 18, 27, 1, 35, 37, 26, 5, 44, 2, 23, 56, 28, 41, 46, 31, 13, 55, 54, 51, 6, 43, 4, 59, 39, 64, 61, 49, 57, 7, 33, 30, 8, 50, 12, 34, 9, 48, 58, 29, 63, 52, 40, 17, 32, 36, 11, 62, 21, 60, 20, 14, 47, 15, 25, 38, 42, 19, 45, 24, 53 ],
\[ 4, 11, 17, 23, 24, 28, 31, 1, 38, 43, 48, 7, 52, 2, 5, 44, 25, 61, 39, 3, 63, 40, 8, 58, 20, 34, 55, 35, 6, 50, 42, 16, 27, 57, 29, 21, 36, 64, 13, 56, 9, 12, 49, 62, 22, 10, 33, 14, 46, 54, 59, 19, 26, 60, 47, 45, 53, 15, 18, 30, 51, 32, 37, 41 ] >;

/*
Edge printing
*/

s`Edges := [];
edge1 := TwoEdgeInitialize();
edge1`Blocks := {@ PowerSet(IntegerRing()) |
{ IntegerRing() | 1, 5 },
{ IntegerRing() | 2, 12 },
{ IntegerRing() | 3, 18 },
{ IntegerRing() | 4, 24 },
{ IntegerRing() | 6, 22 },
{ IntegerRing() | 7, 11 },
{ IntegerRing() | 8, 15 },
{ IntegerRing() | 9, 39 },
{ IntegerRing() | 10, 44 },
{ IntegerRing() | 13, 38 },
{ IntegerRing() | 14, 42 },
{ IntegerRing() | 16, 46 },
{ IntegerRing() | 17, 61 },
{ IntegerRing() | 19, 41 },
{ IntegerRing() | 20, 59 },
{ IntegerRing() | 21, 53 },
{ IntegerRing() | 23, 58 },
{ IntegerRing() | 25, 51 },
{ IntegerRing() | 26, 63 },
{ IntegerRing() | 27, 54 },
{ IntegerRing() | 28, 40 },
{ IntegerRing() | 29, 45 },
{ IntegerRing() | 30, 47 },
{ IntegerRing() | 31, 48 },
{ IntegerRing() | 32, 49 },
{ IntegerRing() | 33, 50 },
{ IntegerRing() | 34, 37 },
{ IntegerRing() | 35, 56 },
{ IntegerRing() | 36, 57 },
{ IntegerRing() | 43, 62 },
{ IntegerRing() | 52, 64 },
{ IntegerRing() | 55, 60 }
@};
edge1`UpstairsTriple := [ PermutationGroup<64 |  
\[ 2, 3, 4, 5, 6, 7, 8, 9, 10, 11, 12, 13, 14, 15, 16, 17, 18, 19, 20, 21, 22, 23, 24, 25, 26, 27, 28, 29, 30, 31, 32, 33, 34, 35, 36, 37, 38, 39, 40, 41, 42, 43, 44, 45, 46, 47, 48, 49, 50, 51, 52, 53, 54, 55, 56, 57, 58, 59, 60, 61, 62, 63, 64, 1 ],
\[ 2, 1, 3, 4, 5, 6, 7, 8, 9, 10, 11, 12, 13, 14, 15, 16, 17, 18, 19, 20, 21, 22, 23, 24, 25, 26, 27, 28, 29, 30, 31, 32, 33, 34, 35, 36, 37, 38, 39, 40, 41, 42, 43, 44, 45, 46, 47, 48, 49, 50, 51, 52, 53, 54, 55, 56, 57, 58, 59, 60, 61, 62, 63, 64 ]:
 Order := 126886932185884164103433389335161480802865516174545192198801894375214704230400000000000000 > |
[ 12, 39, 8, 53, 2, 5, 47, 37, 22, 14, 30, 9, 25, 27, 34, 20, 55, 15, 18, 50, 13, 1, 48, 21, 24, 46, 29, 32, 10, 28, 52, 11, 26, 19, 23, 43, 41, 51, 6, 49, 3, 54, 17, 42, 44, 59, 40, 64, 7, 63, 4, 56, 38, 45, 36, 58, 62, 31, 33, 57, 60, 61, 16, 35 ],
[ 3, 10, 16, 22, 18, 27, 1, 35, 37, 26, 5, 44, 2, 23, 56, 28, 41, 46, 31, 13, 55, 54, 51, 6, 43, 4, 59, 39, 64, 61, 49, 57, 7, 33, 30, 8, 50, 12, 34, 9, 48, 58, 29, 63, 52, 40, 17, 32, 36, 11, 62, 21, 60, 20, 14, 47, 15, 25, 38, 42, 19, 45, 24, 53 ],
[ 4, 11, 17, 23, 24, 28, 31, 1, 38, 43, 48, 7, 52, 2, 5, 44, 25, 61, 39, 3, 63, 40, 8, 58, 20, 34, 55, 35, 6, 50, 42, 16, 27, 57, 29, 21, 36, 64, 13, 56, 9, 12, 49, 62, 22, 10, 33, 14, 46, 54, 59, 19, 26, 60, 47, 45, 53, 15, 18, 30, 51, 32, 37, 41 ]
];
edge1`UpstairsFilename := "64S9-4,8,4-g13-1017902954.m";
edge1`DownstairsTriple := [ PermutationGroup<32 |  
\[ 2, 3, 4, 5, 6, 7, 8, 9, 10, 11, 12, 13, 14, 15, 16, 17, 18, 19, 20, 21, 22, 23, 24, 25, 26, 27, 28, 29, 30, 31, 32, 1 ],
\[ 2, 1, 3, 4, 5, 6, 7, 8, 9, 10, 11, 12, 13, 14, 15, 16, 17, 18, 19, 20, 21, 22, 23, 24, 25, 26, 27, 28, 29, 30, 31, 32 ]:
 Order := 263130836933693530167218012160000000 > |
[ 6, 1, 8, 20, 2, 5, 26, 15, 11, 24, 22, 3, 16, 30, 12, 27, 4, 25, 17, 19, 13, 23, 9, 7, 31, 10, 21, 18, 32, 29, 28, 14 ],
[ 3, 9, 13, 2, 15, 22, 1, 28, 16, 5, 31, 25, 10, 12, 27, 19, 32, 17, 6, 30, 4, 21, 18, 29, 24, 14, 7, 26, 8, 23, 20, 11 ],
[ 4, 10, 14, 18, 19, 7, 25, 1, 30, 28, 2, 5, 22, 17, 29, 3, 16, 8, 31, 21, 15, 32, 6, 13, 23, 27, 9, 11, 20, 26, 12, 24 ]
];
edge1`DownstairsFilename := "32S10-4,8,4-g7-1560466583.m";
Append(~s`Edges, edge1);
edge2 := TwoEdgeInitialize();
edge2`Blocks := {@ PowerSet(IntegerRing()) |
{ IntegerRing() | 1, 5 },
{ IntegerRing() | 2, 11 },
{ IntegerRing() | 3, 16 },
{ IntegerRing() | 4, 21 },
{ IntegerRing() | 6, 24 },
{ IntegerRing() | 7, 25 },
{ IntegerRing() | 8, 26 },
{ IntegerRing() | 9, 37 },
{ IntegerRing() | 10, 40 },
{ IntegerRing() | 12, 41 },
{ IntegerRing() | 13, 42 },
{ IntegerRing() | 14, 33 },
{ IntegerRing() | 15, 50 },
{ IntegerRing() | 17, 52 },
{ IntegerRing() | 18, 23 },
{ IntegerRing() | 19, 49 },
{ IntegerRing() | 20, 55 },
{ IntegerRing() | 22, 57 },
{ IntegerRing() | 27, 60 },
{ IntegerRing() | 28, 61 },
{ IntegerRing() | 29, 56 },
{ IntegerRing() | 30, 47 },
{ IntegerRing() | 31, 35 },
{ IntegerRing() | 32, 62 },
{ IntegerRing() | 34, 63 },
{ IntegerRing() | 36, 58 },
{ IntegerRing() | 38, 44 },
{ IntegerRing() | 39, 48 },
{ IntegerRing() | 43, 45 },
{ IntegerRing() | 46, 51 },
{ IntegerRing() | 53, 64 },
{ IntegerRing() | 54, 59 }
@};
edge2`UpstairsTriple := [ PermutationGroup<64 |  
\[ 2, 3, 4, 5, 6, 7, 8, 9, 10, 11, 12, 13, 14, 15, 16, 17, 18, 19, 20, 21, 22, 23, 24, 25, 26, 27, 28, 29, 30, 31, 32, 33, 34, 35, 36, 37, 38, 39, 40, 41, 42, 43, 44, 45, 46, 47, 48, 49, 50, 51, 52, 53, 54, 55, 56, 57, 58, 59, 60, 61, 62, 63, 64, 1 ],
\[ 2, 1, 3, 4, 5, 6, 7, 8, 9, 10, 11, 12, 13, 14, 15, 16, 17, 18, 19, 20, 21, 22, 23, 24, 25, 26, 27, 28, 29, 30, 31, 32, 33, 34, 35, 36, 37, 38, 39, 40, 41, 42, 43, 44, 45, 46, 47, 48, 49, 50, 51, 52, 53, 54, 55, 56, 57, 58, 59, 60, 61, 62, 63, 64 ]:
 Order := 126886932185884164103433389335161480802865516174545192198801894375214704230400000000000000 > |
[ 2, 9, 8, 19, 11, 1, 30, 34, 6, 13, 37, 22, 27, 18, 48, 26, 3, 54, 12, 53, 49, 4, 59, 5, 47, 63, 29, 32, 10, 28, 55, 7, 23, 17, 20, 51, 24, 14, 58, 42, 57, 60, 35, 33, 31, 50, 61, 36, 41, 39, 15, 16, 43, 38, 64, 40, 21, 46, 44, 56, 62, 25, 52, 45 ],
[ 3, 10, 14, 6, 16, 27, 1, 35, 34, 38, 40, 2, 45, 25, 17, 33, 53, 21, 46, 22, 24, 39, 4, 60, 5, 31, 18, 9, 55, 15, 32, 36, 7, 54, 62, 8, 63, 41, 29, 44, 11, 43, 19, 12, 49, 13, 50, 56, 51, 52, 42, 64, 47, 61, 57, 20, 48, 26, 28, 23, 37, 58, 59, 30 ],
[ 4, 7, 15, 20, 21, 28, 31, 1, 12, 39, 25, 43, 2, 10, 49, 50, 9, 3, 23, 8, 55, 44, 16, 61, 35, 5, 46, 64, 6, 33, 13, 59, 40, 36, 42, 57, 41, 34, 47, 48, 45, 11, 17, 63, 52, 62, 14, 30, 18, 19, 32, 37, 56, 27, 26, 24, 38, 22, 60, 51, 53, 54, 58, 29 ]
];
edge2`UpstairsFilename := "64S9-4,8,4-g13-1151495800.m";
edge2`DownstairsTriple := [ PermutationGroup<32 |  
\[ 2, 3, 4, 5, 6, 7, 8, 9, 10, 11, 12, 13, 14, 15, 16, 17, 18, 19, 20, 21, 22, 23, 24, 25, 26, 27, 28, 29, 30, 31, 32, 1 ],
\[ 2, 1, 3, 4, 5, 6, 7, 8, 9, 10, 11, 12, 13, 14, 15, 16, 17, 18, 19, 20, 21, 22, 23, 24, 25, 26, 27, 28, 29, 30, 31, 32 ]:
 Order := 263130836933693530167218012160000000 > |
[ 6, 1, 8, 20, 2, 5, 25, 15, 11, 23, 21, 3, 16, 30, 12, 28, 4, 29, 17, 19, 22, 9, 7, 18, 10, 27, 14, 32, 31, 26, 24, 13 ],
[ 3, 9, 13, 2, 15, 21, 1, 24, 16, 5, 18, 29, 7, 12, 28, 4, 30, 17, 6, 27, 32, 31, 26, 23, 14, 8, 22, 10, 25, 11, 20, 19 ],
[ 4, 10, 14, 18, 19, 7, 24, 1, 27, 29, 2, 5, 21, 20, 26, 3, 32, 8, 31, 16, 30, 6, 28, 22, 13, 17, 23, 9, 11, 25, 12, 15 ]
];
edge2`DownstairsFilename := "32S6-4,4,4-g5-95305702.m";
Append(~s`Edges, edge2);
edge3 := TwoEdgeInitialize();
edge3`Blocks := {@ PowerSet(IntegerRing()) |
{ IntegerRing() | 1, 5 },
{ IntegerRing() | 2, 6 },
{ IntegerRing() | 3, 14 },
{ IntegerRing() | 4, 10 },
{ IntegerRing() | 7, 21 },
{ IntegerRing() | 8, 15 },
{ IntegerRing() | 9, 22 },
{ IntegerRing() | 11, 23 },
{ IntegerRing() | 12, 37 },
{ IntegerRing() | 13, 29 },
{ IntegerRing() | 16, 30 },
{ IntegerRing() | 17, 19 },
{ IntegerRing() | 18, 32 },
{ IntegerRing() | 20, 33 },
{ IntegerRing() | 24, 26 },
{ IntegerRing() | 25, 50 },
{ IntegerRing() | 27, 47 },
{ IntegerRing() | 28, 42 },
{ IntegerRing() | 31, 35 },
{ IntegerRing() | 34, 51 },
{ IntegerRing() | 36, 61 },
{ IntegerRing() | 38, 54 },
{ IntegerRing() | 39, 41 },
{ IntegerRing() | 40, 56 },
{ IntegerRing() | 43, 57 },
{ IntegerRing() | 44, 46 },
{ IntegerRing() | 45, 55 },
{ IntegerRing() | 48, 58 },
{ IntegerRing() | 49, 53 },
{ IntegerRing() | 52, 59 },
{ IntegerRing() | 60, 64 },
{ IntegerRing() | 62, 63 }
@};
edge3`UpstairsTriple := [ PermutationGroup<64 |  
\[ 2, 3, 4, 5, 6, 7, 8, 9, 10, 11, 12, 13, 14, 15, 16, 17, 18, 19, 20, 21, 22, 23, 24, 25, 26, 27, 28, 29, 30, 31, 32, 33, 34, 35, 36, 37, 38, 39, 40, 41, 42, 43, 44, 45, 46, 47, 48, 49, 50, 51, 52, 53, 54, 55, 56, 57, 58, 59, 60, 61, 62, 63, 64, 1 ],
\[ 2, 1, 3, 4, 5, 6, 7, 8, 9, 10, 11, 12, 13, 14, 15, 16, 17, 18, 19, 20, 21, 22, 23, 24, 25, 26, 27, 28, 29, 30, 31, 32, 33, 34, 35, 36, 37, 38, 39, 40, 41, 42, 43, 44, 45, 46, 47, 48, 49, 50, 51, 52, 53, 54, 55, 56, 57, 58, 59, 60, 61, 62, 63, 64 ]:
 Order := 126886932185884164103433389335161480802865516174545192198801894375214704230400000000000000 > |
[ 2, 5, 8, 17, 6, 1, 24, 14, 11, 19, 22, 16, 39, 15, 3, 37, 10, 42, 4, 47, 26, 23, 9, 21, 51, 7, 20, 18, 41, 12, 46, 28, 27, 25, 44, 38, 30, 61, 29, 57, 13, 32, 40, 31, 53, 35, 33, 52, 45, 34, 50, 58, 55, 36, 49, 43, 56, 59, 48, 62, 54, 64, 60, 63 ],
[ 3, 9, 12, 6, 14, 22, 1, 28, 30, 2, 34, 36, 15, 37, 42, 43, 35, 19, 31, 4, 5, 16, 51, 13, 26, 29, 7, 54, 8, 57, 23, 17, 10, 40, 11, 60, 61, 44, 45, 41, 55, 38, 63, 59, 18, 52, 21, 27, 20, 24, 56, 25, 33, 46, 32, 39, 62, 47, 50, 48, 64, 53, 49, 58 ],
[ 4, 7, 13, 18, 10, 21, 25, 1, 31, 32, 2, 9, 40, 29, 5, 3, 20, 8, 33, 48, 50, 35, 6, 27, 11, 47, 53, 55, 56, 14, 38, 15, 58, 59, 54, 28, 22, 12, 24, 16, 26, 45, 51, 17, 63, 19, 49, 44, 41, 23, 52, 60, 39, 37, 62, 30, 34, 46, 64, 43, 42, 36, 61, 57 ]
];
edge3`UpstairsFilename := "64S9-4,8,4-g13-3720487987.m";
edge3`DownstairsTriple := [ PermutationGroup<32 |  
\[ 2, 3, 4, 5, 6, 7, 8, 9, 10, 11, 12, 13, 14, 15, 16, 17, 18, 19, 20, 21, 22, 23, 24, 25, 26, 27, 28, 29, 30, 31, 32, 1 ],
\[ 2, 1, 3, 4, 5, 6, 7, 8, 9, 10, 11, 12, 13, 14, 15, 16, 17, 18, 19, 20, 21, 22, 23, 24, 25, 26, 27, 28, 29, 30, 31, 32 ]:
 Order := 263130836933693530167218012160000000 > |
[ 2, 1, 7, 15, 9, 21, 3, 10, 5, 8, 14, 30, 20, 11, 4, 24, 31, 23, 29, 13, 6, 28, 18, 16, 32, 27, 26, 22, 19, 12, 17, 25 ],
[ 3, 8, 11, 2, 13, 1, 24, 14, 26, 28, 19, 7, 23, 17, 25, 15, 9, 4, 5, 22, 12, 21, 6, 29, 10, 18, 16, 31, 32, 27, 30, 20 ],
[ 4, 6, 12, 16, 17, 22, 1, 25, 19, 2, 8, 31, 32, 3, 18, 7, 28, 13, 24, 5, 23, 10, 26, 27, 29, 30, 9, 20, 11, 21, 14, 15 ]
];
edge3`DownstairsFilename := "32S11-2,8,4-g3-893935853.m";
Append(~s`Edges, edge3);

/*
Return for eval
*/

return s;
