s := TwoDBInitialize();

/*
Magma printing
*/

s`Name := "64S9-4,4,8-g13-1628230051";
s`Filename := "64S9-4,4,8-g13-1628230051.m";
s`Degree := 64;
s`Orders := \[ 4, 4, 8 ];
s`Geometry := "Hyperbolic";
s`Genus := 13;
s`Level := 6;
s`PermutationTriple := [ PermutationGroup<64 |  
\[ 2, 3, 4, 5, 6, 7, 8, 9, 10, 11, 12, 13, 14, 15, 16, 17, 18, 19, 20, 21, 22, 23, 24, 25, 26, 27, 28, 29, 30, 31, 32, 33, 34, 35, 36, 37, 38, 39, 40, 41, 42, 43, 44, 45, 46, 47, 48, 49, 50, 51, 52, 53, 54, 55, 56, 57, 58, 59, 60, 61, 62, 63, 64, 1 ],
\[ 2, 1, 3, 4, 5, 6, 7, 8, 9, 10, 11, 12, 13, 14, 15, 16, 17, 18, 19, 20, 21, 22, 23, 24, 25, 26, 27, 28, 29, 30, 31, 32, 33, 34, 35, 36, 37, 38, 39, 40, 41, 42, 43, 44, 45, 46, 47, 48, 49, 50, 51, 52, 53, 54, 55, 56, 57, 58, 59, 60, 61, 62, 63, 64 ]:
 Order := 126886932185884164103433389335161480802865516174545192198801894375214704230400000000000000 > |
[ 2, 9, 8, 19, 11, 1, 30, 33, 6, 13, 37, 22, 27, 18, 45, 26, 3, 55, 12, 34, 50, 4, 48, 5, 63, 60, 29, 32, 10, 28, 44, 7, 17, 36, 39, 54, 24, 41, 15, 43, 23, 56, 47, 46, 35, 64, 62, 38, 14, 42, 58, 25, 16, 20, 49, 21, 51, 59, 57, 53, 52, 40, 61, 31 ],
[ 3, 10, 14, 6, 16, 27, 1, 34, 33, 38, 40, 2, 44, 7, 17, 48, 54, 42, 57, 22, 24, 58, 4, 47, 5, 46, 23, 9, 64, 59, 32, 51, 55, 63, 8, 19, 60, 12, 29, 18, 61, 11, 20, 56, 13, 30, 49, 25, 21, 39, 53, 15, 31, 52, 28, 45, 62, 43, 26, 41, 37, 36, 35, 50 ],
[ 4, 7, 15, 20, 21, 28, 31, 1, 12, 39, 25, 36, 2, 47, 50, 51, 9, 3, 23, 17, 44, 38, 60, 61, 54, 5, 45, 46, 6, 14, 29, 55, 35, 43, 56, 8, 42, 16, 63, 57, 10, 64, 11, 53, 52, 13, 58, 27, 33, 49, 19, 41, 37, 62, 40, 18, 30, 32, 22, 59, 34, 24, 48, 26 ]
];
s`MonodromyGroup := PermutationGroup<64 |  
\[ 2, 9, 8, 19, 11, 1, 30, 33, 6, 13, 37, 22, 27, 18, 45, 26, 3, 55, 12, 34, 50, 4, 48, 5, 63, 60, 29, 32, 10, 28, 44, 7, 17, 36, 39, 54, 24, 41, 15, 43, 23, 56, 47, 46, 35, 64, 62, 38, 14, 42, 58, 25, 16, 20, 49, 21, 51, 59, 57, 53, 52, 40, 61, 31 ],
\[ 3, 10, 14, 6, 16, 27, 1, 34, 33, 38, 40, 2, 44, 7, 17, 48, 54, 42, 57, 22, 24, 58, 4, 47, 5, 46, 23, 9, 64, 59, 32, 51, 55, 63, 8, 19, 60, 12, 29, 18, 61, 11, 20, 56, 13, 30, 49, 25, 21, 39, 53, 15, 31, 52, 28, 45, 62, 43, 26, 41, 37, 36, 35, 50 ],
\[ 4, 7, 15, 20, 21, 28, 31, 1, 12, 39, 25, 36, 2, 47, 50, 51, 9, 3, 23, 17, 44, 38, 60, 61, 54, 5, 45, 46, 6, 14, 29, 55, 35, 43, 56, 8, 42, 16, 63, 57, 10, 64, 11, 53, 52, 13, 58, 27, 33, 49, 19, 41, 37, 62, 40, 18, 30, 32, 22, 59, 34, 24, 48, 26 ] >;

/*
Edge printing
*/

s`Edges := [];
edge1 := TwoEdgeInitialize();
edge1`Blocks := {@ PowerSet(IntegerRing()) |
{ IntegerRing() | 1, 5 },
{ IntegerRing() | 2, 11 },
{ IntegerRing() | 3, 16 },
{ IntegerRing() | 4, 21 },
{ IntegerRing() | 6, 24 },
{ IntegerRing() | 7, 25 },
{ IntegerRing() | 8, 26 },
{ IntegerRing() | 9, 37 },
{ IntegerRing() | 10, 40 },
{ IntegerRing() | 12, 42 },
{ IntegerRing() | 13, 43 },
{ IntegerRing() | 14, 48 },
{ IntegerRing() | 15, 51 },
{ IntegerRing() | 17, 53 },
{ IntegerRing() | 18, 38 },
{ IntegerRing() | 19, 50 },
{ IntegerRing() | 20, 44 },
{ IntegerRing() | 22, 56 },
{ IntegerRing() | 23, 49 },
{ IntegerRing() | 27, 47 },
{ IntegerRing() | 28, 61 },
{ IntegerRing() | 29, 62 },
{ IntegerRing() | 30, 63 },
{ IntegerRing() | 31, 54 },
{ IntegerRing() | 32, 52 },
{ IntegerRing() | 33, 60 },
{ IntegerRing() | 34, 46 },
{ IntegerRing() | 35, 59 },
{ IntegerRing() | 36, 64 },
{ IntegerRing() | 39, 57 },
{ IntegerRing() | 41, 55 },
{ IntegerRing() | 45, 58 }
@};
edge1`UpstairsTriple := [ PermutationGroup<64 |  
\[ 2, 3, 4, 5, 6, 7, 8, 9, 10, 11, 12, 13, 14, 15, 16, 17, 18, 19, 20, 21, 22, 23, 24, 25, 26, 27, 28, 29, 30, 31, 32, 33, 34, 35, 36, 37, 38, 39, 40, 41, 42, 43, 44, 45, 46, 47, 48, 49, 50, 51, 52, 53, 54, 55, 56, 57, 58, 59, 60, 61, 62, 63, 64, 1 ],
\[ 2, 1, 3, 4, 5, 6, 7, 8, 9, 10, 11, 12, 13, 14, 15, 16, 17, 18, 19, 20, 21, 22, 23, 24, 25, 26, 27, 28, 29, 30, 31, 32, 33, 34, 35, 36, 37, 38, 39, 40, 41, 42, 43, 44, 45, 46, 47, 48, 49, 50, 51, 52, 53, 54, 55, 56, 57, 58, 59, 60, 61, 62, 63, 64 ]:
 Order := 126886932185884164103433389335161480802865516174545192198801894375214704230400000000000000 > |
[ 2, 9, 8, 19, 11, 1, 30, 33, 6, 13, 37, 22, 27, 18, 45, 26, 3, 55, 12, 34, 50, 4, 48, 5, 63, 60, 29, 32, 10, 28, 44, 7, 17, 36, 39, 54, 24, 41, 15, 43, 23, 56, 47, 46, 35, 64, 62, 38, 14, 42, 58, 25, 16, 20, 49, 21, 51, 59, 57, 53, 52, 40, 61, 31 ],
[ 3, 10, 14, 6, 16, 27, 1, 34, 33, 38, 40, 2, 44, 7, 17, 48, 54, 42, 57, 22, 24, 58, 4, 47, 5, 46, 23, 9, 64, 59, 32, 51, 55, 63, 8, 19, 60, 12, 29, 18, 61, 11, 20, 56, 13, 30, 49, 25, 21, 39, 53, 15, 31, 52, 28, 45, 62, 43, 26, 41, 37, 36, 35, 50 ],
[ 4, 7, 15, 20, 21, 28, 31, 1, 12, 39, 25, 36, 2, 47, 50, 51, 9, 3, 23, 17, 44, 38, 60, 61, 54, 5, 45, 46, 6, 14, 29, 55, 35, 43, 56, 8, 42, 16, 63, 57, 10, 64, 11, 53, 52, 13, 58, 27, 33, 49, 19, 41, 37, 62, 40, 18, 30, 32, 22, 59, 34, 24, 48, 26 ]
];
edge1`UpstairsFilename := "64S9-4,4,8-g13-1628230051.m";
edge1`DownstairsTriple := [ PermutationGroup<32 |  
\[ 2, 3, 4, 5, 6, 7, 8, 9, 10, 11, 12, 13, 14, 15, 16, 17, 18, 19, 20, 21, 22, 23, 24, 25, 26, 27, 28, 29, 30, 31, 32, 1 ],
\[ 2, 1, 3, 4, 5, 6, 7, 8, 9, 10, 11, 12, 13, 14, 15, 16, 17, 18, 19, 20, 21, 22, 23, 24, 25, 26, 27, 28, 29, 30, 31, 32 ]:
 Order := 263130836933693530167218012160000000 > |
[ 6, 1, 8, 20, 2, 5, 26, 15, 11, 24, 22, 3, 16, 30, 12, 31, 4, 27, 17, 19, 13, 23, 9, 7, 18, 10, 29, 32, 25, 28, 21, 14 ],
[ 3, 9, 13, 2, 15, 22, 1, 27, 21, 5, 29, 25, 7, 12, 31, 19, 30, 17, 6, 32, 4, 16, 18, 14, 24, 28, 26, 8, 20, 23, 10, 11 ],
[ 4, 10, 14, 18, 19, 7, 25, 1, 30, 27, 2, 5, 9, 20, 28, 3, 16, 12, 29, 21, 15, 32, 6, 31, 11, 13, 23, 17, 8, 24, 22, 26 ]
];
edge1`DownstairsFilename := "32S10-4,4,8-g7-1089880469.m";
Append(~s`Edges, edge1);
edge2 := TwoEdgeInitialize();
edge2`Blocks := {@ PowerSet(IntegerRing()) |
{ IntegerRing() | 1, 5 },
{ IntegerRing() | 2, 6 },
{ IntegerRing() | 3, 14 },
{ IntegerRing() | 4, 10 },
{ IntegerRing() | 7, 21 },
{ IntegerRing() | 8, 15 },
{ IntegerRing() | 9, 22 },
{ IntegerRing() | 11, 23 },
{ IntegerRing() | 12, 37 },
{ IntegerRing() | 13, 28 },
{ IntegerRing() | 16, 38 },
{ IntegerRing() | 17, 19 },
{ IntegerRing() | 18, 29 },
{ IntegerRing() | 20, 30 },
{ IntegerRing() | 24, 26 },
{ IntegerRing() | 25, 35 },
{ IntegerRing() | 27, 41 },
{ IntegerRing() | 31, 34 },
{ IntegerRing() | 32, 50 },
{ IntegerRing() | 33, 52 },
{ IntegerRing() | 36, 43 },
{ IntegerRing() | 39, 44 },
{ IntegerRing() | 40, 54 },
{ IntegerRing() | 42, 58 },
{ IntegerRing() | 45, 48 },
{ IntegerRing() | 46, 49 },
{ IntegerRing() | 47, 56 },
{ IntegerRing() | 51, 57 },
{ IntegerRing() | 53, 59 },
{ IntegerRing() | 55, 61 },
{ IntegerRing() | 60, 62 },
{ IntegerRing() | 63, 64 }
@};
edge2`UpstairsTriple := [ PermutationGroup<64 |  
\[ 2, 3, 4, 5, 6, 7, 8, 9, 10, 11, 12, 13, 14, 15, 16, 17, 18, 19, 20, 21, 22, 23, 24, 25, 26, 27, 28, 29, 30, 31, 32, 33, 34, 35, 36, 37, 38, 39, 40, 41, 42, 43, 44, 45, 46, 47, 48, 49, 50, 51, 52, 53, 54, 55, 56, 57, 58, 59, 60, 61, 62, 63, 64, 1 ],
\[ 2, 1, 3, 4, 5, 6, 7, 8, 9, 10, 11, 12, 13, 14, 15, 16, 17, 18, 19, 20, 21, 22, 23, 24, 25, 26, 27, 28, 29, 30, 31, 32, 33, 34, 35, 36, 37, 38, 39, 40, 41, 42, 43, 44, 45, 46, 47, 48, 49, 50, 51, 52, 53, 54, 55, 56, 57, 58, 59, 60, 61, 62, 63, 64 ]:
 Order := 126886932185884164103433389335161480802865516174545192198801894375214704230400000000000000 > |
[ 2, 5, 8, 17, 6, 1, 24, 14, 11, 19, 22, 16, 34, 15, 3, 37, 10, 27, 4, 50, 26, 23, 9, 21, 33, 7, 29, 31, 41, 32, 13, 20, 35, 28, 52, 56, 38, 12, 42, 61, 18, 44, 47, 58, 46, 48, 36, 49, 45, 30, 53, 25, 57, 55, 40, 43, 59, 39, 51, 64, 54, 63, 60, 62 ],
[ 3, 9, 12, 6, 14, 22, 1, 27, 30, 2, 33, 7, 15, 37, 41, 42, 45, 19, 48, 4, 5, 20, 52, 49, 26, 46, 54, 8, 17, 10, 23, 55, 44, 11, 24, 38, 21, 58, 31, 13, 40, 62, 16, 34, 56, 53, 18, 47, 59, 61, 32, 39, 25, 28, 63, 29, 50, 60, 35, 36, 64, 43, 51, 57 ],
[ 4, 7, 13, 18, 10, 21, 25, 1, 31, 29, 2, 36, 39, 28, 5, 3, 20, 15, 30, 51, 35, 34, 6, 12, 23, 37, 47, 44, 8, 57, 54, 9, 53, 40, 11, 48, 43, 14, 38, 32, 56, 52, 45, 16, 24, 17, 62, 26, 19, 22, 49, 59, 63, 50, 27, 60, 46, 33, 64, 55, 41, 61, 42, 58 ]
];
edge2`UpstairsFilename := "64S9-4,4,8-g13-1100528383.m";
edge2`DownstairsTriple := [ PermutationGroup<32 |  
\[ 2, 3, 4, 5, 6, 7, 8, 9, 10, 11, 12, 13, 14, 15, 16, 17, 18, 19, 20, 21, 22, 23, 24, 25, 26, 27, 28, 29, 30, 31, 32, 1 ],
\[ 2, 1, 3, 4, 5, 6, 7, 8, 9, 10, 11, 12, 13, 14, 15, 16, 17, 18, 19, 20, 21, 22, 23, 24, 25, 26, 27, 28, 29, 30, 31, 32 ]:
 Order := 263130836933693530167218012160000000 > |
[ 2, 1, 7, 15, 9, 21, 3, 10, 5, 8, 14, 24, 20, 11, 4, 23, 29, 26, 31, 13, 6, 28, 16, 12, 27, 18, 25, 22, 17, 32, 19, 30 ],
[ 3, 8, 11, 2, 13, 1, 23, 18, 25, 28, 6, 7, 26, 17, 32, 15, 9, 4, 5, 22, 30, 21, 31, 10, 14, 19, 16, 29, 24, 20, 12, 27 ],
[ 4, 6, 12, 16, 17, 22, 1, 24, 19, 2, 25, 29, 30, 3, 18, 7, 28, 13, 23, 5, 11, 10, 27, 31, 32, 8, 9, 20, 14, 15, 26, 21 ]
];
edge2`DownstairsFilename := "32S6-2,4,4-g1-2396187220.m";
Append(~s`Edges, edge2);
edge3 := TwoEdgeInitialize();
edge3`Blocks := {@ PowerSet(IntegerRing()) |
{ IntegerRing() | 1, 5 },
{ IntegerRing() | 2, 11 },
{ IntegerRing() | 3, 16 },
{ IntegerRing() | 4, 21 },
{ IntegerRing() | 6, 24 },
{ IntegerRing() | 7, 25 },
{ IntegerRing() | 8, 26 },
{ IntegerRing() | 9, 37 },
{ IntegerRing() | 10, 40 },
{ IntegerRing() | 12, 42 },
{ IntegerRing() | 13, 43 },
{ IntegerRing() | 14, 41 },
{ IntegerRing() | 15, 49 },
{ IntegerRing() | 17, 51 },
{ IntegerRing() | 18, 23 },
{ IntegerRing() | 19, 55 },
{ IntegerRing() | 20, 58 },
{ IntegerRing() | 22, 48 },
{ IntegerRing() | 27, 54 },
{ IntegerRing() | 28, 62 },
{ IntegerRing() | 29, 59 },
{ IntegerRing() | 30, 50 },
{ IntegerRing() | 31, 34 },
{ IntegerRing() | 32, 63 },
{ IntegerRing() | 33, 64 },
{ IntegerRing() | 35, 57 },
{ IntegerRing() | 36, 44 },
{ IntegerRing() | 38, 47 },
{ IntegerRing() | 39, 60 },
{ IntegerRing() | 45, 56 },
{ IntegerRing() | 46, 52 },
{ IntegerRing() | 53, 61 }
@};
edge3`UpstairsTriple := [ PermutationGroup<64 |  
\[ 2, 3, 4, 5, 6, 7, 8, 9, 10, 11, 12, 13, 14, 15, 16, 17, 18, 19, 20, 21, 22, 23, 24, 25, 26, 27, 28, 29, 30, 31, 32, 33, 34, 35, 36, 37, 38, 39, 40, 41, 42, 43, 44, 45, 46, 47, 48, 49, 50, 51, 52, 53, 54, 55, 56, 57, 58, 59, 60, 61, 62, 63, 64, 1 ],
\[ 2, 1, 3, 4, 5, 6, 7, 8, 9, 10, 11, 12, 13, 14, 15, 16, 17, 18, 19, 20, 21, 22, 23, 24, 25, 26, 27, 28, 29, 30, 31, 32, 33, 34, 35, 36, 37, 38, 39, 40, 41, 42, 43, 44, 45, 46, 47, 48, 49, 50, 51, 52, 53, 54, 55, 56, 57, 58, 59, 60, 61, 62, 63, 64 ]:
 Order := 126886932185884164103433389335161480802865516174545192198801894375214704230400000000000000 > |
[ 2, 9, 8, 19, 11, 1, 30, 33, 6, 13, 37, 22, 27, 18, 45, 26, 3, 53, 12, 34, 55, 4, 61, 5, 50, 64, 29, 32, 10, 28, 44, 7, 17, 36, 39, 52, 24, 41, 15, 43, 23, 48, 54, 46, 35, 58, 14, 21, 56, 62, 16, 20, 47, 59, 42, 57, 60, 31, 40, 49, 38, 63, 25, 51 ],
[ 3, 10, 14, 6, 16, 27, 1, 34, 33, 38, 40, 2, 44, 7, 17, 41, 52, 21, 56, 22, 24, 60, 4, 54, 5, 31, 23, 9, 58, 49, 32, 57, 53, 63, 8, 19, 64, 12, 29, 47, 25, 11, 36, 55, 13, 30, 42, 39, 51, 15, 46, 50, 28, 18, 45, 43, 26, 48, 20, 59, 62, 37, 35, 61 ],
[ 4, 7, 15, 20, 21, 28, 31, 1, 12, 39, 25, 36, 2, 40, 48, 49, 9, 3, 23, 17, 58, 38, 16, 62, 34, 5, 45, 46, 6, 14, 29, 53, 35, 59, 55, 8, 42, 64, 63, 60, 10, 44, 11, 26, 50, 13, 33, 47, 22, 41, 37, 43, 54, 56, 18, 30, 19, 51, 24, 32, 27, 52, 61, 57 ]
];
edge3`UpstairsFilename := "64S9-4,4,8-g13-706193629.m";
edge3`DownstairsTriple := [ PermutationGroup<32 |  
\[ 2, 3, 4, 5, 6, 7, 8, 9, 10, 11, 12, 13, 14, 15, 16, 17, 18, 19, 20, 21, 22, 23, 24, 25, 26, 27, 28, 29, 30, 31, 32, 1 ],
\[ 2, 1, 3, 4, 5, 6, 7, 8, 9, 10, 11, 12, 13, 14, 15, 16, 17, 18, 19, 20, 21, 22, 23, 24, 25, 26, 27, 28, 29, 30, 31, 32 ]:
 Order := 263130836933693530167218012160000000 > |
[ 6, 1, 8, 20, 2, 5, 25, 15, 11, 23, 21, 3, 16, 28, 12, 29, 4, 24, 17, 19, 22, 9, 7, 27, 10, 31, 30, 26, 32, 18, 14, 13 ],
[ 3, 9, 13, 2, 15, 21, 1, 24, 16, 5, 18, 30, 7, 12, 29, 4, 31, 17, 6, 28, 32, 27, 26, 23, 14, 8, 20, 22, 10, 25, 11, 19 ],
[ 4, 10, 14, 18, 19, 7, 24, 1, 28, 30, 2, 5, 21, 17, 26, 3, 32, 12, 27, 16, 31, 6, 29, 11, 13, 20, 8, 25, 9, 22, 23, 15 ]
];
edge3`DownstairsFilename := "32S11-4,4,8-g7-1535475343.m";
Append(~s`Edges, edge3);

/*
Return for eval
*/

return s;
