s := TwoDBInitialize();

/*
Magma printing
*/

s`Name := "64S9-4,4,8-g13-1151716864";
s`Filename := "64S9-4,4,8-g13-1151716864.m";
s`Degree := 64;
s`Orders := \[ 4, 4, 8 ];
s`Geometry := "Hyperbolic";
s`Genus := 13;
s`Level := 6;
s`PermutationTriple := [ PermutationGroup<64 |  
\[ 2, 3, 4, 5, 6, 7, 8, 9, 10, 11, 12, 13, 14, 15, 16, 17, 18, 19, 20, 21, 22, 23, 24, 25, 26, 27, 28, 29, 30, 31, 32, 33, 34, 35, 36, 37, 38, 39, 40, 41, 42, 43, 44, 45, 46, 47, 48, 49, 50, 51, 52, 53, 54, 55, 56, 57, 58, 59, 60, 61, 62, 63, 64, 1 ],
\[ 2, 1, 3, 4, 5, 6, 7, 8, 9, 10, 11, 12, 13, 14, 15, 16, 17, 18, 19, 20, 21, 22, 23, 24, 25, 26, 27, 28, 29, 30, 31, 32, 33, 34, 35, 36, 37, 38, 39, 40, 41, 42, 43, 44, 45, 46, 47, 48, 49, 50, 51, 52, 53, 54, 55, 56, 57, 58, 59, 60, 61, 62, 63, 64 ]:
 Order := 126886932185884164103433389335161480802865516174545192198801894375214704230400000000000000 > |
[ 12, 39, 8, 52, 2, 5, 47, 37, 22, 14, 30, 9, 25, 27, 33, 20, 54, 15, 18, 46, 13, 1, 55, 21, 24, 50, 29, 32, 10, 28, 23, 11, 19, 36, 43, 48, 41, 51, 6, 49, 3, 53, 17, 42, 44, 63, 40, 64, 7, 58, 4, 38, 45, 35, 57, 61, 31, 62, 56, 59, 60, 26, 16, 34 ],
[ 3, 10, 16, 22, 18, 27, 1, 34, 37, 20, 5, 44, 2, 23, 55, 7, 41, 50, 31, 13, 61, 53, 51, 6, 59, 4, 63, 39, 57, 35, 49, 17, 62, 30, 8, 21, 46, 12, 33, 9, 48, 64, 29, 58, 36, 40, 56, 32, 60, 11, 54, 43, 26, 14, 47, 15, 52, 38, 42, 19, 45, 28, 24, 25 ],
[ 4, 11, 17, 23, 24, 28, 31, 1, 38, 43, 48, 7, 36, 2, 5, 27, 52, 60, 39, 3, 63, 40, 19, 64, 20, 33, 54, 34, 6, 50, 29, 62, 56, 42, 51, 8, 35, 57, 13, 55, 9, 12, 30, 61, 22, 10, 16, 45, 46, 53, 58, 26, 59, 32, 14, 25, 15, 18, 49, 21, 47, 44, 37, 41 ]
];
s`MonodromyGroup := PermutationGroup<64 |  
\[ 12, 39, 8, 52, 2, 5, 47, 37, 22, 14, 30, 9, 25, 27, 33, 20, 54, 15, 18, 46, 13, 1, 55, 21, 24, 50, 29, 32, 10, 28, 23, 11, 19, 36, 43, 48, 41, 51, 6, 49, 3, 53, 17, 42, 44, 63, 40, 64, 7, 58, 4, 38, 45, 35, 57, 61, 31, 62, 56, 59, 60, 26, 16, 34 ],
\[ 3, 10, 16, 22, 18, 27, 1, 34, 37, 20, 5, 44, 2, 23, 55, 7, 41, 50, 31, 13, 61, 53, 51, 6, 59, 4, 63, 39, 57, 35, 49, 17, 62, 30, 8, 21, 46, 12, 33, 9, 48, 64, 29, 58, 36, 40, 56, 32, 60, 11, 54, 43, 26, 14, 47, 15, 52, 38, 42, 19, 45, 28, 24, 25 ],
\[ 4, 11, 17, 23, 24, 28, 31, 1, 38, 43, 48, 7, 36, 2, 5, 27, 52, 60, 39, 3, 63, 40, 19, 64, 20, 33, 54, 34, 6, 50, 29, 62, 56, 42, 51, 8, 35, 57, 13, 55, 9, 12, 30, 61, 22, 10, 16, 45, 46, 53, 58, 26, 59, 32, 14, 25, 15, 18, 49, 21, 47, 44, 37, 41 ] >;

/*
Edge printing
*/

s`Edges := [];
edge1 := TwoEdgeInitialize();
edge1`Blocks := {@ PowerSet(IntegerRing()) |
{ IntegerRing() | 1, 5 },
{ IntegerRing() | 2, 12 },
{ IntegerRing() | 3, 18 },
{ IntegerRing() | 4, 24 },
{ IntegerRing() | 6, 22 },
{ IntegerRing() | 7, 11 },
{ IntegerRing() | 8, 15 },
{ IntegerRing() | 9, 39 },
{ IntegerRing() | 10, 44 },
{ IntegerRing() | 13, 38 },
{ IntegerRing() | 14, 42 },
{ IntegerRing() | 16, 50 },
{ IntegerRing() | 17, 60 },
{ IntegerRing() | 19, 41 },
{ IntegerRing() | 20, 58 },
{ IntegerRing() | 21, 52 },
{ IntegerRing() | 23, 64 },
{ IntegerRing() | 25, 51 },
{ IntegerRing() | 26, 63 },
{ IntegerRing() | 27, 53 },
{ IntegerRing() | 28, 40 },
{ IntegerRing() | 29, 45 },
{ IntegerRing() | 30, 47 },
{ IntegerRing() | 31, 48 },
{ IntegerRing() | 32, 49 },
{ IntegerRing() | 33, 37 },
{ IntegerRing() | 34, 55 },
{ IntegerRing() | 35, 56 },
{ IntegerRing() | 36, 57 },
{ IntegerRing() | 43, 61 },
{ IntegerRing() | 46, 62 },
{ IntegerRing() | 54, 59 }
@};
edge1`UpstairsTriple := [ PermutationGroup<64 |  
\[ 2, 3, 4, 5, 6, 7, 8, 9, 10, 11, 12, 13, 14, 15, 16, 17, 18, 19, 20, 21, 22, 23, 24, 25, 26, 27, 28, 29, 30, 31, 32, 33, 34, 35, 36, 37, 38, 39, 40, 41, 42, 43, 44, 45, 46, 47, 48, 49, 50, 51, 52, 53, 54, 55, 56, 57, 58, 59, 60, 61, 62, 63, 64, 1 ],
\[ 2, 1, 3, 4, 5, 6, 7, 8, 9, 10, 11, 12, 13, 14, 15, 16, 17, 18, 19, 20, 21, 22, 23, 24, 25, 26, 27, 28, 29, 30, 31, 32, 33, 34, 35, 36, 37, 38, 39, 40, 41, 42, 43, 44, 45, 46, 47, 48, 49, 50, 51, 52, 53, 54, 55, 56, 57, 58, 59, 60, 61, 62, 63, 64 ]:
 Order := 126886932185884164103433389335161480802865516174545192198801894375214704230400000000000000 > |
[ 12, 39, 8, 52, 2, 5, 47, 37, 22, 14, 30, 9, 25, 27, 33, 20, 54, 15, 18, 46, 13, 1, 55, 21, 24, 50, 29, 32, 10, 28, 23, 11, 19, 36, 43, 48, 41, 51, 6, 49, 3, 53, 17, 42, 44, 63, 40, 64, 7, 58, 4, 38, 45, 35, 57, 61, 31, 62, 56, 59, 60, 26, 16, 34 ],
[ 3, 10, 16, 22, 18, 27, 1, 34, 37, 20, 5, 44, 2, 23, 55, 7, 41, 50, 31, 13, 61, 53, 51, 6, 59, 4, 63, 39, 57, 35, 49, 17, 62, 30, 8, 21, 46, 12, 33, 9, 48, 64, 29, 58, 36, 40, 56, 32, 60, 11, 54, 43, 26, 14, 47, 15, 52, 38, 42, 19, 45, 28, 24, 25 ],
[ 4, 11, 17, 23, 24, 28, 31, 1, 38, 43, 48, 7, 36, 2, 5, 27, 52, 60, 39, 3, 63, 40, 19, 64, 20, 33, 54, 34, 6, 50, 29, 62, 56, 42, 51, 8, 35, 57, 13, 55, 9, 12, 30, 61, 22, 10, 16, 45, 46, 53, 58, 26, 59, 32, 14, 25, 15, 18, 49, 21, 47, 44, 37, 41 ]
];
edge1`UpstairsFilename := "64S9-4,4,8-g13-1151716864.m";
edge1`DownstairsTriple := [ PermutationGroup<32 |  
\[ 2, 3, 4, 5, 6, 7, 8, 9, 10, 11, 12, 13, 14, 15, 16, 17, 18, 19, 20, 21, 22, 23, 24, 25, 26, 27, 28, 29, 30, 31, 32, 1 ],
\[ 2, 1, 3, 4, 5, 6, 7, 8, 9, 10, 11, 12, 13, 14, 15, 16, 17, 18, 19, 20, 21, 22, 23, 24, 25, 26, 27, 28, 29, 30, 31, 32 ]:
 Order := 263130836933693530167218012160000000 > |
[ 6, 1, 8, 20, 2, 5, 26, 15, 11, 24, 22, 3, 16, 30, 12, 31, 4, 27, 17, 19, 13, 23, 9, 7, 18, 10, 29, 32, 25, 28, 21, 14 ],
[ 3, 9, 13, 2, 15, 22, 1, 27, 21, 5, 29, 25, 7, 12, 31, 19, 30, 17, 6, 32, 4, 16, 18, 14, 24, 28, 26, 8, 20, 23, 10, 11 ],
[ 4, 10, 14, 18, 19, 7, 25, 1, 30, 27, 2, 5, 9, 20, 28, 3, 16, 12, 29, 21, 15, 32, 6, 31, 11, 13, 23, 17, 8, 24, 22, 26 ]
];
edge1`DownstairsFilename := "32S10-4,4,8-g7-1089880469.m";
Append(~s`Edges, edge1);
edge2 := TwoEdgeInitialize();
edge2`Blocks := {@ PowerSet(IntegerRing()) |
{ IntegerRing() | 1, 5 },
{ IntegerRing() | 2, 11 },
{ IntegerRing() | 3, 16 },
{ IntegerRing() | 4, 21 },
{ IntegerRing() | 6, 24 },
{ IntegerRing() | 7, 25 },
{ IntegerRing() | 8, 26 },
{ IntegerRing() | 9, 37 },
{ IntegerRing() | 10, 40 },
{ IntegerRing() | 12, 42 },
{ IntegerRing() | 13, 43 },
{ IntegerRing() | 14, 41 },
{ IntegerRing() | 15, 49 },
{ IntegerRing() | 17, 52 },
{ IntegerRing() | 18, 23 },
{ IntegerRing() | 19, 56 },
{ IntegerRing() | 20, 36 },
{ IntegerRing() | 22, 59 },
{ IntegerRing() | 27, 55 },
{ IntegerRing() | 28, 61 },
{ IntegerRing() | 29, 58 },
{ IntegerRing() | 30, 51 },
{ IntegerRing() | 31, 34 },
{ IntegerRing() | 32, 62 },
{ IntegerRing() | 33, 63 },
{ IntegerRing() | 35, 64 },
{ IntegerRing() | 38, 47 },
{ IntegerRing() | 39, 48 },
{ IntegerRing() | 44, 45 },
{ IntegerRing() | 46, 50 },
{ IntegerRing() | 53, 57 },
{ IntegerRing() | 54, 60 }
@};
edge2`UpstairsTriple := [ PermutationGroup<64 |  
\[ 2, 3, 4, 5, 6, 7, 8, 9, 10, 11, 12, 13, 14, 15, 16, 17, 18, 19, 20, 21, 22, 23, 24, 25, 26, 27, 28, 29, 30, 31, 32, 33, 34, 35, 36, 37, 38, 39, 40, 41, 42, 43, 44, 45, 46, 47, 48, 49, 50, 51, 52, 53, 54, 55, 56, 57, 58, 59, 60, 61, 62, 63, 64, 1 ],
\[ 2, 1, 3, 4, 5, 6, 7, 8, 9, 10, 11, 12, 13, 14, 15, 16, 17, 18, 19, 20, 21, 22, 23, 24, 25, 26, 27, 28, 29, 30, 31, 32, 33, 34, 35, 36, 37, 38, 39, 40, 41, 42, 43, 44, 45, 46, 47, 48, 49, 50, 51, 52, 53, 54, 55, 56, 57, 58, 59, 60, 61, 62, 63, 64 ]:
 Order := 126886932185884164103433389335161480802865516174545192198801894375214704230400000000000000 > |
[ 2, 9, 8, 19, 11, 1, 30, 33, 6, 13, 37, 22, 27, 18, 48, 26, 3, 54, 12, 57, 56, 4, 60, 5, 51, 63, 29, 32, 10, 28, 20, 7, 17, 36, 50, 53, 24, 41, 64, 43, 23, 59, 55, 31, 34, 49, 14, 35, 39, 15, 61, 16, 45, 47, 58, 42, 44, 40, 21, 38, 62, 25, 52, 46 ],
[ 3, 10, 14, 6, 16, 27, 1, 34, 33, 38, 40, 2, 45, 7, 17, 41, 53, 21, 50, 22, 24, 48, 4, 55, 5, 31, 23, 9, 36, 49, 32, 64, 54, 62, 8, 59, 63, 12, 29, 47, 25, 11, 44, 19, 56, 13, 42, 58, 52, 43, 15, 57, 51, 28, 18, 46, 30, 20, 39, 61, 37, 35, 60, 26 ],
[ 4, 7, 15, 20, 21, 28, 31, 1, 12, 39, 25, 44, 2, 40, 19, 49, 9, 3, 23, 26, 36, 38, 16, 61, 34, 5, 46, 57, 6, 14, 43, 54, 35, 13, 22, 8, 42, 63, 30, 48, 10, 45, 11, 52, 17, 32, 33, 51, 56, 62, 41, 37, 29, 55, 50, 18, 58, 24, 47, 27, 53, 60, 64, 59 ]
];
edge2`UpstairsFilename := "64S9-4,4,8-g13-1975007176.m";
edge2`DownstairsTriple := [ PermutationGroup<32 |  
\[ 2, 3, 4, 5, 6, 7, 8, 9, 10, 11, 12, 13, 14, 15, 16, 17, 18, 19, 20, 21, 22, 23, 24, 25, 26, 27, 28, 29, 30, 31, 32, 1 ],
\[ 2, 1, 3, 4, 5, 6, 7, 8, 9, 10, 11, 12, 13, 14, 15, 16, 17, 18, 19, 20, 21, 22, 23, 24, 25, 26, 27, 28, 29, 30, 31, 32 ]:
 Order := 263130836933693530167218012160000000 > |
[ 6, 1, 8, 20, 2, 5, 25, 15, 11, 23, 21, 3, 16, 30, 12, 28, 4, 29, 17, 19, 22, 9, 7, 18, 10, 27, 14, 32, 31, 26, 24, 13 ],
[ 3, 9, 13, 2, 15, 21, 1, 24, 16, 5, 18, 29, 7, 12, 28, 4, 30, 17, 6, 27, 32, 31, 26, 23, 14, 8, 22, 10, 25, 11, 20, 19 ],
[ 4, 10, 14, 18, 19, 7, 24, 1, 27, 29, 2, 5, 21, 20, 26, 3, 32, 8, 31, 16, 30, 6, 28, 22, 13, 17, 23, 9, 11, 25, 12, 15 ]
];
edge2`DownstairsFilename := "32S6-4,4,4-g5-95305702.m";
Append(~s`Edges, edge2);
edge3 := TwoEdgeInitialize();
edge3`Blocks := {@ PowerSet(IntegerRing()) |
{ IntegerRing() | 1, 5 },
{ IntegerRing() | 2, 6 },
{ IntegerRing() | 3, 14 },
{ IntegerRing() | 4, 10 },
{ IntegerRing() | 7, 21 },
{ IntegerRing() | 8, 15 },
{ IntegerRing() | 9, 22 },
{ IntegerRing() | 11, 23 },
{ IntegerRing() | 12, 37 },
{ IntegerRing() | 13, 28 },
{ IntegerRing() | 16, 38 },
{ IntegerRing() | 17, 19 },
{ IntegerRing() | 18, 33 },
{ IntegerRing() | 20, 30 },
{ IntegerRing() | 24, 26 },
{ IntegerRing() | 25, 46 },
{ IntegerRing() | 27, 42 },
{ IntegerRing() | 29, 34 },
{ IntegerRing() | 31, 35 },
{ IntegerRing() | 32, 49 },
{ IntegerRing() | 36, 44 },
{ IntegerRing() | 39, 40 },
{ IntegerRing() | 41, 54 },
{ IntegerRing() | 43, 59 },
{ IntegerRing() | 45, 56 },
{ IntegerRing() | 47, 58 },
{ IntegerRing() | 48, 52 },
{ IntegerRing() | 50, 57 },
{ IntegerRing() | 51, 53 },
{ IntegerRing() | 55, 61 },
{ IntegerRing() | 60, 62 },
{ IntegerRing() | 63, 64 }
@};
edge3`UpstairsTriple := [ PermutationGroup<64 |  
\[ 2, 3, 4, 5, 6, 7, 8, 9, 10, 11, 12, 13, 14, 15, 16, 17, 18, 19, 20, 21, 22, 23, 24, 25, 26, 27, 28, 29, 30, 31, 32, 33, 34, 35, 36, 37, 38, 39, 40, 41, 42, 43, 44, 45, 46, 47, 48, 49, 50, 51, 52, 53, 54, 55, 56, 57, 58, 59, 60, 61, 62, 63, 64, 1 ],
\[ 2, 1, 3, 4, 5, 6, 7, 8, 9, 10, 11, 12, 13, 14, 15, 16, 17, 18, 19, 20, 21, 22, 23, 24, 25, 26, 27, 28, 29, 30, 31, 32, 33, 34, 35, 36, 37, 38, 39, 40, 41, 42, 43, 44, 45, 46, 47, 48, 49, 50, 51, 52, 53, 54, 55, 56, 57, 58, 59, 60, 61, 62, 63, 64 ]:
 Order := 126886932185884164103433389335161480802865516174545192198801894375214704230400000000000000 > |
[ 2, 5, 8, 17, 6, 1, 24, 14, 11, 19, 22, 16, 39, 15, 3, 37, 10, 46, 4, 49, 26, 23, 9, 21, 18, 7, 29, 40, 42, 32, 53, 20, 25, 27, 51, 52, 38, 12, 28, 13, 61, 34, 45, 48, 59, 33, 57, 36, 30, 47, 31, 44, 35, 55, 41, 43, 58, 50, 56, 64, 54, 63, 60, 62 ],
[ 3, 9, 12, 6, 14, 22, 1, 27, 30, 2, 34, 7, 15, 37, 42, 43, 40, 19, 39, 4, 5, 20, 29, 51, 26, 53, 54, 8, 56, 10, 23, 55, 17, 45, 11, 38, 21, 59, 48, 52, 13, 41, 62, 16, 35, 24, 25, 18, 61, 32, 58, 33, 47, 28, 63, 31, 49, 46, 60, 36, 64, 44, 50, 57 ],
[ 4, 7, 13, 18, 10, 21, 25, 1, 31, 33, 2, 36, 17, 28, 5, 3, 20, 47, 30, 50, 46, 35, 6, 12, 52, 37, 11, 19, 8, 57, 24, 9, 58, 15, 26, 39, 44, 14, 41, 54, 32, 23, 29, 40, 16, 48, 63, 62, 22, 51, 45, 60, 56, 49, 27, 38, 53, 64, 34, 55, 42, 61, 43, 59 ]
];
edge3`UpstairsFilename := "64S9-4,4,8-g13-2741526648.m";
edge3`DownstairsTriple := [ PermutationGroup<32 |  
\[ 2, 3, 4, 5, 6, 7, 8, 9, 10, 11, 12, 13, 14, 15, 16, 17, 18, 19, 20, 21, 22, 23, 24, 25, 26, 27, 28, 29, 30, 31, 32, 1 ],
\[ 2, 1, 3, 4, 5, 6, 7, 8, 9, 10, 11, 12, 13, 14, 15, 16, 17, 18, 19, 20, 21, 22, 23, 24, 25, 26, 27, 28, 29, 30, 31, 32 ]:
 Order := 263130836933693530167218012160000000 > |
[ 2, 1, 7, 15, 9, 21, 3, 10, 5, 8, 14, 29, 20, 11, 4, 22, 32, 27, 31, 13, 6, 16, 24, 23, 30, 28, 18, 26, 12, 25, 19, 17 ],
[ 3, 8, 11, 2, 13, 1, 23, 18, 26, 24, 6, 7, 27, 17, 29, 15, 9, 4, 5, 22, 30, 21, 31, 32, 10, 14, 19, 16, 28, 20, 12, 25 ],
[ 4, 6, 12, 16, 17, 22, 1, 25, 19, 2, 26, 15, 30, 3, 18, 20, 24, 13, 23, 5, 11, 28, 10, 7, 21, 29, 8, 9, 31, 32, 27, 14 ]
];
edge3`DownstairsFilename := "32S11-2,4,8-g3-910262433.m";
Append(~s`Edges, edge3);

/*
Return for eval
*/

return s;
