s := TwoDBInitialize();

/*
Magma printing
*/

s`Name := "64S9-4,4,8-g13-1316979597";
s`Filename := "64S9-4,4,8-g13-1316979597.m";
s`Degree := 64;
s`Orders := \[ 4, 4, 8 ];
s`Geometry := "Hyperbolic";
s`Genus := 13;
s`Level := 6;
s`PermutationTriple := [ PermutationGroup<64 |  
\[ 2, 3, 4, 5, 6, 7, 8, 9, 10, 11, 12, 13, 14, 15, 16, 17, 18, 19, 20, 21, 22, 23, 24, 25, 26, 27, 28, 29, 30, 31, 32, 33, 34, 35, 36, 37, 38, 39, 40, 41, 42, 43, 44, 45, 46, 47, 48, 49, 50, 51, 52, 53, 54, 55, 56, 57, 58, 59, 60, 61, 62, 63, 64, 1 ],
\[ 2, 1, 3, 4, 5, 6, 7, 8, 9, 10, 11, 12, 13, 14, 15, 16, 17, 18, 19, 20, 21, 22, 23, 24, 25, 26, 27, 28, 29, 30, 31, 32, 33, 34, 35, 36, 37, 38, 39, 40, 41, 42, 43, 44, 45, 46, 47, 48, 49, 50, 51, 52, 53, 54, 55, 56, 57, 58, 59, 60, 61, 62, 63, 64 ]:
 Order := 126886932185884164103433389335161480802865516174545192198801894375214704230400000000000000 > |
[ 12, 38, 8, 60, 2, 5, 45, 51, 22, 14, 30, 9, 62, 55, 33, 20, 49, 15, 18, 64, 37, 1, 50, 21, 24, 16, 29, 47, 43, 39, 42, 11, 19, 36, 23, 46, 25, 6, 32, 27, 44, 52, 40, 56, 28, 59, 7, 41, 53, 57, 58, 54, 63, 31, 61, 48, 35, 3, 34, 13, 10, 4, 17, 26 ],
[ 3, 10, 16, 22, 18, 27, 1, 34, 33, 41, 5, 43, 2, 23, 52, 7, 58, 48, 46, 37, 59, 55, 62, 6, 54, 4, 56, 38, 57, 53, 47, 50, 64, 45, 8, 14, 12, 51, 9, 63, 13, 61, 20, 28, 35, 32, 17, 11, 60, 19, 44, 30, 15, 40, 26, 24, 21, 31, 29, 42, 49, 36, 25, 39 ],
[ 4, 11, 17, 23, 24, 28, 31, 1, 37, 42, 46, 7, 49, 2, 5, 55, 40, 50, 9, 3, 56, 39, 45, 63, 20, 33, 54, 34, 6, 48, 25, 64, 53, 21, 29, 8, 57, 13, 52, 12, 18, 58, 59, 10, 16, 62, 44, 27, 47, 14, 35, 60, 61, 15, 36, 51, 32, 38, 19, 26, 22, 41, 30, 43 ]
];
s`MonodromyGroup := PermutationGroup<64 |  
\[ 12, 38, 8, 60, 2, 5, 45, 51, 22, 14, 30, 9, 62, 55, 33, 20, 49, 15, 18, 64, 37, 1, 50, 21, 24, 16, 29, 47, 43, 39, 42, 11, 19, 36, 23, 46, 25, 6, 32, 27, 44, 52, 40, 56, 28, 59, 7, 41, 53, 57, 58, 54, 63, 31, 61, 48, 35, 3, 34, 13, 10, 4, 17, 26 ],
\[ 3, 10, 16, 22, 18, 27, 1, 34, 33, 41, 5, 43, 2, 23, 52, 7, 58, 48, 46, 37, 59, 55, 62, 6, 54, 4, 56, 38, 57, 53, 47, 50, 64, 45, 8, 14, 12, 51, 9, 63, 13, 61, 20, 28, 35, 32, 17, 11, 60, 19, 44, 30, 15, 40, 26, 24, 21, 31, 29, 42, 49, 36, 25, 39 ],
\[ 4, 11, 17, 23, 24, 28, 31, 1, 37, 42, 46, 7, 49, 2, 5, 55, 40, 50, 9, 3, 56, 39, 45, 63, 20, 33, 54, 34, 6, 48, 25, 64, 53, 21, 29, 8, 57, 13, 52, 12, 18, 58, 59, 10, 16, 62, 44, 27, 47, 14, 35, 60, 61, 15, 36, 51, 32, 38, 19, 26, 22, 41, 30, 43 ] >;

/*
Edge printing
*/

s`Edges := [];
edge1 := TwoEdgeInitialize();
edge1`Blocks := {@ PowerSet(IntegerRing()) |
{ IntegerRing() | 1, 5 },
{ IntegerRing() | 2, 12 },
{ IntegerRing() | 3, 18 },
{ IntegerRing() | 4, 24 },
{ IntegerRing() | 6, 22 },
{ IntegerRing() | 7, 11 },
{ IntegerRing() | 8, 15 },
{ IntegerRing() | 9, 38 },
{ IntegerRing() | 10, 43 },
{ IntegerRing() | 13, 37 },
{ IntegerRing() | 14, 40 },
{ IntegerRing() | 16, 48 },
{ IntegerRing() | 17, 50 },
{ IntegerRing() | 19, 58 },
{ IntegerRing() | 20, 41 },
{ IntegerRing() | 21, 60 },
{ IntegerRing() | 23, 63 },
{ IntegerRing() | 25, 62 },
{ IntegerRing() | 26, 56 },
{ IntegerRing() | 27, 55 },
{ IntegerRing() | 28, 39 },
{ IntegerRing() | 29, 61 },
{ IntegerRing() | 30, 45 },
{ IntegerRing() | 31, 46 },
{ IntegerRing() | 32, 47 },
{ IntegerRing() | 33, 51 },
{ IntegerRing() | 34, 52 },
{ IntegerRing() | 35, 53 },
{ IntegerRing() | 36, 54 },
{ IntegerRing() | 42, 59 },
{ IntegerRing() | 44, 64 },
{ IntegerRing() | 49, 57 }
@};
edge1`UpstairsTriple := [ PermutationGroup<64 |  
\[ 2, 3, 4, 5, 6, 7, 8, 9, 10, 11, 12, 13, 14, 15, 16, 17, 18, 19, 20, 21, 22, 23, 24, 25, 26, 27, 28, 29, 30, 31, 32, 33, 34, 35, 36, 37, 38, 39, 40, 41, 42, 43, 44, 45, 46, 47, 48, 49, 50, 51, 52, 53, 54, 55, 56, 57, 58, 59, 60, 61, 62, 63, 64, 1 ],
\[ 2, 1, 3, 4, 5, 6, 7, 8, 9, 10, 11, 12, 13, 14, 15, 16, 17, 18, 19, 20, 21, 22, 23, 24, 25, 26, 27, 28, 29, 30, 31, 32, 33, 34, 35, 36, 37, 38, 39, 40, 41, 42, 43, 44, 45, 46, 47, 48, 49, 50, 51, 52, 53, 54, 55, 56, 57, 58, 59, 60, 61, 62, 63, 64 ]:
 Order := 126886932185884164103433389335161480802865516174545192198801894375214704230400000000000000 > |
[ 12, 38, 8, 60, 2, 5, 45, 51, 22, 14, 30, 9, 62, 55, 33, 20, 49, 15, 18, 64, 37, 1, 50, 21, 24, 16, 29, 47, 43, 39, 42, 11, 19, 36, 23, 46, 25, 6, 32, 27, 44, 52, 40, 56, 28, 59, 7, 41, 53, 57, 58, 54, 63, 31, 61, 48, 35, 3, 34, 13, 10, 4, 17, 26 ],
[ 3, 10, 16, 22, 18, 27, 1, 34, 33, 41, 5, 43, 2, 23, 52, 7, 58, 48, 46, 37, 59, 55, 62, 6, 54, 4, 56, 38, 57, 53, 47, 50, 64, 45, 8, 14, 12, 51, 9, 63, 13, 61, 20, 28, 35, 32, 17, 11, 60, 19, 44, 30, 15, 40, 26, 24, 21, 31, 29, 42, 49, 36, 25, 39 ],
[ 4, 11, 17, 23, 24, 28, 31, 1, 37, 42, 46, 7, 49, 2, 5, 55, 40, 50, 9, 3, 56, 39, 45, 63, 20, 33, 54, 34, 6, 48, 25, 64, 53, 21, 29, 8, 57, 13, 52, 12, 18, 58, 59, 10, 16, 62, 44, 27, 47, 14, 35, 60, 61, 15, 36, 51, 32, 38, 19, 26, 22, 41, 30, 43 ]
];
edge1`UpstairsFilename := "64S9-4,4,8-g13-1316979597.m";
edge1`DownstairsTriple := [ PermutationGroup<32 |  
\[ 2, 3, 4, 5, 6, 7, 8, 9, 10, 11, 12, 13, 14, 15, 16, 17, 18, 19, 20, 21, 22, 23, 24, 25, 26, 27, 28, 29, 30, 31, 32, 1 ],
\[ 2, 1, 3, 4, 5, 6, 7, 8, 9, 10, 11, 12, 13, 14, 15, 16, 17, 18, 19, 20, 21, 22, 23, 24, 25, 26, 27, 28, 29, 30, 31, 32 ]:
 Order := 263130836933693530167218012160000000 > |
[ 11, 30, 8, 23, 2, 5, 14, 22, 18, 13, 9, 21, 4, 26, 31, 7, 12, 1, 15, 17, 20, 25, 10, 32, 3, 16, 29, 19, 24, 6, 28, 27 ],
[ 3, 10, 5, 18, 7, 4, 1, 27, 22, 11, 12, 2, 29, 28, 25, 15, 31, 20, 13, 6, 19, 30, 32, 16, 24, 9, 14, 8, 21, 26, 23, 17 ],
[ 4, 3, 15, 19, 20, 22, 24, 1, 10, 31, 7, 32, 2, 5, 21, 30, 18, 26, 14, 29, 11, 28, 6, 13, 9, 27, 23, 17, 8, 12, 16, 25 ]
];
edge1`DownstairsFilename := "32S10-4,4,8-g7-1952972867.m";
Append(~s`Edges, edge1);
edge2 := TwoEdgeInitialize();
edge2`Blocks := {@ PowerSet(IntegerRing()) |
{ IntegerRing() | 1, 5 },
{ IntegerRing() | 2, 11 },
{ IntegerRing() | 3, 7 },
{ IntegerRing() | 4, 20 },
{ IntegerRing() | 6, 18 },
{ IntegerRing() | 8, 14 },
{ IntegerRing() | 9, 30 },
{ IntegerRing() | 10, 12 },
{ IntegerRing() | 13, 33 },
{ IntegerRing() | 15, 24 },
{ IntegerRing() | 16, 25 },
{ IntegerRing() | 17, 23 },
{ IntegerRing() | 19, 29 },
{ IntegerRing() | 21, 48 },
{ IntegerRing() | 22, 31 },
{ IntegerRing() | 26, 41 },
{ IntegerRing() | 27, 28 },
{ IntegerRing() | 32, 51 },
{ IntegerRing() | 34, 36 },
{ IntegerRing() | 35, 37 },
{ IntegerRing() | 38, 59 },
{ IntegerRing() | 39, 40 },
{ IntegerRing() | 42, 44 },
{ IntegerRing() | 43, 55 },
{ IntegerRing() | 45, 53 },
{ IntegerRing() | 46, 54 },
{ IntegerRing() | 47, 50 },
{ IntegerRing() | 49, 62 },
{ IntegerRing() | 52, 57 },
{ IntegerRing() | 56, 60 },
{ IntegerRing() | 58, 63 },
{ IntegerRing() | 61, 64 }
@};
edge2`UpstairsTriple := [ PermutationGroup<64 |  
\[ 2, 3, 4, 5, 6, 7, 8, 9, 10, 11, 12, 13, 14, 15, 16, 17, 18, 19, 20, 21, 22, 23, 24, 25, 26, 27, 28, 29, 30, 31, 32, 33, 34, 35, 36, 37, 38, 39, 40, 41, 42, 43, 44, 45, 46, 47, 48, 49, 50, 51, 52, 53, 54, 55, 56, 57, 58, 59, 60, 61, 62, 63, 64, 1 ],
\[ 2, 1, 3, 4, 5, 6, 7, 8, 9, 10, 11, 12, 13, 14, 15, 16, 17, 18, 19, 20, 21, 22, 23, 24, 25, 26, 27, 28, 29, 30, 31, 32, 33, 34, 35, 36, 37, 38, 39, 40, 41, 42, 43, 44, 45, 46, 47, 48, 49, 50, 51, 52, 53, 54, 55, 56, 57, 58, 59, 60, 61, 62, 63, 64 ]:
 Order := 126886932185884164103433389335161480802865516174545192198801894375214704230400000000000000 > |
[ 11, 30, 8, 23, 2, 5, 14, 41, 18, 13, 9, 33, 59, 26, 44, 7, 53, 1, 50, 17, 20, 32, 45, 42, 3, 16, 29, 19, 47, 6, 51, 63, 38, 28, 12, 27, 10, 35, 24, 15, 25, 54, 60, 46, 48, 40, 36, 4, 55, 34, 58, 31, 21, 39, 56, 64, 22, 52, 37, 61, 62, 43, 57, 49 ],
[ 3, 10, 5, 18, 7, 4, 1, 27, 22, 11, 12, 2, 39, 28, 25, 15, 44, 20, 48, 6, 19, 30, 42, 16, 24, 55, 14, 8, 21, 31, 9, 47, 40, 37, 34, 35, 36, 60, 33, 13, 43, 17, 26, 23, 49, 57, 51, 29, 53, 32, 50, 46, 62, 52, 41, 38, 54, 64, 56, 59, 58, 45, 61, 63 ],
[ 4, 3, 15, 19, 20, 22, 24, 1, 10, 34, 7, 36, 2, 5, 33, 43, 18, 31, 14, 29, 49, 46, 6, 13, 55, 27, 37, 35, 8, 12, 54, 9, 11, 51, 56, 32, 60, 39, 57, 52, 28, 25, 53, 16, 44, 17, 48, 62, 58, 21, 30, 61, 42, 23, 45, 26, 64, 47, 40, 41, 38, 63, 50, 59 ]
];
edge2`UpstairsFilename := "64S9-4,4,8-g13-1578773163.m";
edge2`DownstairsTriple := [ PermutationGroup<32 |  
\[ 2, 3, 4, 5, 6, 7, 8, 9, 10, 11, 12, 13, 14, 15, 16, 17, 18, 19, 20, 21, 22, 23, 24, 25, 26, 27, 28, 29, 30, 31, 32, 1 ],
\[ 2, 1, 3, 4, 5, 6, 7, 8, 9, 10, 11, 12, 13, 14, 15, 16, 17, 18, 19, 20, 21, 22, 23, 24, 25, 26, 27, 28, 29, 30, 31, 32 ]:
 Order := 263130836933693530167218012160000000 > |
[ 2, 8, 7, 15, 10, 1, 22, 6, 11, 24, 17, 30, 20, 3, 27, 31, 28, 4, 5, 21, 25, 14, 16, 19, 13, 23, 18, 9, 12, 32, 26, 29 ],
[ 3, 9, 1, 6, 13, 4, 23, 21, 2, 27, 29, 14, 5, 12, 30, 18, 19, 16, 17, 32, 8, 24, 7, 22, 31, 28, 10, 26, 11, 15, 25, 20 ],
[ 4, 3, 12, 16, 17, 21, 1, 9, 26, 13, 2, 11, 31, 24, 6, 7, 29, 10, 22, 5, 32, 23, 28, 27, 8, 25, 30, 19, 20, 14, 18, 15 ]
];
edge2`DownstairsFilename := "32S6-4,2,4-g1-1995076890.m";
Append(~s`Edges, edge2);
edge3 := TwoEdgeInitialize();
edge3`Blocks := {@ PowerSet(IntegerRing()) |
{ IntegerRing() | 1, 5 },
{ IntegerRing() | 2, 12 },
{ IntegerRing() | 3, 18 },
{ IntegerRing() | 4, 24 },
{ IntegerRing() | 6, 22 },
{ IntegerRing() | 7, 11 },
{ IntegerRing() | 8, 15 },
{ IntegerRing() | 9, 39 },
{ IntegerRing() | 10, 42 },
{ IntegerRing() | 13, 38 },
{ IntegerRing() | 14, 25 },
{ IntegerRing() | 16, 47 },
{ IntegerRing() | 17, 50 },
{ IntegerRing() | 19, 57 },
{ IntegerRing() | 20, 40 },
{ IntegerRing() | 21, 60 },
{ IntegerRing() | 23, 62 },
{ IntegerRing() | 26, 55 },
{ IntegerRing() | 27, 54 },
{ IntegerRing() | 28, 33 },
{ IntegerRing() | 29, 61 },
{ IntegerRing() | 30, 44 },
{ IntegerRing() | 31, 45 },
{ IntegerRing() | 32, 46 },
{ IntegerRing() | 34, 51 },
{ IntegerRing() | 35, 52 },
{ IntegerRing() | 36, 53 },
{ IntegerRing() | 37, 64 },
{ IntegerRing() | 41, 56 },
{ IntegerRing() | 43, 58 },
{ IntegerRing() | 48, 63 },
{ IntegerRing() | 49, 59 }
@};
edge3`UpstairsTriple := [ PermutationGroup<64 |  
\[ 2, 3, 4, 5, 6, 7, 8, 9, 10, 11, 12, 13, 14, 15, 16, 17, 18, 19, 20, 21, 22, 23, 24, 25, 26, 27, 28, 29, 30, 31, 32, 33, 34, 35, 36, 37, 38, 39, 40, 41, 42, 43, 44, 45, 46, 47, 48, 49, 50, 51, 52, 53, 54, 55, 56, 57, 58, 59, 60, 61, 62, 63, 64, 1 ],
\[ 2, 1, 3, 4, 5, 6, 7, 8, 9, 10, 11, 12, 13, 14, 15, 16, 17, 18, 19, 20, 21, 22, 23, 24, 25, 26, 27, 28, 29, 30, 31, 32, 33, 34, 35, 36, 37, 38, 39, 40, 41, 42, 43, 44, 45, 46, 47, 48, 49, 50, 51, 52, 53, 54, 55, 56, 57, 58, 59, 60, 61, 62, 63, 64 ]:
 Order := 126886932185884164103433389335161480802865516174545192198801894375214704230400000000000000 > |
[ 12, 39, 8, 60, 2, 5, 44, 28, 22, 14, 30, 9, 63, 4, 33, 20, 41, 15, 18, 58, 42, 1, 45, 21, 24, 16, 29, 57, 38, 37, 49, 11, 19, 36, 23, 50, 32, 48, 6, 43, 51, 25, 55, 64, 59, 7, 40, 27, 52, 56, 53, 62, 17, 61, 47, 34, 3, 26, 35, 10, 13, 31, 54, 46 ],
[ 3, 10, 16, 22, 18, 27, 1, 34, 37, 40, 5, 42, 2, 36, 51, 7, 57, 47, 45, 38, 59, 54, 14, 6, 53, 4, 55, 39, 56, 52, 46, 50, 9, 44, 8, 63, 58, 12, 64, 13, 60, 20, 28, 35, 32, 17, 11, 62, 61, 19, 30, 15, 48, 26, 24, 21, 31, 33, 29, 49, 41, 25, 23, 43 ],
[ 4, 11, 17, 23, 24, 28, 31, 1, 38, 41, 45, 7, 49, 2, 5, 54, 25, 50, 58, 3, 55, 33, 44, 62, 12, 37, 53, 35, 6, 47, 48, 9, 52, 29, 21, 8, 51, 59, 13, 18, 46, 56, 10, 16, 63, 39, 27, 20, 57, 14, 61, 60, 15, 36, 64, 32, 43, 42, 19, 26, 22, 30, 40, 34 ]
];
edge3`UpstairsFilename := "64S9-4,4,8-g13-153515388.m";
edge3`DownstairsTriple := [ PermutationGroup<32 |  
\[ 2, 3, 4, 5, 6, 7, 8, 9, 10, 11, 12, 13, 14, 15, 16, 17, 18, 19, 20, 21, 22, 23, 24, 25, 26, 27, 28, 29, 30, 31, 32, 1 ],
\[ 2, 1, 3, 4, 5, 6, 7, 8, 9, 10, 11, 12, 13, 14, 15, 16, 17, 18, 19, 20, 21, 22, 23, 24, 25, 26, 27, 28, 29, 30, 31, 32 ]:
 Order := 263130836933693530167218012160000000 > |
[ 11, 28, 8, 22, 2, 5, 14, 29, 18, 13, 9, 30, 20, 21, 32, 7, 10, 1, 23, 17, 16, 12, 31, 3, 27, 19, 15, 6, 24, 4, 26, 25 ],
[ 3, 10, 5, 18, 7, 4, 1, 25, 21, 11, 12, 2, 19, 26, 24, 15, 32, 20, 30, 6, 28, 31, 16, 23, 14, 8, 13, 29, 9, 27, 17, 22 ],
[ 4, 3, 15, 19, 20, 21, 23, 1, 10, 31, 7, 32, 2, 5, 30, 9, 18, 29, 14, 27, 25, 6, 13, 28, 17, 22, 8, 12, 26, 11, 24, 16 ]
];
edge3`DownstairsFilename := "32S11-4,4,8-g7-1733019944.m";
Append(~s`Edges, edge3);

/*
Return for eval
*/

return s;
