s := TwoDBInitialize();

/*
Magma printing
*/

s`Name := "64S9-8,4,4-g13-2389717482";
s`Filename := "64S9-8,4,4-g13-2389717482.m";
s`Degree := 64;
s`Orders := \[ 8, 4, 4 ];
s`Geometry := "Hyperbolic";
s`Genus := 13;
s`Level := 6;
s`PermutationTriple := [ PermutationGroup<64 |  
\[ 2, 3, 4, 5, 6, 7, 8, 9, 10, 11, 12, 13, 14, 15, 16, 17, 18, 19, 20, 21, 22, 23, 24, 25, 26, 27, 28, 29, 30, 31, 32, 33, 34, 35, 36, 37, 38, 39, 40, 41, 42, 43, 44, 45, 46, 47, 48, 49, 50, 51, 52, 53, 54, 55, 56, 57, 58, 59, 60, 61, 62, 63, 64, 1 ],
\[ 2, 1, 3, 4, 5, 6, 7, 8, 9, 10, 11, 12, 13, 14, 15, 16, 17, 18, 19, 20, 21, 22, 23, 24, 25, 26, 27, 28, 29, 30, 31, 32, 33, 34, 35, 36, 37, 38, 39, 40, 41, 42, 43, 44, 45, 46, 47, 48, 49, 50, 51, 52, 53, 54, 55, 56, 57, 58, 59, 60, 61, 62, 63, 64 ]:
 Order := 126886932185884164103433389335161480802865516174545192198801894375214704230400000000000000 > |
[ 12, 38, 8, 44, 2, 5, 45, 39, 56, 14, 31, 9, 63, 55, 34, 20, 42, 15, 18, 62, 10, 1, 46, 21, 24, 16, 30, 19, 22, 13, 60, 49, 11, 47, 23, 51, 25, 26, 33, 27, 29, 35, 40, 43, 28, 61, 7, 41, 36, 37, 59, 54, 64, 32, 50, 48, 52, 3, 57, 58, 53, 6, 4, 17 ],
[ 3, 10, 16, 22, 18, 27, 1, 35, 28, 41, 5, 43, 2, 23, 52, 7, 58, 48, 46, 37, 49, 55, 63, 6, 64, 4, 56, 62, 34, 42, 53, 47, 59, 38, 45, 8, 12, 60, 9, 54, 13, 21, 20, 61, 36, 33, 17, 11, 30, 57, 14, 31, 15, 25, 26, 24, 44, 32, 19, 29, 50, 39, 51, 40 ],
[ 4, 11, 17, 23, 24, 28, 32, 1, 37, 42, 46, 7, 49, 2, 5, 55, 25, 59, 9, 3, 56, 60, 8, 54, 20, 34, 64, 35, 10, 6, 48, 40, 62, 53, 30, 21, 61, 13, 36, 12, 18, 47, 57, 26, 16, 14, 29, 27, 58, 22, 45, 50, 44, 15, 51, 39, 33, 38, 63, 52, 19, 43, 41, 31 ]
];
s`MonodromyGroup := PermutationGroup<64 |  
\[ 12, 38, 8, 44, 2, 5, 45, 39, 56, 14, 31, 9, 63, 55, 34, 20, 42, 15, 18, 62, 10, 1, 46, 21, 24, 16, 30, 19, 22, 13, 60, 49, 11, 47, 23, 51, 25, 26, 33, 27, 29, 35, 40, 43, 28, 61, 7, 41, 36, 37, 59, 54, 64, 32, 50, 48, 52, 3, 57, 58, 53, 6, 4, 17 ],
\[ 3, 10, 16, 22, 18, 27, 1, 35, 28, 41, 5, 43, 2, 23, 52, 7, 58, 48, 46, 37, 49, 55, 63, 6, 64, 4, 56, 62, 34, 42, 53, 47, 59, 38, 45, 8, 12, 60, 9, 54, 13, 21, 20, 61, 36, 33, 17, 11, 30, 57, 14, 31, 15, 25, 26, 24, 44, 32, 19, 29, 50, 39, 51, 40 ],
\[ 4, 11, 17, 23, 24, 28, 32, 1, 37, 42, 46, 7, 49, 2, 5, 55, 25, 59, 9, 3, 56, 60, 8, 54, 20, 34, 64, 35, 10, 6, 48, 40, 62, 53, 30, 21, 61, 13, 36, 12, 18, 47, 57, 26, 16, 14, 29, 27, 58, 22, 45, 50, 44, 15, 51, 39, 33, 38, 63, 52, 19, 43, 41, 31 ] >;

/*
Edge printing
*/

s`Edges := [];
edge1 := TwoEdgeInitialize();
edge1`Blocks := {@ PowerSet(IntegerRing()) |
{ IntegerRing() | 1, 5 },
{ IntegerRing() | 2, 12 },
{ IntegerRing() | 3, 18 },
{ IntegerRing() | 4, 24 },
{ IntegerRing() | 6, 22 },
{ IntegerRing() | 7, 11 },
{ IntegerRing() | 8, 15 },
{ IntegerRing() | 9, 38 },
{ IntegerRing() | 10, 43 },
{ IntegerRing() | 13, 37 },
{ IntegerRing() | 14, 40 },
{ IntegerRing() | 16, 48 },
{ IntegerRing() | 17, 59 },
{ IntegerRing() | 19, 58 },
{ IntegerRing() | 20, 41 },
{ IntegerRing() | 21, 44 },
{ IntegerRing() | 23, 54 },
{ IntegerRing() | 25, 63 },
{ IntegerRing() | 26, 56 },
{ IntegerRing() | 27, 55 },
{ IntegerRing() | 28, 60 },
{ IntegerRing() | 29, 62 },
{ IntegerRing() | 30, 50 },
{ IntegerRing() | 31, 45 },
{ IntegerRing() | 32, 46 },
{ IntegerRing() | 33, 47 },
{ IntegerRing() | 34, 39 },
{ IntegerRing() | 35, 52 },
{ IntegerRing() | 36, 53 },
{ IntegerRing() | 42, 57 },
{ IntegerRing() | 49, 61 },
{ IntegerRing() | 51, 64 }
@};
edge1`UpstairsTriple := [ PermutationGroup<64 |  
\[ 2, 3, 4, 5, 6, 7, 8, 9, 10, 11, 12, 13, 14, 15, 16, 17, 18, 19, 20, 21, 22, 23, 24, 25, 26, 27, 28, 29, 30, 31, 32, 33, 34, 35, 36, 37, 38, 39, 40, 41, 42, 43, 44, 45, 46, 47, 48, 49, 50, 51, 52, 53, 54, 55, 56, 57, 58, 59, 60, 61, 62, 63, 64, 1 ],
\[ 2, 1, 3, 4, 5, 6, 7, 8, 9, 10, 11, 12, 13, 14, 15, 16, 17, 18, 19, 20, 21, 22, 23, 24, 25, 26, 27, 28, 29, 30, 31, 32, 33, 34, 35, 36, 37, 38, 39, 40, 41, 42, 43, 44, 45, 46, 47, 48, 49, 50, 51, 52, 53, 54, 55, 56, 57, 58, 59, 60, 61, 62, 63, 64 ]:
 Order := 126886932185884164103433389335161480802865516174545192198801894375214704230400000000000000 > |
[ 12, 38, 8, 44, 2, 5, 45, 39, 56, 14, 31, 9, 63, 55, 34, 20, 42, 15, 18, 62, 10, 1, 46, 21, 24, 16, 30, 19, 22, 13, 60, 49, 11, 47, 23, 51, 25, 26, 33, 27, 29, 35, 40, 43, 28, 61, 7, 41, 36, 37, 59, 54, 64, 32, 50, 48, 52, 3, 57, 58, 53, 6, 4, 17 ],
[ 3, 10, 16, 22, 18, 27, 1, 35, 28, 41, 5, 43, 2, 23, 52, 7, 58, 48, 46, 37, 49, 55, 63, 6, 64, 4, 56, 62, 34, 42, 53, 47, 59, 38, 45, 8, 12, 60, 9, 54, 13, 21, 20, 61, 36, 33, 17, 11, 30, 57, 14, 31, 15, 25, 26, 24, 44, 32, 19, 29, 50, 39, 51, 40 ],
[ 4, 11, 17, 23, 24, 28, 32, 1, 37, 42, 46, 7, 49, 2, 5, 55, 25, 59, 9, 3, 56, 60, 8, 54, 20, 34, 64, 35, 10, 6, 48, 40, 62, 53, 30, 21, 61, 13, 36, 12, 18, 47, 57, 26, 16, 14, 29, 27, 58, 22, 45, 50, 44, 15, 51, 39, 33, 38, 63, 52, 19, 43, 41, 31 ]
];
edge1`UpstairsFilename := "64S9-8,4,4-g13-2389717482.m";
edge1`DownstairsTriple := [ PermutationGroup<32 |  
\[ 2, 3, 4, 5, 6, 7, 8, 9, 10, 11, 12, 13, 14, 15, 16, 17, 18, 19, 20, 21, 22, 23, 24, 25, 26, 27, 28, 29, 30, 31, 32, 1 ],
\[ 2, 1, 3, 4, 5, 6, 7, 8, 9, 10, 11, 12, 13, 14, 15, 16, 17, 18, 19, 20, 21, 22, 23, 24, 25, 26, 27, 28, 29, 30, 31, 32 ]:
 Order := 263130836933693530167218012160000000 > |
[ 11, 23, 8, 24, 2, 5, 14, 22, 6, 13, 9, 21, 4, 27, 31, 7, 10, 1, 25, 17, 20, 16, 18, 12, 30, 3, 26, 19, 32, 29, 28, 15 ],
[ 3, 10, 5, 18, 7, 4, 1, 28, 27, 11, 12, 2, 32, 29, 26, 15, 31, 20, 13, 6, 19, 9, 22, 30, 16, 25, 23, 14, 8, 17, 24, 21 ],
[ 4, 3, 15, 19, 20, 22, 25, 1, 10, 30, 7, 31, 2, 5, 13, 23, 18, 27, 8, 32, 11, 29, 12, 6, 21, 9, 28, 17, 24, 26, 16, 14 ]
];
edge1`DownstairsFilename := "32S10-8,4,4-g7-3976531736.m";
Append(~s`Edges, edge1);
edge2 := TwoEdgeInitialize();
edge2`Blocks := {@ PowerSet(IntegerRing()) |
{ IntegerRing() | 1, 5 },
{ IntegerRing() | 2, 11 },
{ IntegerRing() | 3, 16 },
{ IntegerRing() | 4, 21 },
{ IntegerRing() | 6, 24 },
{ IntegerRing() | 7, 25 },
{ IntegerRing() | 8, 26 },
{ IntegerRing() | 9, 29 },
{ IntegerRing() | 10, 40 },
{ IntegerRing() | 12, 42 },
{ IntegerRing() | 13, 22 },
{ IntegerRing() | 14, 47 },
{ IntegerRing() | 15, 49 },
{ IntegerRing() | 17, 50 },
{ IntegerRing() | 18, 51 },
{ IntegerRing() | 19, 54 },
{ IntegerRing() | 20, 46 },
{ IntegerRing() | 23, 57 },
{ IntegerRing() | 27, 61 },
{ IntegerRing() | 28, 34 },
{ IntegerRing() | 30, 62 },
{ IntegerRing() | 31, 63 },
{ IntegerRing() | 32, 59 },
{ IntegerRing() | 33, 38 },
{ IntegerRing() | 35, 55 },
{ IntegerRing() | 36, 64 },
{ IntegerRing() | 37, 60 },
{ IntegerRing() | 39, 53 },
{ IntegerRing() | 41, 52 },
{ IntegerRing() | 43, 56 },
{ IntegerRing() | 44, 48 },
{ IntegerRing() | 45, 58 }
@};
edge2`UpstairsTriple := [ PermutationGroup<64 |  
\[ 2, 3, 4, 5, 6, 7, 8, 9, 10, 11, 12, 13, 14, 15, 16, 17, 18, 19, 20, 21, 22, 23, 24, 25, 26, 27, 28, 29, 30, 31, 32, 33, 34, 35, 36, 37, 38, 39, 40, 41, 42, 43, 44, 45, 46, 47, 48, 49, 50, 51, 52, 53, 54, 55, 56, 57, 58, 59, 60, 61, 62, 63, 64, 1 ],
\[ 2, 1, 3, 4, 5, 6, 7, 8, 9, 10, 11, 12, 13, 14, 15, 16, 17, 18, 19, 20, 21, 22, 23, 24, 25, 26, 27, 28, 29, 30, 31, 32, 33, 34, 35, 36, 37, 38, 39, 40, 41, 42, 43, 44, 45, 46, 47, 48, 49, 50, 51, 52, 53, 54, 55, 56, 57, 58, 59, 60, 61, 62, 63, 64 ]:
 Order := 126886932185884164103433389335161480802865516174545192198801894375214704230400000000000000 > |
[ 2, 9, 8, 19, 11, 1, 31, 34, 24, 13, 29, 43, 21, 18, 48, 26, 3, 41, 10, 49, 54, 4, 14, 5, 63, 28, 30, 17, 6, 12, 37, 53, 7, 50, 20, 58, 38, 25, 64, 22, 57, 56, 61, 55, 32, 15, 51, 35, 44, 16, 52, 23, 36, 40, 46, 27, 47, 59, 39, 33, 62, 42, 60, 45 ],
[ 3, 10, 14, 6, 16, 27, 1, 35, 37, 18, 40, 2, 45, 7, 17, 47, 32, 12, 44, 22, 24, 58, 4, 61, 5, 55, 23, 29, 60, 39, 36, 33, 15, 9, 31, 8, 41, 49, 19, 51, 34, 11, 46, 30, 43, 13, 25, 62, 50, 59, 42, 28, 54, 48, 63, 20, 21, 56, 38, 52, 57, 53, 64, 26 ],
[ 4, 7, 15, 20, 21, 28, 32, 1, 12, 39, 25, 44, 2, 27, 43, 49, 52, 3, 23, 8, 46, 11, 60, 34, 59, 5, 58, 64, 42, 6, 14, 13, 29, 36, 54, 62, 35, 9, 50, 53, 10, 48, 18, 38, 63, 26, 61, 33, 56, 41, 16, 40, 17, 57, 19, 51, 37, 31, 22, 55, 45, 24, 47, 30 ]
];
edge2`UpstairsFilename := "64S9-8,4,4-g13-2505260905.m";
edge2`DownstairsTriple := [ PermutationGroup<32 |  
\[ 2, 3, 4, 5, 6, 7, 8, 9, 10, 11, 12, 13, 14, 15, 16, 17, 18, 19, 20, 21, 22, 23, 24, 25, 26, 27, 28, 29, 30, 31, 32, 1 ],
\[ 2, 1, 3, 4, 5, 6, 7, 8, 9, 10, 11, 12, 13, 14, 15, 16, 17, 18, 19, 20, 21, 22, 23, 24, 25, 26, 27, 28, 29, 30, 31, 32 ]:
 Order := 263130836933693530167218012160000000 > |
[ 11, 27, 8, 22, 2, 5, 14, 28, 18, 13, 9, 29, 20, 21, 30, 7, 10, 1, 15, 17, 16, 12, 31, 3, 19, 32, 6, 24, 4, 25, 26, 23 ],
[ 3, 10, 5, 18, 7, 4, 1, 25, 21, 11, 12, 2, 19, 26, 24, 15, 31, 20, 29, 6, 27, 30, 16, 23, 14, 8, 28, 9, 32, 17, 22, 13 ],
[ 4, 3, 15, 19, 20, 21, 23, 1, 10, 30, 7, 31, 2, 5, 13, 9, 18, 28, 8, 32, 25, 6, 29, 27, 22, 17, 12, 26, 11, 16, 24, 14 ]
];
edge2`DownstairsFilename := "32S6-4,4,4-g5-1560282986.m";
Append(~s`Edges, edge2);
edge3 := TwoEdgeInitialize();
edge3`Blocks := {@ PowerSet(IntegerRing()) |
{ IntegerRing() | 1, 5 },
{ IntegerRing() | 2, 11 },
{ IntegerRing() | 3, 7 },
{ IntegerRing() | 4, 18 },
{ IntegerRing() | 6, 20 },
{ IntegerRing() | 8, 21 },
{ IntegerRing() | 9, 32 },
{ IntegerRing() | 10, 12 },
{ IntegerRing() | 13, 35 },
{ IntegerRing() | 14, 25 },
{ IntegerRing() | 15, 26 },
{ IntegerRing() | 16, 24 },
{ IntegerRing() | 17, 45 },
{ IntegerRing() | 19, 46 },
{ IntegerRing() | 22, 50 },
{ IntegerRing() | 23, 41 },
{ IntegerRing() | 27, 31 },
{ IntegerRing() | 28, 29 },
{ IntegerRing() | 30, 59 },
{ IntegerRing() | 33, 54 },
{ IntegerRing() | 34, 36 },
{ IntegerRing() | 37, 58 },
{ IntegerRing() | 38, 39 },
{ IntegerRing() | 40, 42 },
{ IntegerRing() | 43, 51 },
{ IntegerRing() | 44, 49 },
{ IntegerRing() | 47, 62 },
{ IntegerRing() | 48, 53 },
{ IntegerRing() | 52, 61 },
{ IntegerRing() | 55, 56 },
{ IntegerRing() | 57, 64 },
{ IntegerRing() | 60, 63 }
@};
edge3`UpstairsTriple := [ PermutationGroup<64 |  
\[ 2, 3, 4, 5, 6, 7, 8, 9, 10, 11, 12, 13, 14, 15, 16, 17, 18, 19, 20, 21, 22, 23, 24, 25, 26, 27, 28, 29, 30, 31, 32, 33, 34, 35, 36, 37, 38, 39, 40, 41, 42, 43, 44, 45, 46, 47, 48, 49, 50, 51, 52, 53, 54, 55, 56, 57, 58, 59, 60, 61, 62, 63, 64, 1 ],
\[ 2, 1, 3, 4, 5, 6, 7, 8, 9, 10, 11, 12, 13, 14, 15, 16, 17, 18, 19, 20, 21, 22, 23, 24, 25, 26, 27, 28, 29, 30, 31, 32, 33, 34, 35, 36, 37, 38, 39, 40, 41, 42, 43, 44, 45, 46, 47, 48, 49, 50, 51, 52, 53, 54, 55, 56, 57, 58, 59, 60, 61, 62, 63, 64 ]:
 Order := 126886932185884164103433389335161480802865516174545192198801894375214704230400000000000000 > |
[ 2, 9, 8, 16, 11, 1, 21, 27, 30, 13, 32, 35, 37, 40, 3, 10, 44, 24, 4, 5, 31, 15, 6, 12, 42, 7, 54, 17, 45, 57, 33, 59, 60, 51, 58, 43, 55, 25, 14, 28, 20, 29, 39, 36, 49, 18, 23, 19, 34, 26, 38, 22, 46, 63, 48, 53, 47, 56, 64, 61, 50, 41, 52, 62 ],
[ 3, 10, 5, 6, 7, 18, 1, 28, 31, 11, 12, 2, 38, 15, 25, 36, 19, 20, 45, 4, 29, 23, 50, 34, 26, 14, 9, 21, 8, 58, 32, 27, 44, 16, 39, 24, 30, 35, 13, 56, 22, 55, 61, 54, 46, 17, 48, 62, 33, 41, 52, 43, 47, 49, 40, 42, 63, 59, 37, 57, 51, 53, 64, 60 ],
[ 4, 7, 14, 17, 18, 22, 25, 1, 12, 34, 3, 36, 2, 35, 41, 20, 8, 45, 47, 50, 5, 51, 53, 6, 13, 23, 29, 55, 56, 27, 28, 10, 9, 54, 11, 33, 39, 61, 52, 26, 48, 15, 16, 46, 21, 62, 60, 42, 19, 43, 24, 57, 40, 32, 59, 30, 37, 38, 31, 49, 64, 63, 44, 58 ]
];
edge3`UpstairsFilename := "64S9-8,4,4-g13-3207749954.m";
edge3`DownstairsTriple := [ PermutationGroup<32 |  
\[ 2, 3, 4, 5, 6, 7, 8, 9, 10, 11, 12, 13, 14, 15, 16, 17, 18, 19, 20, 21, 22, 23, 24, 25, 26, 27, 28, 29, 30, 31, 32, 1 ],
\[ 2, 1, 3, 4, 5, 6, 7, 8, 9, 10, 11, 12, 13, 14, 15, 16, 17, 18, 19, 20, 21, 22, 23, 24, 25, 26, 27, 28, 29, 30, 31, 32 ]:
 Order := 263130836933693530167218012160000000 > |
[ 2, 8, 7, 15, 10, 1, 23, 19, 11, 22, 17, 29, 20, 3, 9, 30, 31, 4, 5, 21, 14, 6, 25, 16, 13, 32, 18, 12, 24, 26, 27, 28 ],
[ 3, 9, 1, 6, 13, 4, 24, 23, 2, 27, 28, 14, 5, 12, 26, 18, 19, 16, 17, 32, 22, 21, 8, 7, 30, 15, 10, 11, 31, 25, 29, 20 ],
[ 4, 3, 12, 16, 17, 21, 1, 9, 26, 13, 2, 11, 30, 22, 6, 7, 28, 10, 23, 5, 32, 27, 24, 31, 8, 25, 29, 20, 14, 18, 19, 15 ]
];
edge3`DownstairsFilename := "32S11-8,2,4-g3-3793760957.m";
Append(~s`Edges, edge3);

/*
Return for eval
*/

return s;
