s := TwoDBInitialize();

/*
Magma printing
*/

s`AutomorphismGroup := PermutationGroup<32 |  
\[ 31, 18, 10, 32, 24, 22, 23, 16, 5, 21, 6, 4, 15, 12, 7, 20, 2, 25, 29, 30, 13, 17, 26, 19, 27, 3, 11, 9, 1, 14, 28, 8 ],
\[ 2, 9, 8, 10, 11, 1, 12, 13, 27, 16, 29, 3, 30, 26, 14, 15, 28, 5, 22, 7, 20, 31, 4, 6, 24, 32, 19, 25, 17, 23, 18, 21 ],
\[ 32, 23, 25, 29, 30, 13, 17, 31, 20, 27, 21, 19, 6, 24, 22, 28, 7, 26, 12, 9, 11, 15, 2, 14, 3, 18, 10, 16, 4, 5, 8, 1 ]:
 Order := 32 >;
s`Blocks := {@ PowerSet(IntegerRing()) |
{ IntegerRing() | 1, 5 },
{ IntegerRing() | 2, 11 },
{ IntegerRing() | 3, 15 },
{ IntegerRing() | 4, 20 },
{ IntegerRing() | 6, 18 },
{ IntegerRing() | 7, 10 },
{ IntegerRing() | 8, 14 },
{ IntegerRing() | 9, 29 },
{ IntegerRing() | 12, 16 },
{ IntegerRing() | 13, 26 },
{ IntegerRing() | 17, 27 },
{ IntegerRing() | 19, 28 },
{ IntegerRing() | 21, 23 },
{ IntegerRing() | 22, 25 },
{ IntegerRing() | 24, 31 },
{ IntegerRing() | 30, 32 }
@};
s`Child := "16T5-8,8,4-g5-path6";
s`Degree := 32;
s`Filename := "32S17-16,16,8-g13-path11.m";
s`GaloisOrbit := [ PowerSequence(PermutationGroup<32 |  
\[ 2, 3, 4, 5, 6, 7, 8, 9, 10, 11, 12, 13, 14, 15, 16, 17, 18, 19, 20, 21, 22, 23, 24, 25, 26, 27, 28, 29, 30, 31, 32, 1 ],
\[ 2, 1, 3, 4, 5, 6, 7, 8, 9, 10, 11, 12, 13, 14, 15, 16, 17, 18, 19, 20, 21, 22, 23, 24, 25, 26, 27, 28, 29, 30, 31, 32 ]:
 Order := 263130836933693530167218012160000000 >) |
[ PermutationGroup<32 |  
\[ 2, 3, 4, 5, 6, 7, 8, 9, 10, 11, 12, 13, 14, 15, 16, 17, 18, 19, 20, 21, 22, 23, 24, 25, 26, 27, 28, 29, 30, 31, 32, 1 ],
\[ 2, 1, 3, 4, 5, 6, 7, 8, 9, 10, 11, 12, 13, 14, 15, 16, 17, 18, 19, 20, 21, 22, 23, 24, 25, 26, 27, 28, 29, 30, 31, 32 ]:
 Order := 263130836933693530167218012160000000 > |
[ 11, 29, 8, 10, 2, 5, 12, 13, 17, 16, 9, 3, 30, 26, 14, 15, 19, 1, 25, 7, 20, 24, 4, 18, 31, 32, 28, 22, 27, 23, 6, 21 ],
[ 3, 8, 9, 18, 15, 12, 1, 27, 13, 5, 14, 2, 19, 17, 29, 11, 32, 16, 23, 6, 24, 4, 31, 7, 20, 28, 30, 21, 26, 22, 10, 25 ],
[ 4, 10, 6, 19, 20, 23, 25, 1, 16, 22, 7, 24, 2, 5, 18, 31, 3, 21, 14, 28, 17, 26, 27, 30, 13, 11, 15, 8, 12, 9, 32, 29 ]
]
];
s`GaloisOrbitSize := 1;
s`Genus := 13;
s`Geometry := "Hyperbolic";
s`Level := 5;
s`MonodromyGroup := PermutationGroup<32 |  
\[ 11, 29, 8, 10, 2, 5, 12, 13, 17, 16, 9, 3, 30, 26, 14, 15, 19, 1, 25, 7, 20, 24, 4, 18, 31, 32, 28, 22, 27, 23, 6, 21 ],
\[ 3, 8, 9, 18, 15, 12, 1, 27, 13, 5, 14, 2, 19, 17, 29, 11, 32, 16, 23, 6, 24, 4, 31, 7, 20, 28, 30, 21, 26, 22, 10, 25 ],
\[ 4, 10, 6, 19, 20, 23, 25, 1, 16, 22, 7, 24, 2, 5, 18, 31, 3, 21, 14, 28, 17, 26, 27, 30, 13, 11, 15, 8, 12, 9, 32, 29 ] >;
s`Name := "32S17-16,16,8-g13-path11";
s`Orders := \[ 16, 16, 8 ];
s`Parents := [ Strings() | "64S27-16,16,8-g25-path2", "64S44-16,16,8-g25-path66", "64S29-16,16,8-g25-path20" ];
s`Passport := [ PowerSequence(PermutationGroup<32 |  
\[ 11, 29, 8, 10, 2, 5, 12, 13, 17, 16, 9, 3, 30, 26, 14, 15, 19, 1, 25, 7, 20, 24, 4, 18, 31, 32, 28, 22, 27, 23, 6, 21 ],
\[ 3, 8, 9, 18, 15, 12, 1, 27, 13, 5, 14, 2, 19, 17, 29, 11, 32, 16, 23, 6, 24, 4, 31, 7, 20, 28, 30, 21, 26, 22, 10, 25 ],
\[ 4, 10, 6, 19, 20, 23, 25, 1, 16, 22, 7, 24, 2, 5, 18, 31, 3, 21, 14, 28, 17, 26, 27, 30, 13, 11, 15, 8, 12, 9, 32, 29 ]:
 Order := 32 >) |
[ PermutationGroup<32 |  
\[ 11, 29, 8, 10, 2, 5, 12, 13, 17, 16, 9, 3, 30, 26, 14, 15, 19, 1, 25, 7, 20, 24, 4, 18, 31, 32, 28, 22, 27, 23, 6, 21 ],
\[ 3, 8, 9, 18, 15, 12, 1, 27, 13, 5, 14, 2, 19, 17, 29, 11, 32, 16, 23, 6, 24, 4, 31, 7, 20, 28, 30, 21, 26, 22, 10, 25 ],
\[ 4, 10, 6, 19, 20, 23, 25, 1, 16, 22, 7, 24, 2, 5, 18, 31, 3, 21, 14, 28, 17, 26, 27, 30, 13, 11, 15, 8, 12, 9, 32, 29 ]:
 Order := 32 > |
[ 11, 29, 8, 10, 2, 5, 12, 13, 17, 16, 9, 3, 30, 26, 14, 15, 19, 1, 25, 7, 20, 24, 4, 18, 31, 32, 28, 22, 27, 23, 6, 21 ],
[ 15, 14, 29, 6, 3, 16, 5, 17, 26, 1, 8, 11, 28, 27, 9, 2, 30, 12, 21, 18, 31, 20, 24, 10, 4, 19, 32, 23, 13, 25, 7, 22 ],
[ 20, 7, 18, 28, 4, 21, 22, 5, 12, 25, 10, 31, 11, 1, 6, 24, 15, 23, 8, 19, 27, 13, 17, 32, 26, 2, 3, 14, 16, 29, 30, 9 ]
],
[ PermutationGroup<32 |  
\[ 11, 29, 8, 10, 2, 5, 12, 13, 17, 16, 9, 3, 30, 26, 14, 15, 19, 1, 25, 7, 20, 24, 4, 18, 31, 32, 28, 22, 27, 23, 6, 21 ],
\[ 3, 8, 9, 18, 15, 12, 1, 27, 13, 5, 14, 2, 19, 17, 29, 11, 32, 16, 23, 6, 24, 4, 31, 7, 20, 28, 30, 21, 26, 22, 10, 25 ],
\[ 4, 10, 6, 19, 20, 23, 25, 1, 16, 22, 7, 24, 2, 5, 18, 31, 3, 21, 14, 28, 17, 26, 27, 30, 13, 11, 15, 8, 12, 9, 32, 29 ]:
 Order := 32 > |
[ 11, 29, 8, 10, 2, 5, 12, 13, 17, 16, 9, 3, 30, 26, 14, 15, 19, 1, 25, 7, 20, 24, 4, 18, 31, 32, 28, 22, 27, 23, 6, 21 ],
[ 23, 4, 31, 17, 21, 30, 19, 18, 10, 28, 20, 22, 5, 6, 24, 25, 12, 32, 15, 27, 9, 14, 29, 13, 8, 1, 16, 3, 7, 11, 26, 2 ],
[ 8, 13, 17, 1, 14, 3, 11, 28, 30, 2, 26, 29, 25, 19, 27, 9, 21, 15, 4, 5, 18, 10, 6, 12, 7, 22, 23, 20, 32, 24, 16, 31 ]
]
];
s`PassportName := "32S17-16,16,8-g13";
s`PassportSize := 2;
s`PathNumber := 11;
s`PathToPP1 := [ Strings() | "PP1", "2T1-2,1,2-g0-path1", "4T2-2,2,2-g0-path2", "8T2-4,4,2-g1-path4", "16T5-8,8,4-g5-path6", "32S17-16,16,8-g13-path11" ];
s`PermutationTriple := [ PermutationGroup<32 |  
\[ 2, 3, 4, 5, 6, 7, 8, 9, 10, 11, 12, 13, 14, 15, 16, 17, 18, 19, 20, 21, 22, 23, 24, 25, 26, 27, 28, 29, 30, 31, 32, 1 ],
\[ 2, 1, 3, 4, 5, 6, 7, 8, 9, 10, 11, 12, 13, 14, 15, 16, 17, 18, 19, 20, 21, 22, 23, 24, 25, 26, 27, 28, 29, 30, 31, 32 ]:
 Order := 263130836933693530167218012160000000 > |
[ 11, 29, 8, 10, 2, 5, 12, 13, 17, 16, 9, 3, 30, 26, 14, 15, 19, 1, 25, 7, 20, 24, 4, 18, 31, 32, 28, 22, 27, 23, 6, 21 ],
[ 3, 8, 9, 18, 15, 12, 1, 27, 13, 5, 14, 2, 19, 17, 29, 11, 32, 16, 23, 6, 24, 4, 31, 7, 20, 28, 30, 21, 26, 22, 10, 25 ],
[ 4, 10, 6, 19, 20, 23, 25, 1, 16, 22, 7, 24, 2, 5, 18, 31, 3, 21, 14, 28, 17, 26, 27, 30, 13, 11, 15, 8, 12, 9, 32, 29 ]
];
s`PointedAutomorphismGroup := PermutationGroup<32 |  
\[ 29, 17, 26, 12, 9, 11, 15, 32, 28, 3, 27, 14, 21, 30, 13, 8, 22, 2, 24, 16, 10, 6, 7, 5, 18, 23, 25, 31, 19, 20, 1, 4 ],
\[ 6, 1, 12, 23, 18, 24, 20, 3, 2, 4, 5, 7, 8, 15, 16, 10, 29, 31, 27, 21, 32, 19, 30, 25, 28, 14, 9, 17, 11, 13, 22, 26 ]:
 Order := 16 >;
s`PointedPassport := [ PowerSequence(PermutationGroup<32 |  
\[ 2, 3, 4, 5, 6, 7, 8, 9, 10, 11, 12, 13, 14, 15, 16, 17, 18, 19, 20, 21, 22, 23, 24, 25, 26, 27, 28, 29, 30, 31, 32, 1 ],
\[ 2, 1, 3, 4, 5, 6, 7, 8, 9, 10, 11, 12, 13, 14, 15, 16, 17, 18, 19, 20, 21, 22, 23, 24, 25, 26, 27, 28, 29, 30, 31, 32 ]:
 Order := 263130836933693530167218012160000000 >) |
[ PermutationGroup<32 |  
\[ 2, 3, 4, 5, 6, 7, 8, 9, 10, 11, 12, 13, 14, 15, 16, 17, 18, 19, 20, 21, 22, 23, 24, 25, 26, 27, 28, 29, 30, 31, 32, 1 ],
\[ 2, 1, 3, 4, 5, 6, 7, 8, 9, 10, 11, 12, 13, 14, 15, 16, 17, 18, 19, 20, 21, 22, 23, 24, 25, 26, 27, 28, 29, 30, 31, 32 ]:
 Order := 263130836933693530167218012160000000 > |
[ 11, 29, 8, 10, 2, 5, 12, 13, 17, 16, 9, 3, 30, 26, 14, 15, 19, 1, 25, 7, 20, 24, 4, 18, 31, 32, 28, 22, 27, 23, 6, 21 ],
[ 15, 14, 29, 6, 3, 16, 5, 17, 26, 1, 8, 11, 28, 27, 9, 2, 30, 12, 21, 18, 31, 20, 24, 10, 4, 19, 32, 23, 13, 25, 7, 22 ],
[ 20, 7, 18, 28, 4, 21, 22, 5, 12, 25, 10, 31, 11, 1, 6, 24, 15, 23, 8, 19, 27, 13, 17, 32, 26, 2, 3, 14, 16, 29, 30, 9 ]
],
[ PermutationGroup<32 |  
\[ 2, 3, 4, 5, 6, 7, 8, 9, 10, 11, 12, 13, 14, 15, 16, 17, 18, 19, 20, 21, 22, 23, 24, 25, 26, 27, 28, 29, 30, 31, 32, 1 ],
\[ 2, 1, 3, 4, 5, 6, 7, 8, 9, 10, 11, 12, 13, 14, 15, 16, 17, 18, 19, 20, 21, 22, 23, 24, 25, 26, 27, 28, 29, 30, 31, 32 ]:
 Order := 263130836933693530167218012160000000 > |
[ 11, 29, 8, 10, 2, 5, 12, 13, 17, 16, 9, 3, 30, 26, 14, 15, 19, 1, 25, 7, 20, 24, 4, 18, 31, 32, 28, 22, 27, 23, 6, 21 ],
[ 23, 4, 31, 17, 21, 30, 19, 18, 10, 28, 20, 22, 5, 6, 24, 25, 12, 32, 15, 27, 9, 14, 29, 13, 8, 1, 16, 3, 7, 11, 26, 2 ],
[ 8, 13, 17, 1, 14, 3, 11, 28, 30, 2, 26, 29, 25, 19, 27, 9, 21, 15, 4, 5, 18, 10, 6, 12, 7, 22, 23, 20, 32, 24, 16, 31 ]
]
];
s`PointedPassportSize := 2;
s`RefinedPassport := [ PowerSequence(PermutationGroup<32 |  
\[ 2, 3, 4, 5, 6, 7, 8, 9, 10, 11, 12, 13, 14, 15, 16, 17, 18, 19, 20, 21, 22, 23, 24, 25, 26, 27, 28, 29, 30, 31, 32, 1 ],
\[ 2, 1, 3, 4, 5, 6, 7, 8, 9, 10, 11, 12, 13, 14, 15, 16, 17, 18, 19, 20, 21, 22, 23, 24, 25, 26, 27, 28, 29, 30, 31, 32 ]:
 Order := 263130836933693530167218012160000000 >) |
[ PermutationGroup<32 |  
\[ 2, 3, 4, 5, 6, 7, 8, 9, 10, 11, 12, 13, 14, 15, 16, 17, 18, 19, 20, 21, 22, 23, 24, 25, 26, 27, 28, 29, 30, 31, 32, 1 ],
\[ 2, 1, 3, 4, 5, 6, 7, 8, 9, 10, 11, 12, 13, 14, 15, 16, 17, 18, 19, 20, 21, 22, 23, 24, 25, 26, 27, 28, 29, 30, 31, 32 ]:
 Order := 263130836933693530167218012160000000 > |
[ 11, 29, 8, 10, 2, 5, 12, 13, 17, 16, 9, 3, 30, 26, 14, 15, 19, 1, 25, 7, 20, 24, 4, 18, 31, 32, 28, 22, 27, 23, 6, 21 ],
[ 3, 8, 9, 18, 15, 12, 1, 27, 13, 5, 14, 2, 19, 17, 29, 11, 32, 16, 23, 6, 24, 4, 31, 7, 20, 28, 30, 21, 26, 22, 10, 25 ],
[ 4, 10, 6, 19, 20, 23, 25, 1, 16, 22, 7, 24, 2, 5, 18, 31, 3, 21, 14, 28, 17, 26, 27, 30, 13, 11, 15, 8, 12, 9, 32, 29 ]
]
];
s`RefinedPassportSize := 1;

/*
Return for eval
*/

return s;
