s := TwoDBInitialize();

/*
Magma printing
*/

s`AutomorphismGroup := PermutationGroup<32 |  
\[ 28, 19, 27, 12, 9, 11, 24, 17, 5, 21, 6, 4, 16, 23, 26, 13, 8, 32, 2, 25, 10, 30, 14, 7, 20, 15, 3, 1, 31, 22, 29, 18 ],
\[ 27, 23, 26, 11, 13, 8, 28, 32, 16, 9, 17, 6, 31, 30, 7, 29, 18, 12, 14, 2, 5, 25, 22, 1, 19, 24, 15, 3, 21, 20, 10, 4 ],
\[ 32, 15, 25, 27, 30, 29, 23, 24, 22, 17, 31, 3, 4, 21, 11, 12, 7, 9, 26, 13, 8, 28, 10, 14, 16, 6, 20, 18, 19, 1, 2, 5 ]:
 Order := 32 >;
s`Blocks := {@ PowerSet(IntegerRing()) |
{ IntegerRing() | 1, 5 },
{ IntegerRing() | 2, 11 },
{ IntegerRing() | 3, 16 },
{ IntegerRing() | 4, 20 },
{ IntegerRing() | 6, 19 },
{ IntegerRing() | 7, 10 },
{ IntegerRing() | 8, 14 },
{ IntegerRing() | 9, 28 },
{ IntegerRing() | 12, 25 },
{ IntegerRing() | 13, 27 },
{ IntegerRing() | 15, 31 },
{ IntegerRing() | 17, 23 },
{ IntegerRing() | 18, 22 },
{ IntegerRing() | 21, 24 },
{ IntegerRing() | 26, 29 },
{ IntegerRing() | 30, 32 }
@};
s`Child := "16T5-4,8,8-g5-path3";
s`Degree := 32;
s`Filename := "32S12-4,8,8-g9-path10.m";
s`GaloisOrbit := [ PowerSequence(PermutationGroup<32 |  
\[ 2, 3, 4, 5, 6, 7, 8, 9, 10, 11, 12, 13, 14, 15, 16, 17, 18, 19, 20, 21, 22, 23, 24, 25, 26, 27, 28, 29, 30, 31, 32, 1 ],
\[ 2, 1, 3, 4, 5, 6, 7, 8, 9, 10, 11, 12, 13, 14, 15, 16, 17, 18, 19, 20, 21, 22, 23, 24, 25, 26, 27, 28, 29, 30, 31, 32 ]:
 Order := 263130836933693530167218012160000000 >) |
[ PermutationGroup<32 |  
\[ 2, 3, 4, 5, 6, 7, 8, 9, 10, 11, 12, 13, 14, 15, 16, 17, 18, 19, 20, 21, 22, 23, 24, 25, 26, 27, 28, 29, 30, 31, 32, 1 ],
\[ 2, 1, 3, 4, 5, 6, 7, 8, 9, 10, 11, 12, 13, 14, 15, 16, 17, 18, 19, 20, 21, 22, 23, 24, 25, 26, 27, 28, 29, 30, 31, 32 ]:
 Order := 263130836933693530167218012160000000 > |
[ 11, 28, 8, 10, 2, 5, 12, 13, 19, 25, 9, 21, 23, 27, 18, 14, 16, 29, 1, 7, 20, 26, 3, 4, 24, 32, 17, 6, 30, 15, 22, 31 ],
[ 3, 8, 15, 19, 16, 23, 1, 22, 13, 5, 14, 2, 29, 18, 24, 31, 30, 20, 17, 6, 9, 4, 32, 28, 11, 7, 26, 27, 10, 12, 21, 25 ],
[ 4, 10, 6, 15, 20, 24, 18, 1, 25, 22, 7, 26, 2, 5, 17, 19, 28, 3, 21, 31, 30, 16, 9, 32, 29, 8, 11, 12, 14, 13, 23, 27 ]
]
];
s`GaloisOrbitSize := 1;
s`Genus := 9;
s`Geometry := "Hyperbolic";
s`Level := 5;
s`MonodromyGroup := PermutationGroup<32 |  
\[ 11, 28, 8, 10, 2, 5, 12, 13, 19, 25, 9, 21, 23, 27, 18, 14, 16, 29, 1, 7, 20, 26, 3, 4, 24, 32, 17, 6, 30, 15, 22, 31 ],
\[ 3, 8, 15, 19, 16, 23, 1, 22, 13, 5, 14, 2, 29, 18, 24, 31, 30, 20, 17, 6, 9, 4, 32, 28, 11, 7, 26, 27, 10, 12, 21, 25 ],
\[ 4, 10, 6, 15, 20, 24, 18, 1, 25, 22, 7, 26, 2, 5, 17, 19, 28, 3, 21, 31, 30, 16, 9, 32, 29, 8, 11, 12, 14, 13, 23, 27 ] >;
s`Name := "32S12-4,8,8-g9-path10";
s`Orders := \[ 4, 8, 8 ];
s`Parents := [ Strings() | "64S44-8,16,16-g25-path1", "64S44-8,16,16-g25-path2", "64S45-4,16,16-g21-path1", "64S16-8,8,8-g21-path1", "64S45-4,16,16-g21-path2", "64S15-8,8,8-g21-path1", "64S17-4,8,8-g17-path1" ];
s`Passport := [ PowerSequence(PermutationGroup<32 |  
\[ 11, 28, 8, 10, 2, 5, 12, 13, 19, 25, 9, 21, 23, 27, 18, 14, 16, 29, 1, 7, 20, 26, 3, 4, 24, 32, 17, 6, 30, 15, 22, 31 ],
\[ 3, 8, 15, 19, 16, 23, 1, 22, 13, 5, 14, 2, 29, 18, 24, 31, 30, 20, 17, 6, 9, 4, 32, 28, 11, 7, 26, 27, 10, 12, 21, 25 ],
\[ 4, 10, 6, 15, 20, 24, 18, 1, 25, 22, 7, 26, 2, 5, 17, 19, 28, 3, 21, 31, 30, 16, 9, 32, 29, 8, 11, 12, 14, 13, 23, 27 ]:
 Order := 32 >) |
[ PermutationGroup<32 |  
\[ 11, 28, 8, 10, 2, 5, 12, 13, 19, 25, 9, 21, 23, 27, 18, 14, 16, 29, 1, 7, 20, 26, 3, 4, 24, 32, 17, 6, 30, 15, 22, 31 ],
\[ 3, 8, 15, 19, 16, 23, 1, 22, 13, 5, 14, 2, 29, 18, 24, 31, 30, 20, 17, 6, 9, 4, 32, 28, 11, 7, 26, 27, 10, 12, 21, 25 ],
\[ 4, 10, 6, 15, 20, 24, 18, 1, 25, 22, 7, 26, 2, 5, 17, 19, 28, 3, 21, 31, 30, 16, 9, 32, 29, 8, 11, 12, 14, 13, 23, 27 ]:
 Order := 32 > |
[ 32, 15, 12, 13, 30, 29, 17, 21, 22, 23, 31, 16, 20, 24, 11, 25, 10, 9, 26, 27, 14, 28, 7, 8, 3, 6, 4, 18, 19, 1, 2, 5 ],
[ 3, 8, 15, 19, 16, 23, 1, 22, 13, 5, 14, 2, 29, 18, 24, 31, 30, 20, 17, 6, 9, 4, 32, 28, 11, 7, 26, 27, 10, 12, 21, 25 ],
[ 17, 16, 32, 28, 23, 27, 6, 15, 14, 19, 3, 1, 22, 31, 12, 30, 26, 24, 13, 9, 2, 21, 29, 11, 5, 4, 18, 8, 20, 10, 25, 7 ]
],
[ PermutationGroup<32 |  
\[ 11, 28, 8, 10, 2, 5, 12, 13, 19, 25, 9, 21, 23, 27, 18, 14, 16, 29, 1, 7, 20, 26, 3, 4, 24, 32, 17, 6, 30, 15, 22, 31 ],
\[ 3, 8, 15, 19, 16, 23, 1, 22, 13, 5, 14, 2, 29, 18, 24, 31, 30, 20, 17, 6, 9, 4, 32, 28, 11, 7, 26, 27, 10, 12, 21, 25 ],
\[ 4, 10, 6, 15, 20, 24, 18, 1, 25, 22, 7, 26, 2, 5, 17, 19, 28, 3, 21, 31, 30, 16, 9, 32, 29, 8, 11, 12, 14, 13, 23, 27 ]:
 Order := 32 > |
[ 2, 9, 14, 7, 11, 1, 25, 27, 6, 12, 28, 24, 17, 13, 22, 8, 3, 26, 5, 10, 4, 29, 16, 20, 21, 30, 23, 19, 32, 31, 18, 15 ],
[ 3, 8, 15, 19, 16, 23, 1, 22, 13, 5, 14, 2, 29, 18, 24, 31, 30, 20, 17, 6, 9, 4, 32, 28, 11, 7, 26, 27, 10, 12, 21, 25 ],
[ 20, 7, 19, 31, 4, 21, 22, 5, 12, 18, 10, 29, 11, 1, 23, 6, 9, 16, 24, 15, 32, 3, 28, 30, 26, 14, 2, 25, 8, 27, 17, 13 ]
]
];
s`PassportName := "32S12-4,8,8-g9";
s`PassportSize := 2;
s`PathNumber := 10;
s`PathToPP1 := [ Strings() | "PP1", "2T1-1,2,2-g0-path1", "4T1-1,4,4-g0-path1", "8T2-2,4,4-g1-path1", "16T5-4,8,8-g5-path3", "32S12-4,8,8-g9-path10" ];
s`PermutationTriple := [ PermutationGroup<32 |  
\[ 2, 3, 4, 5, 6, 7, 8, 9, 10, 11, 12, 13, 14, 15, 16, 17, 18, 19, 20, 21, 22, 23, 24, 25, 26, 27, 28, 29, 30, 31, 32, 1 ],
\[ 2, 1, 3, 4, 5, 6, 7, 8, 9, 10, 11, 12, 13, 14, 15, 16, 17, 18, 19, 20, 21, 22, 23, 24, 25, 26, 27, 28, 29, 30, 31, 32 ]:
 Order := 263130836933693530167218012160000000 > |
[ 11, 28, 8, 10, 2, 5, 12, 13, 19, 25, 9, 21, 23, 27, 18, 14, 16, 29, 1, 7, 20, 26, 3, 4, 24, 32, 17, 6, 30, 15, 22, 31 ],
[ 3, 8, 15, 19, 16, 23, 1, 22, 13, 5, 14, 2, 29, 18, 24, 31, 30, 20, 17, 6, 9, 4, 32, 28, 11, 7, 26, 27, 10, 12, 21, 25 ],
[ 4, 10, 6, 15, 20, 24, 18, 1, 25, 22, 7, 26, 2, 5, 17, 19, 28, 3, 21, 31, 30, 16, 9, 32, 29, 8, 11, 12, 14, 13, 23, 27 ]
];
s`PointedAutomorphismGroup := PermutationGroup<32 |  
\[ 9, 6, 13, 25, 28, 2, 21, 23, 1, 24, 19, 20, 3, 17, 29, 27, 14, 30, 11, 12, 7, 32, 8, 10, 4, 31, 16, 5, 15, 18, 26, 22 ],
\[ 19, 5, 17, 21, 6, 28, 4, 16, 11, 20, 1, 10, 14, 3, 30, 23, 13, 15, 9, 24, 25, 31, 27, 12, 7, 22, 8, 2, 18, 29, 32, 26 ]:
 Order := 4 >;
s`PointedPassport := [ PowerSequence(PermutationGroup<32 |  
\[ 2, 3, 4, 5, 6, 7, 8, 9, 10, 11, 12, 13, 14, 15, 16, 17, 18, 19, 20, 21, 22, 23, 24, 25, 26, 27, 28, 29, 30, 31, 32, 1 ],
\[ 2, 1, 3, 4, 5, 6, 7, 8, 9, 10, 11, 12, 13, 14, 15, 16, 17, 18, 19, 20, 21, 22, 23, 24, 25, 26, 27, 28, 29, 30, 31, 32 ]:
 Order := 263130836933693530167218012160000000 >) |
[ PermutationGroup<32 |  
\[ 2, 3, 4, 5, 6, 7, 8, 9, 10, 11, 12, 13, 14, 15, 16, 17, 18, 19, 20, 21, 22, 23, 24, 25, 26, 27, 28, 29, 30, 31, 32, 1 ],
\[ 2, 1, 3, 4, 5, 6, 7, 8, 9, 10, 11, 12, 13, 14, 15, 16, 17, 18, 19, 20, 21, 22, 23, 24, 25, 26, 27, 28, 29, 30, 31, 32 ]:
 Order := 263130836933693530167218012160000000 > |
[ 30, 31, 25, 27, 32, 26, 23, 24, 18, 17, 15, 3, 4, 21, 2, 12, 7, 28, 29, 13, 8, 9, 10, 14, 16, 19, 20, 22, 6, 5, 11, 1 ],
[ 3, 8, 15, 19, 16, 23, 1, 22, 13, 5, 14, 2, 29, 18, 24, 31, 30, 20, 17, 6, 9, 4, 32, 28, 11, 7, 26, 27, 10, 12, 21, 25 ],
[ 23, 3, 30, 9, 17, 13, 19, 31, 8, 6, 16, 5, 18, 15, 25, 32, 29, 21, 27, 28, 11, 24, 26, 2, 1, 20, 22, 14, 4, 7, 12, 10 ]
],
[ PermutationGroup<32 |  
\[ 2, 3, 4, 5, 6, 7, 8, 9, 10, 11, 12, 13, 14, 15, 16, 17, 18, 19, 20, 21, 22, 23, 24, 25, 26, 27, 28, 29, 30, 31, 32, 1 ],
\[ 2, 1, 3, 4, 5, 6, 7, 8, 9, 10, 11, 12, 13, 14, 15, 16, 17, 18, 19, 20, 21, 22, 23, 24, 25, 26, 27, 28, 29, 30, 31, 32 ]:
 Order := 263130836933693530167218012160000000 > |
[ 11, 28, 8, 10, 2, 5, 12, 13, 19, 25, 9, 21, 23, 27, 18, 14, 16, 29, 1, 7, 20, 26, 3, 4, 24, 32, 17, 6, 30, 15, 22, 31 ],
[ 16, 14, 31, 6, 3, 17, 5, 18, 27, 1, 8, 11, 26, 22, 21, 15, 32, 4, 23, 19, 28, 20, 30, 9, 2, 10, 29, 13, 7, 25, 24, 12 ],
[ 20, 7, 19, 31, 4, 21, 22, 5, 12, 18, 10, 29, 11, 1, 23, 6, 9, 16, 24, 15, 32, 3, 28, 30, 26, 14, 2, 25, 8, 27, 17, 13 ]
]
];
s`PointedPassportSize := 2;
s`RefinedPassport := [ PowerSequence(PermutationGroup<32 |  
\[ 2, 3, 4, 5, 6, 7, 8, 9, 10, 11, 12, 13, 14, 15, 16, 17, 18, 19, 20, 21, 22, 23, 24, 25, 26, 27, 28, 29, 30, 31, 32, 1 ],
\[ 2, 1, 3, 4, 5, 6, 7, 8, 9, 10, 11, 12, 13, 14, 15, 16, 17, 18, 19, 20, 21, 22, 23, 24, 25, 26, 27, 28, 29, 30, 31, 32 ]:
 Order := 263130836933693530167218012160000000 >) |
[ PermutationGroup<32 |  
\[ 2, 3, 4, 5, 6, 7, 8, 9, 10, 11, 12, 13, 14, 15, 16, 17, 18, 19, 20, 21, 22, 23, 24, 25, 26, 27, 28, 29, 30, 31, 32, 1 ],
\[ 2, 1, 3, 4, 5, 6, 7, 8, 9, 10, 11, 12, 13, 14, 15, 16, 17, 18, 19, 20, 21, 22, 23, 24, 25, 26, 27, 28, 29, 30, 31, 32 ]:
 Order := 263130836933693530167218012160000000 > |
[ 11, 28, 8, 10, 2, 5, 12, 13, 19, 25, 9, 21, 23, 27, 18, 14, 16, 29, 1, 7, 20, 26, 3, 4, 24, 32, 17, 6, 30, 15, 22, 31 ],
[ 16, 14, 31, 6, 3, 17, 5, 18, 27, 1, 8, 11, 26, 22, 21, 15, 32, 4, 23, 19, 28, 20, 30, 9, 2, 10, 29, 13, 7, 25, 24, 12 ],
[ 20, 7, 19, 31, 4, 21, 22, 5, 12, 18, 10, 29, 11, 1, 23, 6, 9, 16, 24, 15, 32, 3, 28, 30, 26, 14, 2, 25, 8, 27, 17, 13 ]
]
];
s`RefinedPassportSize := 1;

/*
Return for eval
*/

return s;
