s := TwoDBInitialize();

/*
Magma printing
*/

s`AutomorphismGroup := PermutationGroup<32 |  
\[ 28, 20, 23, 32, 25, 22, 11, 27, 14, 30, 15, 31, 29, 17, 3, 19, 5, 21, 24, 7, 26, 9, 6, 10, 1, 12, 16, 2, 18, 13, 4, 8 ],
\[ 32, 27, 30, 28, 31, 29, 19, 20, 21, 23, 24, 25, 22, 26, 10, 11, 12, 14, 15, 16, 17, 18, 13, 3, 4, 5, 7, 8, 9, 6, 1, 2 ]:
 Order := 32 >;
s`Blocks := {@ PowerSet(IntegerRing()) |
{ IntegerRing() | 1, 4 },
{ IntegerRing() | 2, 8 },
{ IntegerRing() | 3, 10 },
{ IntegerRing() | 5, 12 },
{ IntegerRing() | 6, 13 },
{ IntegerRing() | 7, 16 },
{ IntegerRing() | 9, 18 },
{ IntegerRing() | 11, 19 },
{ IntegerRing() | 14, 21 },
{ IntegerRing() | 15, 24 },
{ IntegerRing() | 17, 26 },
{ IntegerRing() | 20, 27 },
{ IntegerRing() | 22, 29 },
{ IntegerRing() | 23, 30 },
{ IntegerRing() | 25, 31 },
{ IntegerRing() | 28, 32 }
@};
s`Child := "16T1-8,16,16-g7-path1";
s`Degree := 32;
s`Filename := "32S16-8,16,16-g13-path1.m";
s`GaloisOrbit := [ PowerSequence(PermutationGroup<32 |  
\[ 2, 3, 4, 5, 6, 7, 8, 9, 10, 11, 12, 13, 14, 15, 16, 17, 18, 19, 20, 21, 22, 23, 24, 25, 26, 27, 28, 29, 30, 31, 32, 1 ],
\[ 2, 1, 3, 4, 5, 6, 7, 8, 9, 10, 11, 12, 13, 14, 15, 16, 17, 18, 19, 20, 21, 22, 23, 24, 25, 26, 27, 28, 29, 30, 31, 32 ]:
 Order := 263130836933693530167218012160000000 >) |
[ PermutationGroup<32 |  
\[ 2, 3, 4, 5, 6, 7, 8, 9, 10, 11, 12, 13, 14, 15, 16, 17, 18, 19, 20, 21, 22, 23, 24, 25, 26, 27, 28, 29, 30, 31, 32, 1 ],
\[ 2, 1, 3, 4, 5, 6, 7, 8, 9, 10, 11, 12, 13, 14, 15, 16, 17, 18, 19, 20, 21, 22, 23, 24, 25, 26, 27, 28, 29, 30, 31, 32 ]:
 Order := 263130836933693530167218012160000000 > |
[ 8, 16, 13, 2, 4, 18, 24, 7, 26, 6, 10, 1, 9, 12, 30, 15, 31, 17, 3, 19, 5, 21, 29, 23, 32, 25, 11, 27, 14, 22, 28, 20 ],
[ 3, 6, 5, 10, 11, 1, 9, 13, 2, 12, 14, 19, 4, 20, 17, 18, 7, 8, 21, 22, 27, 28, 25, 26, 15, 16, 29, 23, 32, 31, 24, 30 ],
[ 10, 13, 12, 3, 19, 4, 18, 6, 8, 5, 21, 11, 1, 27, 26, 9, 16, 2, 14, 29, 20, 32, 31, 17, 24, 7, 22, 30, 28, 25, 15, 23 ]
]
];
s`GaloisOrbitSize := 1;
s`Genus := 13;
s`Geometry := "Hyperbolic";
s`Level := 5;
s`MonodromyGroup := PermutationGroup<32 |  
\[ 8, 16, 13, 2, 4, 18, 24, 7, 26, 6, 10, 1, 9, 12, 30, 15, 31, 17, 3, 19, 5, 21, 29, 23, 32, 25, 11, 27, 14, 22, 28, 20 ],
\[ 3, 6, 5, 10, 11, 1, 9, 13, 2, 12, 14, 19, 4, 20, 17, 18, 7, 8, 21, 22, 27, 28, 25, 26, 15, 16, 29, 23, 32, 31, 24, 30 ],
\[ 10, 13, 12, 3, 19, 4, 18, 6, 8, 5, 21, 11, 1, 27, 26, 9, 16, 2, 14, 29, 20, 32, 31, 17, 24, 7, 22, 30, 28, 25, 15, 23 ] >;
s`Name := "32S16-8,16,16-g13-path1";
s`Orders := \[ 8, 16, 16 ];
s`Parents := [ Strings() | "64S50-16,32,32-g29-path27", "64S51-16,32,32-g29-path19", "64S50-16,32,32-g29-path28", "64S51-16,32,32-g29-path20", "64S44-8,16,16-g25-path56", "64S26-8,16,16-g25-path10", "64S29-8,16,16-g25-path10" ];
s`Passport := [ PowerSequence(PermutationGroup<32 |  
\[ 8, 16, 13, 2, 4, 18, 24, 7, 26, 6, 10, 1, 9, 12, 30, 15, 31, 17, 3, 19, 5, 21, 29, 23, 32, 25, 11, 27, 14, 22, 28, 20 ],
\[ 3, 6, 5, 10, 11, 1, 9, 13, 2, 12, 14, 19, 4, 20, 17, 18, 7, 8, 21, 22, 27, 28, 25, 26, 15, 16, 29, 23, 32, 31, 24, 30 ],
\[ 10, 13, 12, 3, 19, 4, 18, 6, 8, 5, 21, 11, 1, 27, 26, 9, 16, 2, 14, 29, 20, 32, 31, 17, 24, 7, 22, 30, 28, 25, 15, 23 ]:
 Order := 32 >) |
[ PermutationGroup<32 |  
\[ 8, 16, 13, 2, 4, 18, 24, 7, 26, 6, 10, 1, 9, 12, 30, 15, 31, 17, 3, 19, 5, 21, 29, 23, 32, 25, 11, 27, 14, 22, 28, 20 ],
\[ 3, 6, 5, 10, 11, 1, 9, 13, 2, 12, 14, 19, 4, 20, 17, 18, 7, 8, 21, 22, 27, 28, 25, 26, 15, 16, 29, 23, 32, 31, 24, 30 ],
\[ 10, 13, 12, 3, 19, 4, 18, 6, 8, 5, 21, 11, 1, 27, 26, 9, 16, 2, 14, 29, 20, 32, 31, 17, 24, 7, 22, 30, 28, 25, 15, 23 ]:
 Order := 32 > |
[ 8, 16, 13, 2, 4, 18, 24, 7, 26, 6, 10, 1, 9, 12, 30, 15, 31, 17, 3, 19, 5, 21, 29, 23, 32, 25, 11, 27, 14, 22, 28, 20 ],
[ 3, 6, 5, 10, 11, 1, 9, 13, 2, 12, 14, 19, 4, 20, 17, 18, 7, 8, 21, 22, 27, 28, 25, 26, 15, 16, 29, 23, 32, 31, 24, 30 ],
[ 10, 13, 12, 3, 19, 4, 18, 6, 8, 5, 21, 11, 1, 27, 26, 9, 16, 2, 14, 29, 20, 32, 31, 17, 24, 7, 22, 30, 28, 25, 15, 23 ]
],
[ PermutationGroup<32 |  
\[ 8, 16, 13, 2, 4, 18, 24, 7, 26, 6, 10, 1, 9, 12, 30, 15, 31, 17, 3, 19, 5, 21, 29, 23, 32, 25, 11, 27, 14, 22, 28, 20 ],
\[ 3, 6, 5, 10, 11, 1, 9, 13, 2, 12, 14, 19, 4, 20, 17, 18, 7, 8, 21, 22, 27, 28, 25, 26, 15, 16, 29, 23, 32, 31, 24, 30 ],
\[ 10, 13, 12, 3, 19, 4, 18, 6, 8, 5, 21, 11, 1, 27, 26, 9, 16, 2, 14, 29, 20, 32, 31, 17, 24, 7, 22, 30, 28, 25, 15, 23 ]:
 Order := 32 > |
[ 24, 30, 26, 15, 16, 31, 29, 23, 32, 17, 18, 7, 25, 8, 21, 22, 27, 28, 9, 13, 2, 4, 12, 14, 19, 20, 6, 10, 1, 5, 11, 3 ],
[ 3, 6, 5, 10, 11, 1, 9, 13, 2, 12, 14, 19, 4, 20, 17, 18, 7, 8, 21, 22, 27, 28, 25, 26, 15, 16, 29, 23, 32, 31, 24, 30 ],
[ 27, 19, 29, 20, 32, 21, 10, 11, 12, 22, 30, 28, 14, 31, 13, 3, 4, 5, 23, 24, 25, 26, 18, 6, 8, 1, 15, 16, 17, 9, 2, 7 ]
]
];
s`PassportName := "32S16-8,16,16-g13";
s`PassportSize := 2;
s`PathNumber := 1;
s`PathToPP1 := [ Strings() | "PP1", "2T1-1,2,2-g0-path1", "4T1-2,4,4-g1-path1", "8T1-4,8,8-g3-path1", "16T1-8,16,16-g7-path1", "32S16-8,16,16-g13-path1" ];
s`PermutationTriple := [ PermutationGroup<32 |  
\[ 2, 3, 4, 5, 6, 7, 8, 9, 10, 11, 12, 13, 14, 15, 16, 17, 18, 19, 20, 21, 22, 23, 24, 25, 26, 27, 28, 29, 30, 31, 32, 1 ],
\[ 2, 1, 3, 4, 5, 6, 7, 8, 9, 10, 11, 12, 13, 14, 15, 16, 17, 18, 19, 20, 21, 22, 23, 24, 25, 26, 27, 28, 29, 30, 31, 32 ]:
 Order := 263130836933693530167218012160000000 > |
[ 8, 16, 13, 2, 4, 18, 24, 7, 26, 6, 10, 1, 9, 12, 30, 15, 31, 17, 3, 19, 5, 21, 29, 23, 32, 25, 11, 27, 14, 22, 28, 20 ],
[ 3, 6, 5, 10, 11, 1, 9, 13, 2, 12, 14, 19, 4, 20, 17, 18, 7, 8, 21, 22, 27, 28, 25, 26, 15, 16, 29, 23, 32, 31, 24, 30 ],
[ 10, 13, 12, 3, 19, 4, 18, 6, 8, 5, 21, 11, 1, 27, 26, 9, 16, 2, 14, 29, 20, 32, 31, 17, 24, 7, 22, 30, 28, 25, 15, 23 ]
];
s`PointedAutomorphismGroup := PermutationGroup<32 |  
\[ 12, 4, 19, 5, 21, 10, 8, 1, 13, 11, 27, 14, 3, 29, 16, 2, 18, 6, 20, 32, 22, 30, 24, 7, 26, 9, 28, 31, 23, 15, 17, 25 ]:
 Order := 8 >;
s`PointedPassport := [ PowerSequence(PermutationGroup<32 |  
\[ 2, 3, 4, 5, 6, 7, 8, 9, 10, 11, 12, 13, 14, 15, 16, 17, 18, 19, 20, 21, 22, 23, 24, 25, 26, 27, 28, 29, 30, 31, 32, 1 ],
\[ 2, 1, 3, 4, 5, 6, 7, 8, 9, 10, 11, 12, 13, 14, 15, 16, 17, 18, 19, 20, 21, 22, 23, 24, 25, 26, 27, 28, 29, 30, 31, 32 ]:
 Order := 263130836933693530167218012160000000 >) |
[ PermutationGroup<32 |  
\[ 2, 3, 4, 5, 6, 7, 8, 9, 10, 11, 12, 13, 14, 15, 16, 17, 18, 19, 20, 21, 22, 23, 24, 25, 26, 27, 28, 29, 30, 31, 32, 1 ],
\[ 2, 1, 3, 4, 5, 6, 7, 8, 9, 10, 11, 12, 13, 14, 15, 16, 17, 18, 19, 20, 21, 22, 23, 24, 25, 26, 27, 28, 29, 30, 31, 32 ]:
 Order := 263130836933693530167218012160000000 > |
[ 29, 21, 32, 22, 30, 27, 12, 14, 19, 28, 31, 23, 20, 24, 4, 5, 10, 11, 25, 26, 15, 16, 8, 1, 13, 3, 17, 18, 7, 2, 6, 9 ],
[ 3, 6, 5, 10, 11, 1, 9, 13, 2, 12, 14, 19, 4, 20, 17, 18, 7, 8, 21, 22, 27, 28, 25, 26, 15, 16, 29, 23, 32, 31, 24, 30 ],
[ 31, 32, 24, 25, 26, 30, 27, 28, 29, 15, 16, 17, 23, 18, 19, 20, 21, 22, 7, 8, 9, 13, 10, 11, 12, 14, 2, 4, 6, 3, 5, 1 ]
],
[ PermutationGroup<32 |  
\[ 2, 3, 4, 5, 6, 7, 8, 9, 10, 11, 12, 13, 14, 15, 16, 17, 18, 19, 20, 21, 22, 23, 24, 25, 26, 27, 28, 29, 30, 31, 32, 1 ],
\[ 2, 1, 3, 4, 5, 6, 7, 8, 9, 10, 11, 12, 13, 14, 15, 16, 17, 18, 19, 20, 21, 22, 23, 24, 25, 26, 27, 28, 29, 30, 31, 32 ]:
 Order := 263130836933693530167218012160000000 > |
[ 12, 4, 19, 5, 21, 10, 8, 1, 13, 11, 27, 14, 3, 29, 16, 2, 18, 6, 20, 32, 22, 30, 24, 7, 26, 9, 28, 31, 23, 15, 17, 25 ],
[ 3, 6, 5, 10, 11, 1, 9, 13, 2, 12, 14, 19, 4, 20, 17, 18, 7, 8, 21, 22, 27, 28, 25, 26, 15, 16, 29, 23, 32, 31, 24, 30 ],
[ 18, 26, 8, 9, 13, 16, 31, 17, 24, 2, 4, 6, 7, 10, 32, 25, 30, 15, 1, 12, 3, 19, 27, 28, 29, 23, 5, 21, 11, 20, 22, 14 ]
]
];
s`PointedPassportSize := 2;
s`RefinedPassport := [ PowerSequence(PermutationGroup<32 |  
\[ 2, 3, 4, 5, 6, 7, 8, 9, 10, 11, 12, 13, 14, 15, 16, 17, 18, 19, 20, 21, 22, 23, 24, 25, 26, 27, 28, 29, 30, 31, 32, 1 ],
\[ 2, 1, 3, 4, 5, 6, 7, 8, 9, 10, 11, 12, 13, 14, 15, 16, 17, 18, 19, 20, 21, 22, 23, 24, 25, 26, 27, 28, 29, 30, 31, 32 ]:
 Order := 263130836933693530167218012160000000 >) |
[ PermutationGroup<32 |  
\[ 2, 3, 4, 5, 6, 7, 8, 9, 10, 11, 12, 13, 14, 15, 16, 17, 18, 19, 20, 21, 22, 23, 24, 25, 26, 27, 28, 29, 30, 31, 32, 1 ],
\[ 2, 1, 3, 4, 5, 6, 7, 8, 9, 10, 11, 12, 13, 14, 15, 16, 17, 18, 19, 20, 21, 22, 23, 24, 25, 26, 27, 28, 29, 30, 31, 32 ]:
 Order := 263130836933693530167218012160000000 > |
[ 8, 16, 13, 2, 4, 18, 24, 7, 26, 6, 10, 1, 9, 12, 30, 15, 31, 17, 3, 19, 5, 21, 29, 23, 32, 25, 11, 27, 14, 22, 28, 20 ],
[ 3, 6, 5, 10, 11, 1, 9, 13, 2, 12, 14, 19, 4, 20, 17, 18, 7, 8, 21, 22, 27, 28, 25, 26, 15, 16, 29, 23, 32, 31, 24, 30 ],
[ 10, 13, 12, 3, 19, 4, 18, 6, 8, 5, 21, 11, 1, 27, 26, 9, 16, 2, 14, 29, 20, 32, 31, 17, 24, 7, 22, 30, 28, 25, 15, 23 ]
]
];
s`RefinedPassportSize := 1;

/*
Return for eval
*/

return s;
