s := TwoDBInitialize();

/*
Magma printing
*/

s`Name := "32S16-16,4,16-g11-1264883273";
s`Filename := "32S16-16,4,16-g11-1264883273.m";
s`Degree := 32;
s`Orders := \[ 16, 4, 16 ];
s`Geometry := "Hyperbolic";
s`Genus := 11;
s`Level := 5;
s`PermutationTriple := [ PermutationGroup<32 |  
\[ 2, 3, 4, 5, 6, 7, 8, 9, 10, 11, 12, 13, 14, 15, 16, 17, 18, 19, 20, 21, 22, 23, 24, 25, 26, 27, 28, 29, 30, 31, 32, 1 ],
\[ 2, 1, 3, 4, 5, 6, 7, 8, 9, 10, 11, 12, 13, 14, 15, 16, 17, 18, 19, 20, 21, 22, 23, 24, 25, 26, 27, 28, 29, 30, 31, 32 ]:
 Order := 263130836933693530167218012160000000 > |
[ 2, 9, 8, 7, 10, 1, 11, 12, 15, 24, 23, 19, 16, 22, 3, 18, 21, 4, 13, 5, 25, 26, 6, 28, 32, 31, 29, 14, 30, 17, 27, 20 ],
[ 14, 22, 27, 20, 3, 28, 5, 29, 26, 8, 10, 30, 21, 13, 31, 25, 6, 32, 17, 15, 1, 16, 24, 12, 2, 18, 7, 19, 11, 23, 4, 9 ],
[ 17, 21, 20, 26, 4, 30, 31, 5, 25, 7, 27, 10, 28, 6, 32, 14, 12, 22, 24, 18, 19, 1, 29, 11, 13, 2, 15, 23, 3, 8, 9, 16 ]
];
s`MonodromyGroup := PermutationGroup<32 |  
\[ 2, 9, 8, 7, 10, 1, 11, 12, 15, 24, 23, 19, 16, 22, 3, 18, 21, 4, 13, 5, 25, 26, 6, 28, 32, 31, 29, 14, 30, 17, 27, 20 ],
\[ 14, 22, 27, 20, 3, 28, 5, 29, 26, 8, 10, 30, 21, 13, 31, 25, 6, 32, 17, 15, 1, 16, 24, 12, 2, 18, 7, 19, 11, 23, 4, 9 ],
\[ 17, 21, 20, 26, 4, 30, 31, 5, 25, 7, 27, 10, 28, 6, 32, 14, 12, 22, 24, 18, 19, 1, 29, 11, 13, 2, 15, 23, 3, 8, 9, 16 ] >;

/*
Edge printing
*/

s`Edges := [];
edge1 := TwoEdgeInitialize();
edge1`Blocks := {@ PowerSet(IntegerRing()) |
{ IntegerRing() | 1, 5 },
{ IntegerRing() | 2, 10 },
{ IntegerRing() | 3, 14 },
{ IntegerRing() | 4, 17 },
{ IntegerRing() | 6, 20 },
{ IntegerRing() | 7, 21 },
{ IntegerRing() | 8, 22 },
{ IntegerRing() | 9, 24 },
{ IntegerRing() | 11, 25 },
{ IntegerRing() | 12, 26 },
{ IntegerRing() | 13, 27 },
{ IntegerRing() | 15, 28 },
{ IntegerRing() | 16, 29 },
{ IntegerRing() | 18, 30 },
{ IntegerRing() | 19, 31 },
{ IntegerRing() | 23, 32 }
@};
edge1`UpstairsTriple := [ PermutationGroup<32 |  
\[ 2, 3, 4, 5, 6, 7, 8, 9, 10, 11, 12, 13, 14, 15, 16, 17, 18, 19, 20, 21, 22, 23, 24, 25, 26, 27, 28, 29, 30, 31, 32, 1 ],
\[ 2, 1, 3, 4, 5, 6, 7, 8, 9, 10, 11, 12, 13, 14, 15, 16, 17, 18, 19, 20, 21, 22, 23, 24, 25, 26, 27, 28, 29, 30, 31, 32 ]:
 Order := 263130836933693530167218012160000000 > |
[ 2, 9, 8, 7, 10, 1, 11, 12, 15, 24, 23, 19, 16, 22, 3, 18, 21, 4, 13, 5, 25, 26, 6, 28, 32, 31, 29, 14, 30, 17, 27, 20 ],
[ 14, 22, 27, 20, 3, 28, 5, 29, 26, 8, 10, 30, 21, 13, 31, 25, 6, 32, 17, 15, 1, 16, 24, 12, 2, 18, 7, 19, 11, 23, 4, 9 ],
[ 17, 21, 20, 26, 4, 30, 31, 5, 25, 7, 27, 10, 28, 6, 32, 14, 12, 22, 24, 18, 19, 1, 29, 11, 13, 2, 15, 23, 3, 8, 9, 16 ]
];
edge1`UpstairsFilename := "32S16-16,4,16-g11-1264883273.m";
edge1`DownstairsTriple := [ PermutationGroup<16 |  
\[ 2, 3, 4, 5, 6, 7, 8, 9, 10, 11, 12, 13, 14, 15, 16, 1 ],
\[ 2, 1, 3, 4, 5, 6, 7, 8, 9, 10, 11, 12, 13, 14, 15, 16 ]:
 Order := 20922789888000 > |
[ 11, 16, 8, 7, 2, 5, 10, 14, 15, 12, 9, 13, 1, 6, 3, 4 ],
[ 3, 10, 5, 13, 7, 4, 1, 2, 14, 11, 8, 9, 15, 16, 6, 12 ],
[ 4, 3, 13, 14, 15, 9, 6, 1, 10, 5, 7, 2, 16, 11, 12, 8 ]
];
edge1`DownstairsFilename := "16T1-16,4,16-g6-1046944982.m";
Append(~s`Edges, edge1);
edge2 := TwoEdgeInitialize();
edge2`Blocks := {@ PowerSet(IntegerRing()) |
{ IntegerRing() | 1, 5 },
{ IntegerRing() | 2, 11 },
{ IntegerRing() | 3, 7 },
{ IntegerRing() | 4, 15 },
{ IntegerRing() | 6, 13 },
{ IntegerRing() | 8, 10 },
{ IntegerRing() | 9, 18 },
{ IntegerRing() | 12, 20 },
{ IntegerRing() | 14, 17 },
{ IntegerRing() | 16, 23 },
{ IntegerRing() | 19, 22 },
{ IntegerRing() | 21, 28 },
{ IntegerRing() | 24, 26 },
{ IntegerRing() | 25, 27 },
{ IntegerRing() | 29, 31 },
{ IntegerRing() | 30, 32 }
@};
edge2`UpstairsTriple := [ PermutationGroup<32 |  
\[ 2, 3, 4, 5, 6, 7, 8, 9, 10, 11, 12, 13, 14, 15, 16, 17, 18, 19, 20, 21, 22, 23, 24, 25, 26, 27, 28, 29, 30, 31, 32, 1 ],
\[ 2, 1, 3, 4, 5, 6, 7, 8, 9, 10, 11, 12, 13, 14, 15, 16, 17, 18, 19, 20, 21, 22, 23, 24, 25, 26, 27, 28, 29, 30, 31, 32 ]:
 Order := 263130836933693530167218012160000000 > |
[ 11, 18, 8, 7, 2, 5, 10, 20, 22, 12, 9, 28, 1, 6, 3, 15, 13, 19, 31, 21, 32, 29, 4, 16, 17, 23, 14, 30, 27, 24, 25, 26 ],
[ 3, 10, 5, 13, 7, 4, 1, 2, 20, 11, 8, 9, 15, 23, 6, 14, 16, 12, 28, 18, 19, 21, 17, 27, 24, 25, 26, 22, 32, 29, 30, 31 ],
[ 4, 3, 13, 14, 15, 16, 6, 1, 10, 5, 7, 2, 23, 24, 17, 25, 26, 8, 20, 11, 9, 12, 27, 31, 32, 29, 30, 18, 28, 19, 21, 22 ]
];
edge2`UpstairsFilename := "32S16-16,4,16-g11-4180171323.m";
edge2`DownstairsTriple := [ PermutationGroup<16 |  
\[ 2, 3, 4, 5, 6, 7, 8, 9, 10, 11, 12, 13, 14, 15, 16, 1 ],
\[ 2, 1, 3, 4, 5, 6, 7, 8, 9, 10, 11, 12, 13, 14, 15, 16 ]:
 Order := 20922789888000 > |
[ 2, 5, 1, 6, 9, 10, 3, 4, 13, 14, 7, 8, 11, 16, 12, 15 ],
[ 4, 6, 8, 1, 10, 2, 12, 3, 14, 5, 15, 7, 16, 9, 11, 13 ],
[ 8, 4, 12, 3, 6, 1, 15, 7, 10, 2, 16, 11, 14, 5, 13, 9 ]
];
edge2`DownstairsFilename := "16T5-8,2,8-g3-703236569.m";
Append(~s`Edges, edge2);
edge3 := TwoEdgeInitialize();
edge3`Blocks := {@ PowerSet(IntegerRing()) |
{ IntegerRing() | 1, 5 },
{ IntegerRing() | 2, 10 },
{ IntegerRing() | 3, 14 },
{ IntegerRing() | 4, 18 },
{ IntegerRing() | 6, 20 },
{ IntegerRing() | 7, 21 },
{ IntegerRing() | 8, 22 },
{ IntegerRing() | 9, 24 },
{ IntegerRing() | 11, 25 },
{ IntegerRing() | 12, 26 },
{ IntegerRing() | 13, 27 },
{ IntegerRing() | 15, 28 },
{ IntegerRing() | 16, 29 },
{ IntegerRing() | 17, 30 },
{ IntegerRing() | 19, 31 },
{ IntegerRing() | 23, 32 }
@};
edge3`UpstairsTriple := [ PermutationGroup<32 |  
\[ 2, 3, 4, 5, 6, 7, 8, 9, 10, 11, 12, 13, 14, 15, 16, 17, 18, 19, 20, 21, 22, 23, 24, 25, 26, 27, 28, 29, 30, 31, 32, 1 ],
\[ 2, 1, 3, 4, 5, 6, 7, 8, 9, 10, 11, 12, 13, 14, 15, 16, 17, 18, 19, 20, 21, 22, 23, 24, 25, 26, 27, 28, 29, 30, 31, 32 ]:
 Order := 263130836933693530167218012160000000 > |
[ 2, 9, 8, 7, 10, 1, 11, 12, 4, 24, 17, 6, 16, 22, 3, 23, 19, 21, 13, 5, 25, 26, 15, 18, 30, 20, 29, 14, 32, 31, 27, 28 ],
[ 14, 22, 27, 20, 3, 28, 5, 29, 26, 8, 10, 32, 21, 13, 31, 25, 24, 6, 18, 15, 1, 16, 30, 12, 2, 23, 7, 19, 11, 9, 4, 17 ],
[ 18, 21, 20, 30, 4, 24, 31, 5, 25, 7, 27, 10, 28, 6, 26, 14, 29, 17, 32, 9, 19, 1, 22, 11, 13, 2, 15, 12, 3, 16, 23, 8 ]
];
edge3`UpstairsFilename := "32S16-16,4,16-g11-819195037.m";
edge3`DownstairsTriple := [ PermutationGroup<16 |  
\[ 2, 3, 4, 5, 6, 7, 8, 9, 10, 11, 12, 13, 14, 15, 16, 1 ],
\[ 2, 1, 3, 4, 5, 6, 7, 8, 9, 10, 11, 12, 13, 14, 15, 16 ]:
 Order := 20922789888000 > |
[ 2, 9, 10, 3, 11, 1, 8, 12, 4, 14, 16, 6, 5, 13, 7, 15 ],
[ 7, 8, 1, 6, 3, 15, 5, 11, 12, 2, 10, 16, 4, 9, 13, 14 ],
[ 4, 3, 13, 14, 15, 9, 6, 1, 10, 5, 7, 2, 16, 11, 12, 8 ]
];
edge3`DownstairsFilename := "16T1-16,4,16-g6-357862910.m";
Append(~s`Edges, edge3);

/*
Return for eval
*/

return s;
