s := TwoDBInitialize();

/*
Magma printing
*/

s`AutomorphismGroup := PermutationGroup<32 |  
\[ 23, 15, 7, 16, 32, 18, 22, 11, 3, 28, 6, 13, 1, 20, 4, 2, 29, 8, 30, 31, 25, 9, 12, 14, 19, 27, 5, 17, 10, 21, 24, 26 ],
\[ 2, 9, 8, 7, 10, 1, 11, 12, 18, 24, 13, 4, 16, 21, 3, 22, 20, 23, 5, 25, 26, 6, 15, 30, 27, 17, 29, 14, 31, 32, 19, 28 ],
\[ 32, 28, 20, 29, 23, 30, 31, 25, 14, 15, 19, 27, 5, 7, 17, 10, 16, 21, 18, 22, 11, 24, 26, 3, 6, 13, 1, 4, 2, 8, 9, 12 ]:
 Order := 32 >;
s`Blocks := {@ PowerSet(IntegerRing()) |
{ IntegerRing() | 1, 5 },
{ IntegerRing() | 2, 10 },
{ IntegerRing() | 3, 14 },
{ IntegerRing() | 4, 17 },
{ IntegerRing() | 6, 19 },
{ IntegerRing() | 7, 20 },
{ IntegerRing() | 8, 21 },
{ IntegerRing() | 9, 24 },
{ IntegerRing() | 11, 25 },
{ IntegerRing() | 12, 26 },
{ IntegerRing() | 13, 27 },
{ IntegerRing() | 15, 28 },
{ IntegerRing() | 16, 29 },
{ IntegerRing() | 18, 30 },
{ IntegerRing() | 22, 31 },
{ IntegerRing() | 23, 32 }
@};
s`Child := "16T1-16,8,16-g7-path2";
s`Degree := 32;
s`Filename := "32S16-16,8,16-g13-path3.m";
s`GaloisOrbit := [ PowerSequence(PermutationGroup<32 |  
\[ 2, 3, 4, 5, 6, 7, 8, 9, 10, 11, 12, 13, 14, 15, 16, 17, 18, 19, 20, 21, 22, 23, 24, 25, 26, 27, 28, 29, 30, 31, 32, 1 ],
\[ 2, 1, 3, 4, 5, 6, 7, 8, 9, 10, 11, 12, 13, 14, 15, 16, 17, 18, 19, 20, 21, 22, 23, 24, 25, 26, 27, 28, 29, 30, 31, 32 ]:
 Order := 263130836933693530167218012160000000 >) |
[ PermutationGroup<32 |  
\[ 2, 3, 4, 5, 6, 7, 8, 9, 10, 11, 12, 13, 14, 15, 16, 17, 18, 19, 20, 21, 22, 23, 24, 25, 26, 27, 28, 29, 30, 31, 32, 1 ],
\[ 2, 1, 3, 4, 5, 6, 7, 8, 9, 10, 11, 12, 13, 14, 15, 16, 17, 18, 19, 20, 21, 22, 23, 24, 25, 26, 27, 28, 29, 30, 31, 32 ]:
 Order := 263130836933693530167218012160000000 > |
[ 2, 9, 8, 7, 10, 1, 11, 12, 18, 24, 13, 4, 16, 21, 3, 22, 20, 23, 5, 25, 26, 6, 15, 30, 27, 17, 29, 14, 31, 32, 19, 28 ],
[ 14, 21, 27, 19, 3, 28, 5, 29, 26, 8, 10, 31, 24, 13, 25, 30, 6, 17, 15, 1, 16, 32, 20, 12, 2, 22, 9, 11, 18, 4, 23, 7 ],
[ 17, 20, 19, 24, 4, 26, 30, 5, 25, 7, 32, 10, 28, 6, 31, 14, 9, 27, 12, 18, 1, 21, 29, 11, 23, 2, 15, 22, 3, 13, 8, 16 ]
]
];
s`GaloisOrbitSize := 1;
s`Genus := 13;
s`Geometry := "Hyperbolic";
s`Level := 5;
s`MonodromyGroup := PermutationGroup<32 |  
\[ 2, 9, 8, 7, 10, 1, 11, 12, 18, 24, 13, 4, 16, 21, 3, 22, 20, 23, 5, 25, 26, 6, 15, 30, 27, 17, 29, 14, 31, 32, 19, 28 ],
\[ 14, 21, 27, 19, 3, 28, 5, 29, 26, 8, 10, 31, 24, 13, 25, 30, 6, 17, 15, 1, 16, 32, 20, 12, 2, 22, 9, 11, 18, 4, 23, 7 ],
\[ 17, 20, 19, 24, 4, 26, 30, 5, 25, 7, 32, 10, 28, 6, 31, 14, 9, 27, 12, 18, 1, 21, 29, 11, 23, 2, 15, 22, 3, 13, 8, 16 ] >;
s`Name := "32S16-16,8,16-g13-path3";
s`Orders := \[ 16, 8, 16 ];
s`Passport := [ PowerSequence(PermutationGroup<32 |  
\[ 2, 9, 8, 7, 10, 1, 11, 12, 18, 24, 13, 4, 16, 21, 3, 22, 20, 23, 5, 25, 26, 6, 15, 30, 27, 17, 29, 14, 31, 32, 19, 28 ],
\[ 14, 21, 27, 19, 3, 28, 5, 29, 26, 8, 10, 31, 24, 13, 25, 30, 6, 17, 15, 1, 16, 32, 20, 12, 2, 22, 9, 11, 18, 4, 23, 7 ],
\[ 17, 20, 19, 24, 4, 26, 30, 5, 25, 7, 32, 10, 28, 6, 31, 14, 9, 27, 12, 18, 1, 21, 29, 11, 23, 2, 15, 22, 3, 13, 8, 16 ]:
 Order := 32 >) |
[ PermutationGroup<32 |  
\[ 2, 9, 8, 7, 10, 1, 11, 12, 18, 24, 13, 4, 16, 21, 3, 22, 20, 23, 5, 25, 26, 6, 15, 30, 27, 17, 29, 14, 31, 32, 19, 28 ],
\[ 14, 21, 27, 19, 3, 28, 5, 29, 26, 8, 10, 31, 24, 13, 25, 30, 6, 17, 15, 1, 16, 32, 20, 12, 2, 22, 9, 11, 18, 4, 23, 7 ],
\[ 17, 20, 19, 24, 4, 26, 30, 5, 25, 7, 32, 10, 28, 6, 31, 14, 9, 27, 12, 18, 1, 21, 29, 11, 23, 2, 15, 22, 3, 13, 8, 16 ]:
 Order := 32 > |
[ 6, 1, 15, 12, 19, 22, 4, 3, 2, 5, 7, 8, 11, 28, 23, 13, 26, 9, 31, 17, 14, 16, 18, 10, 20, 21, 25, 32, 27, 24, 29, 30 ],
[ 20, 25, 5, 30, 7, 17, 32, 10, 27, 11, 28, 24, 14, 1, 19, 21, 18, 29, 4, 23, 2, 26, 31, 13, 15, 9, 3, 6, 8, 16, 12, 22 ],
[ 21, 26, 29, 5, 8, 14, 10, 31, 17, 12, 24, 19, 30, 16, 27, 32, 1, 20, 3, 2, 22, 28, 25, 4, 9, 6, 18, 13, 23, 7, 15, 11 ]
],
[ PermutationGroup<32 |  
\[ 2, 9, 8, 7, 10, 1, 11, 12, 18, 24, 13, 4, 16, 21, 3, 22, 20, 23, 5, 25, 26, 6, 15, 30, 27, 17, 29, 14, 31, 32, 19, 28 ],
\[ 14, 21, 27, 19, 3, 28, 5, 29, 26, 8, 10, 31, 24, 13, 25, 30, 6, 17, 15, 1, 16, 32, 20, 12, 2, 22, 9, 11, 18, 4, 23, 7 ],
\[ 17, 20, 19, 24, 4, 26, 30, 5, 25, 7, 32, 10, 28, 6, 31, 14, 9, 27, 12, 18, 1, 21, 29, 11, 23, 2, 15, 22, 3, 13, 8, 16 ]:
 Order := 32 > |
[ 6, 1, 15, 12, 19, 22, 4, 3, 2, 5, 7, 8, 11, 28, 23, 13, 26, 9, 31, 17, 14, 16, 18, 10, 20, 21, 25, 32, 27, 24, 29, 30 ],
[ 14, 21, 27, 19, 3, 28, 5, 29, 26, 8, 10, 31, 24, 13, 25, 30, 6, 17, 15, 1, 16, 32, 20, 12, 2, 22, 9, 11, 18, 4, 23, 7 ],
[ 25, 27, 10, 32, 11, 20, 28, 24, 29, 13, 14, 30, 21, 2, 5, 26, 23, 31, 7, 15, 9, 17, 19, 16, 3, 18, 8, 1, 12, 22, 4, 6 ]
]
];
s`PassportName := "32S16-16,8,16-g13";
s`PassportSize := 2;
s`PathNumber := 3;
s`PathToPP1 := [ Strings() | "PP1", "2T1-2,1,2-g0-path1", "4T1-4,2,4-g1-path1", "8T1-8,4,8-g3-path1", "16T1-16,8,16-g7-path2", "32S16-16,8,16-g13-path3" ];
s`PermutationTriple := [ PermutationGroup<32 |  
\[ 2, 3, 4, 5, 6, 7, 8, 9, 10, 11, 12, 13, 14, 15, 16, 17, 18, 19, 20, 21, 22, 23, 24, 25, 26, 27, 28, 29, 30, 31, 32, 1 ],
\[ 2, 1, 3, 4, 5, 6, 7, 8, 9, 10, 11, 12, 13, 14, 15, 16, 17, 18, 19, 20, 21, 22, 23, 24, 25, 26, 27, 28, 29, 30, 31, 32 ]:
 Order := 263130836933693530167218012160000000 > |
[ 2, 9, 8, 7, 10, 1, 11, 12, 18, 24, 13, 4, 16, 21, 3, 22, 20, 23, 5, 25, 26, 6, 15, 30, 27, 17, 29, 14, 31, 32, 19, 28 ],
[ 14, 21, 27, 19, 3, 28, 5, 29, 26, 8, 10, 31, 24, 13, 25, 30, 6, 17, 15, 1, 16, 32, 20, 12, 2, 22, 9, 11, 18, 4, 23, 7 ],
[ 17, 20, 19, 24, 4, 26, 30, 5, 25, 7, 32, 10, 28, 6, 31, 14, 9, 27, 12, 18, 1, 21, 29, 11, 23, 2, 15, 22, 3, 13, 8, 16 ]
];
s`PointedAutomorphismGroup := PermutationGroup<32 |  
\[ 13, 16, 9, 15, 27, 11, 3, 18, 22, 29, 8, 23, 12, 24, 2, 4, 28, 6, 25, 14, 30, 7, 1, 31, 21, 32, 26, 10, 17, 19, 20, 5 ],
\[ 6, 1, 15, 12, 19, 22, 4, 3, 2, 5, 7, 8, 11, 28, 23, 13, 26, 9, 31, 17, 14, 16, 18, 10, 20, 21, 25, 32, 27, 24, 29, 30 ]:
 Order := 16 >;
s`PointedPassport := [ PowerSequence(PermutationGroup<32 |  
\[ 2, 3, 4, 5, 6, 7, 8, 9, 10, 11, 12, 13, 14, 15, 16, 17, 18, 19, 20, 21, 22, 23, 24, 25, 26, 27, 28, 29, 30, 31, 32, 1 ],
\[ 2, 1, 3, 4, 5, 6, 7, 8, 9, 10, 11, 12, 13, 14, 15, 16, 17, 18, 19, 20, 21, 22, 23, 24, 25, 26, 27, 28, 29, 30, 31, 32 ]:
 Order := 263130836933693530167218012160000000 >) |
[ PermutationGroup<32 |  
\[ 2, 3, 4, 5, 6, 7, 8, 9, 10, 11, 12, 13, 14, 15, 16, 17, 18, 19, 20, 21, 22, 23, 24, 25, 26, 27, 28, 29, 30, 31, 32, 1 ],
\[ 2, 1, 3, 4, 5, 6, 7, 8, 9, 10, 11, 12, 13, 14, 15, 16, 17, 18, 19, 20, 21, 22, 23, 24, 25, 26, 27, 28, 29, 30, 31, 32 ]:
 Order := 263130836933693530167218012160000000 > |
[ 6, 1, 15, 12, 19, 22, 4, 3, 2, 5, 7, 8, 11, 28, 23, 13, 26, 9, 31, 17, 14, 16, 18, 10, 20, 21, 25, 32, 27, 24, 29, 30 ],
[ 20, 25, 5, 30, 7, 17, 32, 10, 27, 11, 28, 24, 14, 1, 19, 21, 18, 29, 4, 23, 2, 26, 31, 13, 15, 9, 3, 6, 8, 16, 12, 22 ],
[ 21, 26, 29, 5, 8, 14, 10, 31, 17, 12, 24, 19, 30, 16, 27, 32, 1, 20, 3, 2, 22, 28, 25, 4, 9, 6, 18, 13, 23, 7, 15, 11 ]
],
[ PermutationGroup<32 |  
\[ 2, 3, 4, 5, 6, 7, 8, 9, 10, 11, 12, 13, 14, 15, 16, 17, 18, 19, 20, 21, 22, 23, 24, 25, 26, 27, 28, 29, 30, 31, 32, 1 ],
\[ 2, 1, 3, 4, 5, 6, 7, 8, 9, 10, 11, 12, 13, 14, 15, 16, 17, 18, 19, 20, 21, 22, 23, 24, 25, 26, 27, 28, 29, 30, 31, 32 ]:
 Order := 263130836933693530167218012160000000 > |
[ 6, 1, 15, 12, 19, 22, 4, 3, 2, 5, 7, 8, 11, 28, 23, 13, 26, 9, 31, 17, 14, 16, 18, 10, 20, 21, 25, 32, 27, 24, 29, 30 ],
[ 14, 21, 27, 19, 3, 28, 5, 29, 26, 8, 10, 31, 24, 13, 25, 30, 6, 17, 15, 1, 16, 32, 20, 12, 2, 22, 9, 11, 18, 4, 23, 7 ],
[ 25, 27, 10, 32, 11, 20, 28, 24, 29, 13, 14, 30, 21, 2, 5, 26, 23, 31, 7, 15, 9, 17, 19, 16, 3, 18, 8, 1, 12, 22, 4, 6 ]
]
];
s`PointedPassportSize := 2;
s`RefinedPassport := [ PowerSequence(PermutationGroup<32 |  
\[ 2, 3, 4, 5, 6, 7, 8, 9, 10, 11, 12, 13, 14, 15, 16, 17, 18, 19, 20, 21, 22, 23, 24, 25, 26, 27, 28, 29, 30, 31, 32, 1 ],
\[ 2, 1, 3, 4, 5, 6, 7, 8, 9, 10, 11, 12, 13, 14, 15, 16, 17, 18, 19, 20, 21, 22, 23, 24, 25, 26, 27, 28, 29, 30, 31, 32 ]:
 Order := 263130836933693530167218012160000000 >) |
[ PermutationGroup<32 |  
\[ 2, 3, 4, 5, 6, 7, 8, 9, 10, 11, 12, 13, 14, 15, 16, 17, 18, 19, 20, 21, 22, 23, 24, 25, 26, 27, 28, 29, 30, 31, 32, 1 ],
\[ 2, 1, 3, 4, 5, 6, 7, 8, 9, 10, 11, 12, 13, 14, 15, 16, 17, 18, 19, 20, 21, 22, 23, 24, 25, 26, 27, 28, 29, 30, 31, 32 ]:
 Order := 263130836933693530167218012160000000 > |
[ 2, 9, 8, 7, 10, 1, 11, 12, 18, 24, 13, 4, 16, 21, 3, 22, 20, 23, 5, 25, 26, 6, 15, 30, 27, 17, 29, 14, 31, 32, 19, 28 ],
[ 14, 21, 27, 19, 3, 28, 5, 29, 26, 8, 10, 31, 24, 13, 25, 30, 6, 17, 15, 1, 16, 32, 20, 12, 2, 22, 9, 11, 18, 4, 23, 7 ],
[ 17, 20, 19, 24, 4, 26, 30, 5, 25, 7, 32, 10, 28, 6, 31, 14, 9, 27, 12, 18, 1, 21, 29, 11, 23, 2, 15, 22, 3, 13, 8, 16 ]
]
];
s`RefinedPassportSize := 1;

/*
Return for eval
*/

return s;
