s := TwoDBInitialize();

/*
Magma printing
*/

s`AutomorphismGroup := PermutationGroup<32 |  
\[ 23, 15, 17, 8, 32, 16, 12, 19, 3, 28, 6, 13, 9, 30, 11, 4, 1, 22, 2, 29, 26, 31, 7, 14, 20, 27, 24, 25, 18, 5, 10, 21 ],
\[ 2, 9, 8, 7, 10, 1, 11, 12, 4, 24, 17, 6, 16, 22, 3, 23, 19, 21, 13, 5, 25, 26, 15, 18, 30, 20, 29, 14, 32, 31, 27, 28 ],
\[ 32, 28, 30, 22, 23, 29, 26, 31, 14, 15, 20, 27, 24, 17, 25, 18, 5, 8, 10, 16, 12, 19, 21, 3, 6, 13, 9, 11, 4, 1, 2, 7 ]:
 Order := 32 >;
s`Blocks := {@ PowerSet(IntegerRing()) |
{ IntegerRing() | 1, 5 },
{ IntegerRing() | 2, 10 },
{ IntegerRing() | 3, 14 },
{ IntegerRing() | 4, 18 },
{ IntegerRing() | 6, 20 },
{ IntegerRing() | 7, 21 },
{ IntegerRing() | 8, 22 },
{ IntegerRing() | 9, 24 },
{ IntegerRing() | 11, 25 },
{ IntegerRing() | 12, 26 },
{ IntegerRing() | 13, 27 },
{ IntegerRing() | 15, 28 },
{ IntegerRing() | 16, 29 },
{ IntegerRing() | 17, 30 },
{ IntegerRing() | 19, 31 },
{ IntegerRing() | 23, 32 }
@};
s`Child := "16T1-16,4,16-g6-path1";
s`Degree := 32;
s`Filename := "32S16-16,4,16-g11-path2.m";
s`GaloisOrbit := [ PowerSequence(PermutationGroup<32 |  
\[ 2, 3, 4, 5, 6, 7, 8, 9, 10, 11, 12, 13, 14, 15, 16, 17, 18, 19, 20, 21, 22, 23, 24, 25, 26, 27, 28, 29, 30, 31, 32, 1 ],
\[ 2, 1, 3, 4, 5, 6, 7, 8, 9, 10, 11, 12, 13, 14, 15, 16, 17, 18, 19, 20, 21, 22, 23, 24, 25, 26, 27, 28, 29, 30, 31, 32 ]:
 Order := 263130836933693530167218012160000000 >) |
[ PermutationGroup<32 |  
\[ 2, 3, 4, 5, 6, 7, 8, 9, 10, 11, 12, 13, 14, 15, 16, 17, 18, 19, 20, 21, 22, 23, 24, 25, 26, 27, 28, 29, 30, 31, 32, 1 ],
\[ 2, 1, 3, 4, 5, 6, 7, 8, 9, 10, 11, 12, 13, 14, 15, 16, 17, 18, 19, 20, 21, 22, 23, 24, 25, 26, 27, 28, 29, 30, 31, 32 ]:
 Order := 263130836933693530167218012160000000 > |
[ 2, 9, 8, 7, 10, 1, 11, 12, 4, 24, 17, 6, 16, 22, 3, 23, 19, 21, 13, 5, 25, 26, 15, 18, 30, 20, 29, 14, 32, 31, 27, 28 ],
[ 14, 22, 27, 20, 3, 28, 5, 29, 26, 8, 10, 32, 21, 13, 31, 25, 24, 6, 18, 15, 1, 16, 30, 12, 2, 23, 7, 19, 11, 9, 4, 17 ],
[ 18, 21, 20, 30, 4, 24, 31, 5, 25, 7, 27, 10, 28, 6, 26, 14, 29, 17, 32, 9, 19, 1, 22, 11, 13, 2, 15, 12, 3, 16, 23, 8 ]
]
];
s`GaloisOrbitSize := 1;
s`Genus := 11;
s`Geometry := "Hyperbolic";
s`Level := 5;
s`MonodromyGroup := PermutationGroup<32 |  
\[ 2, 9, 8, 7, 10, 1, 11, 12, 4, 24, 17, 6, 16, 22, 3, 23, 19, 21, 13, 5, 25, 26, 15, 18, 30, 20, 29, 14, 32, 31, 27, 28 ],
\[ 14, 22, 27, 20, 3, 28, 5, 29, 26, 8, 10, 32, 21, 13, 31, 25, 24, 6, 18, 15, 1, 16, 30, 12, 2, 23, 7, 19, 11, 9, 4, 17 ],
\[ 18, 21, 20, 30, 4, 24, 31, 5, 25, 7, 27, 10, 28, 6, 26, 14, 29, 17, 32, 9, 19, 1, 22, 11, 13, 2, 15, 12, 3, 16, 23, 8 ] >;
s`Name := "32S16-16,4,16-g11-path2";
s`Orders := \[ 16, 4, 16 ];
s`Passport := [ PowerSequence(PermutationGroup<32 |  
\[ 2, 9, 8, 7, 10, 1, 11, 12, 4, 24, 17, 6, 16, 22, 3, 23, 19, 21, 13, 5, 25, 26, 15, 18, 30, 20, 29, 14, 32, 31, 27, 28 ],
\[ 14, 22, 27, 20, 3, 28, 5, 29, 26, 8, 10, 32, 21, 13, 31, 25, 24, 6, 18, 15, 1, 16, 30, 12, 2, 23, 7, 19, 11, 9, 4, 17 ],
\[ 18, 21, 20, 30, 4, 24, 31, 5, 25, 7, 27, 10, 28, 6, 26, 14, 29, 17, 32, 9, 19, 1, 22, 11, 13, 2, 15, 12, 3, 16, 23, 8 ]:
 Order := 32 >) |
[ PermutationGroup<32 |  
\[ 2, 9, 8, 7, 10, 1, 11, 12, 4, 24, 17, 6, 16, 22, 3, 23, 19, 21, 13, 5, 25, 26, 15, 18, 30, 20, 29, 14, 32, 31, 27, 28 ],
\[ 14, 22, 27, 20, 3, 28, 5, 29, 26, 8, 10, 32, 21, 13, 31, 25, 24, 6, 18, 15, 1, 16, 30, 12, 2, 23, 7, 19, 11, 9, 4, 17 ],
\[ 18, 21, 20, 30, 4, 24, 31, 5, 25, 7, 27, 10, 28, 6, 26, 14, 29, 17, 32, 9, 19, 1, 22, 11, 13, 2, 15, 12, 3, 16, 23, 8 ]:
 Order := 32 > |
[ 6, 1, 15, 9, 20, 12, 4, 3, 2, 5, 7, 8, 19, 28, 23, 13, 11, 24, 17, 26, 18, 14, 16, 10, 21, 22, 31, 32, 27, 25, 30, 29 ],
[ 14, 22, 27, 20, 3, 28, 5, 29, 26, 8, 10, 32, 21, 13, 31, 25, 24, 6, 18, 15, 1, 16, 30, 12, 2, 23, 7, 19, 11, 9, 4, 17 ],
[ 25, 30, 10, 27, 11, 21, 29, 24, 31, 17, 32, 18, 22, 2, 5, 26, 28, 13, 14, 7, 16, 9, 20, 19, 23, 4, 8, 1, 12, 15, 3, 6 ]
]
];
s`PassportName := "32S16-16,4,16-g11";
s`PassportSize := 1;
s`PathNumber := 2;
s`PathToPP1 := [ Strings() | "PP1", "2T1-2,1,2-g0-path1", "4T1-4,1,4-g0-path1", "8T1-8,2,8-g2-path1", "16T1-16,4,16-g6-path1", "32S16-16,4,16-g11-path2" ];
s`PermutationTriple := [ PermutationGroup<32 |  
\[ 2, 3, 4, 5, 6, 7, 8, 9, 10, 11, 12, 13, 14, 15, 16, 17, 18, 19, 20, 21, 22, 23, 24, 25, 26, 27, 28, 29, 30, 31, 32, 1 ],
\[ 2, 1, 3, 4, 5, 6, 7, 8, 9, 10, 11, 12, 13, 14, 15, 16, 17, 18, 19, 20, 21, 22, 23, 24, 25, 26, 27, 28, 29, 30, 31, 32 ]:
 Order := 263130836933693530167218012160000000 > |
[ 2, 9, 8, 7, 10, 1, 11, 12, 4, 24, 17, 6, 16, 22, 3, 23, 19, 21, 13, 5, 25, 26, 15, 18, 30, 20, 29, 14, 32, 31, 27, 28 ],
[ 14, 22, 27, 20, 3, 28, 5, 29, 26, 8, 10, 32, 21, 13, 31, 25, 24, 6, 18, 15, 1, 16, 30, 12, 2, 23, 7, 19, 11, 9, 4, 17 ],
[ 18, 21, 20, 30, 4, 24, 31, 5, 25, 7, 27, 10, 28, 6, 26, 14, 29, 17, 32, 9, 19, 1, 22, 11, 13, 2, 15, 12, 3, 16, 23, 8 ]
];
s`PointedAutomorphismGroup := PermutationGroup<32 |  
\[ 17, 19, 9, 16, 30, 11, 23, 4, 13, 31, 15, 7, 12, 24, 2, 6, 3, 29, 8, 25, 32, 18, 1, 27, 28, 21, 26, 10, 20, 14, 22, 5 ],
\[ 6, 1, 15, 9, 20, 12, 4, 3, 2, 5, 7, 8, 19, 28, 23, 13, 11, 24, 17, 26, 18, 14, 16, 10, 21, 22, 31, 32, 27, 25, 30, 29 ]:
 Order := 16 >;
s`PointedPassport := [ PowerSequence(PermutationGroup<32 |  
\[ 2, 3, 4, 5, 6, 7, 8, 9, 10, 11, 12, 13, 14, 15, 16, 17, 18, 19, 20, 21, 22, 23, 24, 25, 26, 27, 28, 29, 30, 31, 32, 1 ],
\[ 2, 1, 3, 4, 5, 6, 7, 8, 9, 10, 11, 12, 13, 14, 15, 16, 17, 18, 19, 20, 21, 22, 23, 24, 25, 26, 27, 28, 29, 30, 31, 32 ]:
 Order := 263130836933693530167218012160000000 >) |
[ PermutationGroup<32 |  
\[ 2, 3, 4, 5, 6, 7, 8, 9, 10, 11, 12, 13, 14, 15, 16, 17, 18, 19, 20, 21, 22, 23, 24, 25, 26, 27, 28, 29, 30, 31, 32, 1 ],
\[ 2, 1, 3, 4, 5, 6, 7, 8, 9, 10, 11, 12, 13, 14, 15, 16, 17, 18, 19, 20, 21, 22, 23, 24, 25, 26, 27, 28, 29, 30, 31, 32 ]:
 Order := 263130836933693530167218012160000000 > |
[ 6, 1, 15, 9, 20, 12, 4, 3, 2, 5, 7, 8, 19, 28, 23, 13, 11, 24, 17, 26, 18, 14, 16, 10, 21, 22, 31, 32, 27, 25, 30, 29 ],
[ 14, 22, 27, 20, 3, 28, 5, 29, 26, 8, 10, 32, 21, 13, 31, 25, 24, 6, 18, 15, 1, 16, 30, 12, 2, 23, 7, 19, 11, 9, 4, 17 ],
[ 25, 30, 10, 27, 11, 21, 29, 24, 31, 17, 32, 18, 22, 2, 5, 26, 28, 13, 14, 7, 16, 9, 20, 19, 23, 4, 8, 1, 12, 15, 3, 6 ]
]
];
s`PointedPassportSize := 1;
s`RefinedPassport := [ PowerSequence(PermutationGroup<32 |  
\[ 2, 3, 4, 5, 6, 7, 8, 9, 10, 11, 12, 13, 14, 15, 16, 17, 18, 19, 20, 21, 22, 23, 24, 25, 26, 27, 28, 29, 30, 31, 32, 1 ],
\[ 2, 1, 3, 4, 5, 6, 7, 8, 9, 10, 11, 12, 13, 14, 15, 16, 17, 18, 19, 20, 21, 22, 23, 24, 25, 26, 27, 28, 29, 30, 31, 32 ]:
 Order := 263130836933693530167218012160000000 >) |
[ PermutationGroup<32 |  
\[ 2, 3, 4, 5, 6, 7, 8, 9, 10, 11, 12, 13, 14, 15, 16, 17, 18, 19, 20, 21, 22, 23, 24, 25, 26, 27, 28, 29, 30, 31, 32, 1 ],
\[ 2, 1, 3, 4, 5, 6, 7, 8, 9, 10, 11, 12, 13, 14, 15, 16, 17, 18, 19, 20, 21, 22, 23, 24, 25, 26, 27, 28, 29, 30, 31, 32 ]:
 Order := 263130836933693530167218012160000000 > |
[ 2, 9, 8, 7, 10, 1, 11, 12, 4, 24, 17, 6, 16, 22, 3, 23, 19, 21, 13, 5, 25, 26, 15, 18, 30, 20, 29, 14, 32, 31, 27, 28 ],
[ 14, 22, 27, 20, 3, 28, 5, 29, 26, 8, 10, 32, 21, 13, 31, 25, 24, 6, 18, 15, 1, 16, 30, 12, 2, 23, 7, 19, 11, 9, 4, 17 ],
[ 18, 21, 20, 30, 4, 24, 31, 5, 25, 7, 27, 10, 28, 6, 26, 14, 29, 17, 32, 9, 19, 1, 22, 11, 13, 2, 15, 12, 3, 16, 23, 8 ]
]
];
s`RefinedPassportSize := 1;

/*
Return for eval
*/

return s;
