s := TwoDBInitialize();

/*
Magma printing
*/

s`AutomorphismGroup := PermutationGroup<32 |  
\[ 6, 1, 4, 7, 2, 5, 9, 14, 3, 8, 10, 13, 15, 11, 17, 22, 12, 16, 18, 21, 23, 19, 25, 30, 20, 24, 26, 29, 31, 27, 32, 28 ],
\[ 9, 14, 6, 17, 4, 10, 2, 5, 13, 22, 1, 7, 25, 18, 3, 11, 21, 30, 8, 15, 32, 26, 12, 19, 29, 28, 16, 23, 24, 31, 20, 27 ]:
 Order := 32 >;
s`Blocks := {@ PowerSet(IntegerRing()) |
{ IntegerRing() | 1, 5 },
{ IntegerRing() | 2, 6 },
{ IntegerRing() | 3, 7 },
{ IntegerRing() | 4, 9 },
{ IntegerRing() | 8, 11 },
{ IntegerRing() | 10, 14 },
{ IntegerRing() | 12, 15 },
{ IntegerRing() | 13, 17 },
{ IntegerRing() | 16, 19 },
{ IntegerRing() | 18, 22 },
{ IntegerRing() | 20, 23 },
{ IntegerRing() | 21, 25 },
{ IntegerRing() | 24, 27 },
{ IntegerRing() | 26, 30 },
{ IntegerRing() | 28, 31 },
{ IntegerRing() | 29, 32 }
@};
s`Child := "16T13-2,2,8-g0-path1";
s`Degree := 32;
s`Filename := "32S20-4,4,16-g8-path1.m";
s`GaloisOrbit := [ PowerSequence(PermutationGroup<32 |  
\[ 2, 3, 4, 5, 6, 7, 8, 9, 10, 11, 12, 13, 14, 15, 16, 17, 18, 19, 20, 21, 22, 23, 24, 25, 26, 27, 28, 29, 30, 31, 32, 1 ],
\[ 2, 1, 3, 4, 5, 6, 7, 8, 9, 10, 11, 12, 13, 14, 15, 16, 17, 18, 19, 20, 21, 22, 23, 24, 25, 26, 27, 28, 29, 30, 31, 32 ]:
 Order := 263130836933693530167218012160000000 >) |
[ PermutationGroup<32 |  
\[ 2, 3, 4, 5, 6, 7, 8, 9, 10, 11, 12, 13, 14, 15, 16, 17, 18, 19, 20, 21, 22, 23, 24, 25, 26, 27, 28, 29, 30, 31, 32, 1 ],
\[ 2, 1, 3, 4, 5, 6, 7, 8, 9, 10, 11, 12, 13, 14, 15, 16, 17, 18, 19, 20, 21, 22, 23, 24, 25, 26, 27, 28, 29, 30, 31, 32 ]:
 Order := 263130836933693530167218012160000000 > |
[ 6, 1, 8, 14, 2, 5, 11, 7, 10, 4, 3, 16, 22, 9, 19, 15, 18, 13, 12, 24, 30, 17, 27, 23, 26, 21, 20, 32, 28, 25, 29, 31 ],
[ 3, 9, 5, 2, 7, 4, 1, 12, 6, 17, 15, 11, 10, 13, 8, 20, 14, 25, 23, 19, 18, 21, 16, 28, 22, 32, 31, 27, 26, 29, 24, 30 ],
[ 4, 3, 12, 13, 9, 7, 15, 1, 17, 2, 5, 20, 21, 6, 23, 8, 25, 10, 11, 28, 29, 14, 31, 16, 32, 18, 19, 30, 27, 22, 26, 24 ]
]
];
s`GaloisOrbitSize := 1;
s`Genus := 8;
s`Geometry := "Hyperbolic";
s`Level := 5;
s`MonodromyGroup := PermutationGroup<32 |  
\[ 6, 1, 8, 14, 2, 5, 11, 7, 10, 4, 3, 16, 22, 9, 19, 15, 18, 13, 12, 24, 30, 17, 27, 23, 26, 21, 20, 32, 28, 25, 29, 31 ],
\[ 3, 9, 5, 2, 7, 4, 1, 12, 6, 17, 15, 11, 10, 13, 8, 20, 14, 25, 23, 19, 18, 21, 16, 28, 22, 32, 31, 27, 26, 29, 24, 30 ],
\[ 4, 3, 12, 13, 9, 7, 15, 1, 17, 2, 5, 20, 21, 6, 23, 8, 25, 10, 11, 28, 29, 14, 31, 16, 32, 18, 19, 30, 27, 22, 26, 24 ] >;
s`Name := "32S20-4,4,16-g8-path1";
s`Orders := \[ 4, 4, 16 ];
s`Passport := [ PowerSequence(PermutationGroup<32 |  
\[ 6, 1, 8, 14, 2, 5, 11, 7, 10, 4, 3, 16, 22, 9, 19, 15, 18, 13, 12, 24, 30, 17, 27, 23, 26, 21, 20, 32, 28, 25, 29, 31 ],
\[ 3, 9, 5, 2, 7, 4, 1, 12, 6, 17, 15, 11, 10, 13, 8, 20, 14, 25, 23, 19, 18, 21, 16, 28, 22, 32, 31, 27, 26, 29, 24, 30 ],
\[ 4, 3, 12, 13, 9, 7, 15, 1, 17, 2, 5, 20, 21, 6, 23, 8, 25, 10, 11, 28, 29, 14, 31, 16, 32, 18, 19, 30, 27, 22, 26, 24 ]:
 Order := 32 >) |
[ PermutationGroup<32 |  
\[ 6, 1, 8, 14, 2, 5, 11, 7, 10, 4, 3, 16, 22, 9, 19, 15, 18, 13, 12, 24, 30, 17, 27, 23, 26, 21, 20, 32, 28, 25, 29, 31 ],
\[ 3, 9, 5, 2, 7, 4, 1, 12, 6, 17, 15, 11, 10, 13, 8, 20, 14, 25, 23, 19, 18, 21, 16, 28, 22, 32, 31, 27, 26, 29, 24, 30 ],
\[ 4, 3, 12, 13, 9, 7, 15, 1, 17, 2, 5, 20, 21, 6, 23, 8, 25, 10, 11, 28, 29, 14, 31, 16, 32, 18, 19, 30, 27, 22, 26, 24 ]:
 Order := 32 > |
[ 6, 1, 8, 14, 2, 5, 11, 7, 10, 4, 3, 16, 22, 9, 19, 15, 18, 13, 12, 24, 30, 17, 27, 23, 26, 21, 20, 32, 28, 25, 29, 31 ],
[ 3, 9, 5, 2, 7, 4, 1, 12, 6, 17, 15, 11, 10, 13, 8, 20, 14, 25, 23, 19, 18, 21, 16, 28, 22, 32, 31, 27, 26, 29, 24, 30 ],
[ 4, 3, 12, 13, 9, 7, 15, 1, 17, 2, 5, 20, 21, 6, 23, 8, 25, 10, 11, 28, 29, 14, 31, 16, 32, 18, 19, 30, 27, 22, 26, 24 ]
]
];
s`PassportName := "32S20-4,4,16-g8";
s`PassportSize := 1;
s`PathNumber := 1;
s`PathToPP1 := [ Strings() | "PP1", "2T1-1,2,2-g0-path1", "4T2-2,2,2-g0-path1", "8T4-2,2,4-g0-path1", "16T13-2,2,8-g0-path1", "32S20-4,4,16-g8-path1" ];
s`PermutationTriple := [ PermutationGroup<32 |  
\[ 2, 3, 4, 5, 6, 7, 8, 9, 10, 11, 12, 13, 14, 15, 16, 17, 18, 19, 20, 21, 22, 23, 24, 25, 26, 27, 28, 29, 30, 31, 32, 1 ],
\[ 2, 1, 3, 4, 5, 6, 7, 8, 9, 10, 11, 12, 13, 14, 15, 16, 17, 18, 19, 20, 21, 22, 23, 24, 25, 26, 27, 28, 29, 30, 31, 32 ]:
 Order := 263130836933693530167218012160000000 > |
[ 6, 1, 8, 14, 2, 5, 11, 7, 10, 4, 3, 16, 22, 9, 19, 15, 18, 13, 12, 24, 30, 17, 27, 23, 26, 21, 20, 32, 28, 25, 29, 31 ],
[ 3, 9, 5, 2, 7, 4, 1, 12, 6, 17, 15, 11, 10, 13, 8, 20, 14, 25, 23, 19, 18, 21, 16, 28, 22, 32, 31, 27, 26, 29, 24, 30 ],
[ 4, 3, 12, 13, 9, 7, 15, 1, 17, 2, 5, 20, 21, 6, 23, 8, 25, 10, 11, 28, 29, 14, 31, 16, 32, 18, 19, 30, 27, 22, 26, 24 ]
];
s`PointedAutomorphismGroup := PermutationGroup<32 |  
\[ 2, 5, 9, 3, 6, 1, 4, 10, 7, 11, 14, 17, 12, 8, 13, 18, 15, 19, 22, 25, 20, 16, 21, 26, 23, 27, 30, 32, 28, 24, 29, 31 ]:
 Order := 4 >;
s`PointedPassport := [ PowerSequence(PermutationGroup<32 |  
\[ 2, 3, 4, 5, 6, 7, 8, 9, 10, 11, 12, 13, 14, 15, 16, 17, 18, 19, 20, 21, 22, 23, 24, 25, 26, 27, 28, 29, 30, 31, 32, 1 ],
\[ 2, 1, 3, 4, 5, 6, 7, 8, 9, 10, 11, 12, 13, 14, 15, 16, 17, 18, 19, 20, 21, 22, 23, 24, 25, 26, 27, 28, 29, 30, 31, 32 ]:
 Order := 263130836933693530167218012160000000 >) |
[ PermutationGroup<32 |  
\[ 2, 3, 4, 5, 6, 7, 8, 9, 10, 11, 12, 13, 14, 15, 16, 17, 18, 19, 20, 21, 22, 23, 24, 25, 26, 27, 28, 29, 30, 31, 32, 1 ],
\[ 2, 1, 3, 4, 5, 6, 7, 8, 9, 10, 11, 12, 13, 14, 15, 16, 17, 18, 19, 20, 21, 22, 23, 24, 25, 26, 27, 28, 29, 30, 31, 32 ]:
 Order := 263130836933693530167218012160000000 > |
[ 12, 17, 9, 3, 15, 13, 4, 20, 7, 25, 23, 5, 2, 21, 1, 28, 6, 32, 31, 11, 10, 29, 8, 30, 14, 24, 26, 19, 18, 27, 16, 22 ],
[ 23, 21, 13, 15, 20, 25, 17, 31, 12, 29, 28, 4, 7, 32, 9, 26, 3, 27, 30, 1, 6, 24, 5, 18, 2, 19, 22, 8, 14, 16, 11, 10 ],
[ 4, 3, 12, 13, 9, 7, 15, 1, 17, 2, 5, 20, 21, 6, 23, 8, 25, 10, 11, 28, 29, 14, 31, 16, 32, 18, 19, 30, 27, 22, 26, 24 ]
]
];
s`PointedPassportSize := 1;
s`RefinedPassport := [ PowerSequence(PermutationGroup<32 |  
\[ 2, 3, 4, 5, 6, 7, 8, 9, 10, 11, 12, 13, 14, 15, 16, 17, 18, 19, 20, 21, 22, 23, 24, 25, 26, 27, 28, 29, 30, 31, 32, 1 ],
\[ 2, 1, 3, 4, 5, 6, 7, 8, 9, 10, 11, 12, 13, 14, 15, 16, 17, 18, 19, 20, 21, 22, 23, 24, 25, 26, 27, 28, 29, 30, 31, 32 ]:
 Order := 263130836933693530167218012160000000 >) |
[ PermutationGroup<32 |  
\[ 2, 3, 4, 5, 6, 7, 8, 9, 10, 11, 12, 13, 14, 15, 16, 17, 18, 19, 20, 21, 22, 23, 24, 25, 26, 27, 28, 29, 30, 31, 32, 1 ],
\[ 2, 1, 3, 4, 5, 6, 7, 8, 9, 10, 11, 12, 13, 14, 15, 16, 17, 18, 19, 20, 21, 22, 23, 24, 25, 26, 27, 28, 29, 30, 31, 32 ]:
 Order := 263130836933693530167218012160000000 > |
[ 12, 17, 9, 3, 15, 13, 4, 20, 7, 25, 23, 5, 2, 21, 1, 28, 6, 32, 31, 11, 10, 29, 8, 30, 14, 24, 26, 19, 18, 27, 16, 22 ],
[ 23, 21, 13, 15, 20, 25, 17, 31, 12, 29, 28, 4, 7, 32, 9, 26, 3, 27, 30, 1, 6, 24, 5, 18, 2, 19, 22, 8, 14, 16, 11, 10 ],
[ 4, 3, 12, 13, 9, 7, 15, 1, 17, 2, 5, 20, 21, 6, 23, 8, 25, 10, 11, 28, 29, 14, 31, 16, 32, 18, 19, 30, 27, 22, 26, 24 ]
]
];
s`RefinedPassportSize := 1;

/*
Return for eval
*/

return s;
