s := TwoDBInitialize();

/*
Magma printing
*/

s`Name := "32S2-4,4,4-g5-3984326407";
s`Filename := "32S2-4,4,4-g5-3984326407.m";
s`Degree := 32;
s`Orders := \[ 4, 4, 4 ];
s`Geometry := "Hyperbolic";
s`Genus := 5;
s`Level := 5;
s`PermutationTriple := [ PermutationGroup<32 |  
\[ 2, 3, 4, 5, 6, 7, 8, 9, 10, 11, 12, 13, 14, 15, 16, 17, 18, 19, 20, 21, 22, 23, 24, 25, 26, 27, 28, 29, 30, 31, 32, 1 ],
\[ 2, 1, 3, 4, 5, 6, 7, 8, 9, 10, 11, 12, 13, 14, 15, 16, 17, 18, 19, 20, 21, 22, 23, 24, 25, 26, 27, 28, 29, 30, 31, 32 ]:
 Order := 263130836933693530167218012160000000 > |
[ 6, 1, 8, 20, 2, 5, 26, 15, 11, 24, 22, 3, 16, 32, 12, 30, 4, 25, 17, 19, 13, 23, 9, 7, 31, 10, 18, 29, 14, 21, 27, 28 ],
[ 3, 9, 13, 2, 15, 22, 1, 27, 21, 5, 31, 25, 7, 12, 30, 19, 29, 17, 6, 32, 4, 16, 18, 14, 24, 28, 26, 8, 23, 10, 20, 11 ],
[ 4, 10, 14, 18, 19, 7, 25, 1, 29, 27, 2, 5, 9, 17, 28, 3, 16, 8, 31, 21, 15, 32, 6, 30, 23, 13, 11, 20, 26, 22, 12, 24 ]
];
s`MonodromyGroup := PermutationGroup<32 |  
\[ 6, 1, 8, 20, 2, 5, 26, 15, 11, 24, 22, 3, 16, 32, 12, 30, 4, 25, 17, 19, 13, 23, 9, 7, 31, 10, 18, 29, 14, 21, 27, 28 ],
\[ 3, 9, 13, 2, 15, 22, 1, 27, 21, 5, 31, 25, 7, 12, 30, 19, 29, 17, 6, 32, 4, 16, 18, 14, 24, 28, 26, 8, 23, 10, 20, 11 ],
\[ 4, 10, 14, 18, 19, 7, 25, 1, 29, 27, 2, 5, 9, 17, 28, 3, 16, 8, 31, 21, 15, 32, 6, 30, 23, 13, 11, 20, 26, 22, 12, 24 ] >;

/*
Edge printing
*/

s`Edges := [];
edge1 := TwoEdgeInitialize();
edge1`Blocks := {@ PowerSet(IntegerRing()) |
{ IntegerRing() | 1, 5 },
{ IntegerRing() | 2, 6 },
{ IntegerRing() | 3, 15 },
{ IntegerRing() | 4, 19 },
{ IntegerRing() | 7, 10 },
{ IntegerRing() | 8, 12 },
{ IntegerRing() | 9, 22 },
{ IntegerRing() | 11, 23 },
{ IntegerRing() | 13, 30 },
{ IntegerRing() | 14, 28 },
{ IntegerRing() | 16, 21 },
{ IntegerRing() | 17, 20 },
{ IntegerRing() | 18, 31 },
{ IntegerRing() | 24, 26 },
{ IntegerRing() | 25, 27 },
{ IntegerRing() | 29, 32 }
@};
edge1`UpstairsTriple := [ PermutationGroup<32 |  
\[ 2, 3, 4, 5, 6, 7, 8, 9, 10, 11, 12, 13, 14, 15, 16, 17, 18, 19, 20, 21, 22, 23, 24, 25, 26, 27, 28, 29, 30, 31, 32, 1 ],
\[ 2, 1, 3, 4, 5, 6, 7, 8, 9, 10, 11, 12, 13, 14, 15, 16, 17, 18, 19, 20, 21, 22, 23, 24, 25, 26, 27, 28, 29, 30, 31, 32 ]:
 Order := 263130836933693530167218012160000000 > |
[ 6, 1, 8, 20, 2, 5, 26, 15, 11, 24, 22, 3, 16, 32, 12, 30, 4, 25, 17, 19, 13, 23, 9, 7, 31, 10, 18, 29, 14, 21, 27, 28 ],
[ 3, 9, 13, 2, 15, 22, 1, 27, 21, 5, 31, 25, 7, 12, 30, 19, 29, 17, 6, 32, 4, 16, 18, 14, 24, 28, 26, 8, 23, 10, 20, 11 ],
[ 4, 10, 14, 18, 19, 7, 25, 1, 29, 27, 2, 5, 9, 17, 28, 3, 16, 8, 31, 21, 15, 32, 6, 30, 23, 13, 11, 20, 26, 22, 12, 24 ]
];
edge1`UpstairsFilename := "32S2-4,4,4-g5-3984326407.m";
edge1`DownstairsTriple := [ PermutationGroup<16 |  
\[ 2, 3, 4, 5, 6, 7, 8, 9, 10, 11, 12, 13, 14, 15, 16, 1 ],
\[ 2, 1, 3, 4, 5, 6, 7, 8, 9, 10, 11, 12, 13, 14, 15, 16 ]:
 Order := 20922789888000 > |
[ 2, 1, 7, 13, 9, 15, 3, 10, 5, 8, 12, 11, 4, 16, 6, 14 ],
[ 3, 8, 11, 2, 10, 1, 16, 12, 7, 14, 6, 4, 5, 13, 9, 15 ],
[ 4, 6, 9, 14, 15, 16, 1, 5, 13, 2, 8, 3, 12, 7, 11, 10 ]
];
edge1`DownstairsFilename := "16T10-2,4,4-g1-3613677335.m";
Append(~s`Edges, edge1);
edge2 := TwoEdgeInitialize();
edge2`Blocks := {@ PowerSet(IntegerRing()) |
{ IntegerRing() | 1, 5 },
{ IntegerRing() | 2, 11 },
{ IntegerRing() | 3, 16 },
{ IntegerRing() | 4, 10 },
{ IntegerRing() | 6, 18 },
{ IntegerRing() | 7, 22 },
{ IntegerRing() | 8, 23 },
{ IntegerRing() | 9, 14 },
{ IntegerRing() | 12, 24 },
{ IntegerRing() | 13, 19 },
{ IntegerRing() | 15, 28 },
{ IntegerRing() | 17, 26 },
{ IntegerRing() | 20, 30 },
{ IntegerRing() | 21, 25 },
{ IntegerRing() | 27, 29 },
{ IntegerRing() | 31, 32 }
@};
edge2`UpstairsTriple := [ PermutationGroup<32 |  
\[ 2, 3, 4, 5, 6, 7, 8, 9, 10, 11, 12, 13, 14, 15, 16, 17, 18, 19, 20, 21, 22, 23, 24, 25, 26, 27, 28, 29, 30, 31, 32, 1 ],
\[ 2, 1, 3, 4, 5, 6, 7, 8, 9, 10, 11, 12, 13, 14, 15, 16, 17, 18, 19, 20, 21, 22, 23, 24, 25, 26, 27, 28, 29, 30, 31, 32 ]:
 Order := 263130836933693530167218012160000000 > |
[ 2, 9, 8, 19, 11, 1, 26, 22, 6, 13, 14, 21, 24, 18, 30, 23, 3, 5, 12, 27, 4, 17, 7, 25, 10, 16, 31, 20, 32, 29, 28, 15 ],
[ 3, 10, 14, 6, 16, 24, 1, 28, 22, 18, 4, 2, 20, 7, 17, 9, 27, 12, 30, 21, 32, 5, 15, 11, 31, 29, 23, 26, 8, 25, 19, 13 ],
[ 4, 7, 15, 20, 10, 16, 27, 1, 12, 30, 22, 31, 2, 24, 21, 28, 9, 3, 11, 8, 18, 29, 5, 32, 6, 14, 13, 25, 19, 23, 17, 26 ]
];
edge2`UpstairsFilename := "32S2-4,4,4-g5-4137243069.m";
edge2`DownstairsTriple := [ PermutationGroup<16 |  
\[ 2, 3, 4, 5, 6, 7, 8, 9, 10, 11, 12, 13, 14, 15, 16, 1 ],
\[ 2, 1, 3, 4, 5, 6, 7, 8, 9, 10, 11, 12, 13, 14, 15, 16 ]:
 Order := 20922789888000 > |
[ 2, 9, 8, 12, 10, 1, 15, 7, 6, 16, 14, 11, 5, 4, 3, 13 ],
[ 3, 4, 9, 6, 14, 11, 1, 13, 7, 8, 2, 5, 15, 16, 10, 12 ],
[ 4, 7, 13, 5, 8, 3, 10, 1, 11, 12, 16, 2, 14, 6, 9, 15 ]
];
edge2`DownstairsFilename := "16T8-4,4,4-g3-868747694.m";
Append(~s`Edges, edge2);
edge3 := TwoEdgeInitialize();
edge3`Blocks := {@ PowerSet(IntegerRing()) |
{ IntegerRing() | 1, 5 },
{ IntegerRing() | 2, 11 },
{ IntegerRing() | 3, 16 },
{ IntegerRing() | 4, 17 },
{ IntegerRing() | 6, 22 },
{ IntegerRing() | 7, 23 },
{ IntegerRing() | 8, 12 },
{ IntegerRing() | 9, 19 },
{ IntegerRing() | 10, 26 },
{ IntegerRing() | 13, 25 },
{ IntegerRing() | 14, 30 },
{ IntegerRing() | 15, 21 },
{ IntegerRing() | 18, 29 },
{ IntegerRing() | 20, 28 },
{ IntegerRing() | 24, 27 },
{ IntegerRing() | 31, 32 }
@};
edge3`UpstairsTriple := [ PermutationGroup<32 |  
\[ 2, 3, 4, 5, 6, 7, 8, 9, 10, 11, 12, 13, 14, 15, 16, 17, 18, 19, 20, 21, 22, 23, 24, 25, 26, 27, 28, 29, 30, 31, 32, 1 ],
\[ 2, 1, 3, 4, 5, 6, 7, 8, 9, 10, 11, 12, 13, 14, 15, 16, 17, 18, 19, 20, 21, 22, 23, 24, 25, 26, 27, 28, 29, 30, 31, 32 ]:
 Order := 263130836933693530167218012160000000 > |
[ 2, 9, 8, 16, 11, 1, 26, 28, 6, 13, 19, 20, 24, 18, 30, 12, 3, 31, 22, 4, 14, 5, 10, 23, 27, 25, 7, 17, 32, 29, 21, 15 ],
[ 3, 10, 14, 6, 16, 24, 1, 11, 28, 18, 26, 2, 19, 7, 17, 30, 22, 12, 20, 32, 4, 27, 5, 21, 9, 29, 15, 31, 8, 23, 25, 13 ],
[ 4, 7, 15, 19, 17, 25, 22, 1, 12, 30, 23, 5, 2, 24, 20, 21, 9, 3, 8, 18, 28, 13, 6, 32, 11, 14, 31, 29, 16, 27, 10, 26 ]
];
edge3`UpstairsFilename := "32S2-4,4,4-g5-3291098871.m";
edge3`DownstairsTriple := [ PermutationGroup<16 |  
\[ 2, 3, 4, 5, 6, 7, 8, 9, 10, 11, 12, 13, 14, 15, 16, 1 ],
\[ 2, 1, 3, 4, 5, 6, 7, 8, 9, 10, 11, 12, 13, 14, 15, 16 ]:
 Order := 20922789888000 > |
[ 2, 9, 8, 3, 11, 1, 10, 15, 6, 12, 16, 14, 5, 7, 4, 13 ],
[ 3, 10, 5, 6, 7, 14, 1, 2, 15, 11, 8, 9, 4, 13, 16, 12 ],
[ 4, 7, 13, 9, 14, 12, 6, 1, 8, 5, 3, 2, 15, 16, 11, 10 ]
];
edge3`DownstairsFilename := "16T8-4,4,4-g3-1811261563.m";
Append(~s`Edges, edge3);
edge4 := TwoEdgeInitialize();
edge4`Blocks := {@ PowerSet(IntegerRing()) |
{ IntegerRing() | 1, 5 },
{ IntegerRing() | 2, 12 },
{ IntegerRing() | 3, 16 },
{ IntegerRing() | 4, 22 },
{ IntegerRing() | 6, 20 },
{ IntegerRing() | 7, 11 },
{ IntegerRing() | 8, 14 },
{ IntegerRing() | 9, 30 },
{ IntegerRing() | 10, 17 },
{ IntegerRing() | 13, 27 },
{ IntegerRing() | 15, 21 },
{ IntegerRing() | 18, 26 },
{ IntegerRing() | 19, 24 },
{ IntegerRing() | 23, 29 },
{ IntegerRing() | 25, 28 },
{ IntegerRing() | 31, 32 }
@};
edge4`UpstairsTriple := [ PermutationGroup<32 |  
\[ 2, 3, 4, 5, 6, 7, 8, 9, 10, 11, 12, 13, 14, 15, 16, 17, 18, 19, 20, 21, 22, 23, 24, 25, 26, 27, 28, 29, 30, 31, 32, 1 ],
\[ 2, 1, 3, 4, 5, 6, 7, 8, 9, 10, 11, 12, 13, 14, 15, 16, 17, 18, 19, 20, 21, 22, 23, 24, 25, 26, 27, 28, 29, 30, 31, 32 ]:
 Order := 263130836933693530167218012160000000 > |
[ 12, 30, 8, 24, 2, 5, 22, 25, 20, 3, 4, 9, 7, 28, 18, 14, 16, 32, 13, 1, 26, 19, 15, 27, 10, 31, 11, 17, 21, 6, 29, 23 ],
[ 3, 10, 15, 20, 16, 8, 1, 29, 25, 26, 5, 17, 2, 23, 7, 21, 18, 27, 9, 14, 11, 6, 4, 30, 32, 13, 12, 31, 22, 28, 24, 19 ],
[ 4, 11, 2, 21, 22, 24, 26, 1, 27, 9, 18, 7, 32, 5, 14, 12, 30, 3, 29, 19, 8, 15, 25, 23, 6, 16, 31, 20, 28, 13, 10, 17 ]
];
edge4`UpstairsFilename := "32S2-4,4,4-g5-2804345406.m";
edge4`DownstairsTriple := [ PermutationGroup<16 |  
\[ 2, 3, 4, 5, 6, 7, 8, 9, 10, 11, 12, 13, 14, 15, 16, 1 ],
\[ 2, 1, 3, 4, 5, 6, 7, 8, 9, 10, 11, 12, 13, 14, 15, 16 ]:
 Order := 20922789888000 > |
[ 6, 1, 8, 9, 2, 5, 4, 10, 14, 11, 3, 13, 16, 7, 12, 15 ],
[ 3, 8, 12, 2, 10, 11, 1, 15, 5, 16, 13, 7, 14, 6, 4, 9 ],
[ 4, 9, 6, 12, 14, 7, 13, 1, 15, 2, 5, 8, 3, 16, 10, 11 ]
];
edge4`DownstairsFilename := "16T8-4,4,4-g3-1428147735.m";
Append(~s`Edges, edge4);
edge5 := TwoEdgeInitialize();
edge5`Blocks := {@ PowerSet(IntegerRing()) |
{ IntegerRing() | 1, 5 },
{ IntegerRing() | 2, 11 },
{ IntegerRing() | 3, 16 },
{ IntegerRing() | 4, 21 },
{ IntegerRing() | 6, 15 },
{ IntegerRing() | 7, 19 },
{ IntegerRing() | 8, 10 },
{ IntegerRing() | 9, 30 },
{ IntegerRing() | 12, 26 },
{ IntegerRing() | 13, 28 },
{ IntegerRing() | 14, 32 },
{ IntegerRing() | 17, 24 },
{ IntegerRing() | 18, 29 },
{ IntegerRing() | 20, 31 },
{ IntegerRing() | 22, 25 },
{ IntegerRing() | 23, 27 }
@};
edge5`UpstairsTriple := [ PermutationGroup<32 |  
\[ 2, 3, 4, 5, 6, 7, 8, 9, 10, 11, 12, 13, 14, 15, 16, 17, 18, 19, 20, 21, 22, 23, 24, 25, 26, 27, 28, 29, 30, 31, 32, 1 ],
\[ 2, 1, 3, 4, 5, 6, 7, 8, 9, 10, 11, 12, 13, 14, 15, 16, 17, 18, 19, 20, 21, 22, 23, 24, 25, 26, 27, 28, 29, 30, 31, 32 ]:
 Order := 263130836933693530167218012160000000 > |
[ 2, 9, 8, 19, 11, 1, 26, 28, 6, 13, 30, 22, 24, 18, 5, 10, 3, 31, 12, 27, 7, 4, 14, 16, 21, 25, 32, 17, 20, 15, 23, 29 ],
[ 3, 10, 14, 6, 16, 24, 1, 29, 28, 18, 8, 2, 20, 7, 17, 32, 27, 12, 5, 22, 15, 30, 4, 23, 9, 11, 21, 31, 26, 13, 25, 19 ],
[ 4, 7, 15, 20, 21, 25, 27, 1, 12, 5, 19, 32, 2, 24, 22, 6, 9, 3, 23, 8, 31, 18, 28, 30, 29, 14, 13, 11, 16, 26, 10, 17 ]
];
edge5`UpstairsFilename := "32S2-4,4,4-g5-3457643275.m";
edge5`DownstairsTriple := [ PermutationGroup<16 |  
\[ 2, 3, 4, 5, 6, 7, 8, 9, 10, 11, 12, 13, 14, 15, 16, 1 ],
\[ 2, 1, 3, 4, 5, 6, 7, 8, 9, 10, 11, 12, 13, 14, 15, 16 ]:
 Order := 20922789888000 > |
[ 6, 1, 8, 7, 2, 5, 15, 12, 3, 4, 13, 9, 14, 16, 10, 11 ],
[ 3, 9, 11, 2, 12, 8, 1, 13, 16, 5, 7, 14, 15, 10, 6, 4 ],
[ 4, 10, 2, 14, 15, 7, 16, 1, 5, 13, 9, 6, 3, 8, 11, 12 ]
];
edge5`DownstairsFilename := "16T4-4,4,4-g3-4131114635.m";
Append(~s`Edges, edge5);
edge6 := TwoEdgeInitialize();
edge6`Blocks := {@ PowerSet(IntegerRing()) |
{ IntegerRing() | 1, 5 },
{ IntegerRing() | 2, 12 },
{ IntegerRing() | 3, 16 },
{ IntegerRing() | 4, 8 },
{ IntegerRing() | 6, 20 },
{ IntegerRing() | 7, 11 },
{ IntegerRing() | 9, 29 },
{ IntegerRing() | 10, 26 },
{ IntegerRing() | 13, 17 },
{ IntegerRing() | 14, 32 },
{ IntegerRing() | 15, 18 },
{ IntegerRing() | 19, 27 },
{ IntegerRing() | 21, 28 },
{ IntegerRing() | 22, 25 },
{ IntegerRing() | 23, 24 },
{ IntegerRing() | 30, 31 }
@};
edge6`UpstairsTriple := [ PermutationGroup<32 |  
\[ 2, 3, 4, 5, 6, 7, 8, 9, 10, 11, 12, 13, 14, 15, 16, 17, 18, 19, 20, 21, 22, 23, 24, 25, 26, 27, 28, 29, 30, 31, 32, 1 ],
\[ 2, 1, 3, 4, 5, 6, 7, 8, 9, 10, 11, 12, 13, 14, 15, 16, 17, 18, 19, 20, 21, 22, 23, 24, 25, 26, 27, 28, 29, 30, 31, 32 ]:
 Order := 263130836933693530167218012160000000 > |
[ 12, 29, 8, 27, 2, 5, 22, 19, 20, 7, 25, 9, 3, 18, 31, 4, 16, 30, 13, 1, 14, 24, 26, 10, 23, 11, 17, 32, 6, 21, 28, 15 ],
[ 3, 10, 14, 20, 16, 22, 1, 6, 19, 15, 5, 26, 2, 7, 13, 32, 12, 17, 30, 25, 4, 28, 29, 9, 21, 18, 31, 8, 27, 24, 23, 11 ],
[ 4, 11, 15, 5, 8, 23, 2, 1, 17, 30, 12, 7, 9, 25, 16, 18, 29, 3, 28, 24, 19, 14, 20, 6, 32, 31, 21, 27, 13, 26, 10, 22 ]
];
edge6`UpstairsFilename := "32S2-4,4,4-g5-3201713922.m";
edge6`DownstairsTriple := [ PermutationGroup<16 |  
\[ 2, 3, 4, 5, 6, 7, 8, 9, 10, 11, 12, 13, 14, 15, 16, 1 ],
\[ 2, 1, 3, 4, 5, 6, 7, 8, 9, 10, 11, 12, 13, 14, 15, 16 ]:
 Order := 20922789888000 > |
[ 10, 13, 4, 9, 2, 5, 11, 15, 16, 8, 14, 7, 6, 12, 1, 3 ],
[ 3, 4, 13, 15, 14, 16, 1, 9, 5, 12, 2, 6, 7, 8, 11, 10 ],
[ 4, 9, 6, 1, 12, 3, 10, 16, 2, 7, 13, 5, 11, 15, 14, 8 ]
];
edge6`DownstairsFilename := "16T10-4,4,2-g1-736033916.m";
Append(~s`Edges, edge6);
edge7 := TwoEdgeInitialize();
edge7`Blocks := {@ PowerSet(IntegerRing()) |
{ IntegerRing() | 1, 5 },
{ IntegerRing() | 2, 11 },
{ IntegerRing() | 3, 7 },
{ IntegerRing() | 4, 20 },
{ IntegerRing() | 6, 18 },
{ IntegerRing() | 8, 14 },
{ IntegerRing() | 9, 29 },
{ IntegerRing() | 10, 12 },
{ IntegerRing() | 13, 21 },
{ IntegerRing() | 15, 24 },
{ IntegerRing() | 16, 25 },
{ IntegerRing() | 17, 23 },
{ IntegerRing() | 19, 32 },
{ IntegerRing() | 22, 26 },
{ IntegerRing() | 27, 28 },
{ IntegerRing() | 30, 31 }
@};
edge7`UpstairsTriple := [ PermutationGroup<32 |  
\[ 2, 3, 4, 5, 6, 7, 8, 9, 10, 11, 12, 13, 14, 15, 16, 17, 18, 19, 20, 21, 22, 23, 24, 25, 26, 27, 28, 29, 30, 31, 32, 1 ],
\[ 2, 1, 3, 4, 5, 6, 7, 8, 9, 10, 11, 12, 13, 14, 15, 16, 17, 18, 19, 20, 21, 22, 23, 24, 25, 26, 27, 28, 29, 30, 31, 32 ]:
 Order := 263130836933693530167218012160000000 > |
[ 11, 29, 8, 23, 2, 5, 14, 22, 18, 13, 9, 21, 4, 26, 31, 7, 12, 1, 24, 17, 20, 25, 10, 30, 3, 16, 19, 32, 6, 27, 28, 15 ],
[ 3, 10, 5, 18, 7, 4, 1, 27, 22, 11, 12, 2, 32, 28, 25, 15, 30, 20, 13, 6, 19, 29, 31, 16, 24, 9, 14, 8, 26, 23, 17, 21 ],
[ 4, 3, 15, 19, 20, 22, 24, 1, 10, 30, 7, 31, 2, 5, 13, 29, 18, 26, 8, 32, 11, 28, 6, 21, 9, 27, 17, 23, 12, 25, 16, 14 ]
];
edge7`UpstairsFilename := "32S2-4,4,4-g5-3691513948.m";
edge7`DownstairsTriple := [ PermutationGroup<16 |  
\[ 2, 3, 4, 5, 6, 7, 8, 9, 10, 11, 12, 13, 14, 15, 16, 1 ],
\[ 2, 1, 3, 4, 5, 6, 7, 8, 9, 10, 11, 12, 13, 14, 15, 16 ]:
 Order := 20922789888000 > |
[ 10, 14, 7, 9, 2, 5, 11, 13, 12, 8, 15, 16, 1, 6, 3, 4 ],
[ 3, 7, 1, 13, 9, 15, 2, 11, 5, 12, 8, 10, 4, 16, 6, 14 ],
[ 4, 9, 6, 14, 15, 16, 1, 12, 13, 3, 2, 5, 11, 7, 8, 10 ]
];
edge7`DownstairsFilename := "16T10-4,2,4-g1-2494485903.m";
Append(~s`Edges, edge7);

/*
Return for eval
*/

return s;
