s := TwoDBInitialize();

/*
Magma printing
*/

s`AutomorphismGroup := PermutationGroup<32 |  
\[ 29, 27, 23, 31, 32, 21, 25, 18, 28, 26, 15, 30, 20, 22, 11, 24, 19, 8, 17, 13, 6, 14, 3, 16, 7, 10, 2, 9, 1, 12, 4, 5 ],
\[ 26, 13, 30, 25, 27, 32, 17, 16, 15, 18, 3, 28, 21, 31, 23, 29, 22, 24, 14, 6, 5, 4, 12, 1, 19, 8, 20, 11, 10, 9, 7, 2 ],
\[ 32, 26, 22, 30, 29, 24, 28, 13, 25, 27, 17, 31, 8, 23, 19, 21, 11, 20, 15, 18, 16, 3, 14, 6, 9, 2, 10, 7, 5, 4, 12, 1 ],
\[ 31, 25, 24, 29, 30, 22, 27, 17, 26, 28, 13, 32, 11, 21, 20, 23, 8, 19, 18, 15, 14, 6, 16, 3, 2, 9, 7, 10, 4, 5, 1, 12 ]:
 Order := 32 >;
s`Blocks := {@ PowerSet(IntegerRing()) |
{ IntegerRing() | 1, 5 },
{ IntegerRing() | 2, 10 },
{ IntegerRing() | 3, 14 },
{ IntegerRing() | 4, 12 },
{ IntegerRing() | 6, 16 },
{ IntegerRing() | 7, 9 },
{ IntegerRing() | 8, 20 },
{ IntegerRing() | 11, 19 },
{ IntegerRing() | 13, 18 },
{ IntegerRing() | 15, 17 },
{ IntegerRing() | 21, 24 },
{ IntegerRing() | 22, 23 },
{ IntegerRing() | 25, 28 },
{ IntegerRing() | 26, 27 },
{ IntegerRing() | 29, 32 },
{ IntegerRing() | 30, 31 }
@};
s`Child := "16T5-8,8,2-g3-path7";
s`Degree := 32;
s`Filename := "32S5-8,8,2-g5-path18.m";
s`GaloisOrbit := [ PowerSequence(PermutationGroup<32 |  
\[ 2, 3, 4, 5, 6, 7, 8, 9, 10, 11, 12, 13, 14, 15, 16, 17, 18, 19, 20, 21, 22, 23, 24, 25, 26, 27, 28, 29, 30, 31, 32, 1 ],
\[ 2, 1, 3, 4, 5, 6, 7, 8, 9, 10, 11, 12, 13, 14, 15, 16, 17, 18, 19, 20, 21, 22, 23, 24, 25, 26, 27, 28, 29, 30, 31, 32 ]:
 Order := 263130836933693530167218012160000000 >) |
[ PermutationGroup<32 |  
\[ 2, 3, 4, 5, 6, 7, 8, 9, 10, 11, 12, 13, 14, 15, 16, 17, 18, 19, 20, 21, 22, 23, 24, 25, 26, 27, 28, 29, 30, 31, 32, 1 ],
\[ 2, 1, 3, 4, 5, 6, 7, 8, 9, 10, 11, 12, 13, 14, 15, 16, 17, 18, 19, 20, 21, 22, 23, 24, 25, 26, 27, 28, 29, 30, 31, 32 ]:
 Order := 263130836933693530167218012160000000 > |
[ 10, 20, 4, 9, 2, 5, 11, 24, 19, 8, 22, 7, 6, 12, 14, 1, 3, 16, 23, 21, 32, 30, 31, 29, 15, 18, 13, 17, 26, 25, 28, 27 ],
[ 3, 4, 13, 16, 14, 17, 1, 9, 5, 12, 2, 6, 25, 18, 27, 15, 26, 28, 10, 7, 19, 8, 20, 11, 29, 30, 31, 32, 23, 21, 24, 22 ],
[ 4, 9, 6, 1, 12, 3, 10, 19, 2, 7, 20, 5, 15, 16, 13, 14, 18, 17, 8, 11, 23, 24, 21, 22, 26, 25, 28, 27, 31, 32, 29, 30 ]
]
];
s`GaloisOrbitSize := 1;
s`Genus := 5;
s`Geometry := "Hyperbolic";
s`Level := 5;
s`MonodromyGroup := PermutationGroup<32 |  
\[ 10, 20, 4, 9, 2, 5, 11, 24, 19, 8, 22, 7, 6, 12, 14, 1, 3, 16, 23, 21, 32, 30, 31, 29, 15, 18, 13, 17, 26, 25, 28, 27 ],
\[ 3, 4, 13, 16, 14, 17, 1, 9, 5, 12, 2, 6, 25, 18, 27, 15, 26, 28, 10, 7, 19, 8, 20, 11, 29, 30, 31, 32, 23, 21, 24, 22 ],
\[ 4, 9, 6, 1, 12, 3, 10, 19, 2, 7, 20, 5, 15, 16, 13, 14, 18, 17, 8, 11, 23, 24, 21, 22, 26, 25, 28, 27, 31, 32, 29, 30 ] >;
s`Name := "32S5-8,8,2-g5-path18";
s`Orders := \[ 8, 8, 2 ];
s`Passport := [ PowerSequence(PermutationGroup<32 |  
\[ 10, 20, 4, 9, 2, 5, 11, 24, 19, 8, 22, 7, 6, 12, 14, 1, 3, 16, 23, 21, 32, 30, 31, 29, 15, 18, 13, 17, 26, 25, 28, 27 ],
\[ 3, 4, 13, 16, 14, 17, 1, 9, 5, 12, 2, 6, 25, 18, 27, 15, 26, 28, 10, 7, 19, 8, 20, 11, 29, 30, 31, 32, 23, 21, 24, 22 ],
\[ 4, 9, 6, 1, 12, 3, 10, 19, 2, 7, 20, 5, 15, 16, 13, 14, 18, 17, 8, 11, 23, 24, 21, 22, 26, 25, 28, 27, 31, 32, 29, 30 ]:
 Order := 32 >) |
[ PermutationGroup<32 |  
\[ 10, 20, 4, 9, 2, 5, 11, 24, 19, 8, 22, 7, 6, 12, 14, 1, 3, 16, 23, 21, 32, 30, 31, 29, 15, 18, 13, 17, 26, 25, 28, 27 ],
\[ 3, 4, 13, 16, 14, 17, 1, 9, 5, 12, 2, 6, 25, 18, 27, 15, 26, 28, 10, 7, 19, 8, 20, 11, 29, 30, 31, 32, 23, 21, 24, 22 ],
\[ 4, 9, 6, 1, 12, 3, 10, 19, 2, 7, 20, 5, 15, 16, 13, 14, 18, 17, 8, 11, 23, 24, 21, 22, 26, 25, 28, 27, 31, 32, 29, 30 ]:
 Order := 32 > |
[ 10, 20, 4, 9, 2, 5, 11, 24, 19, 8, 22, 7, 6, 12, 14, 1, 3, 16, 23, 21, 32, 30, 31, 29, 15, 18, 13, 17, 26, 25, 28, 27 ],
[ 14, 12, 18, 6, 3, 15, 5, 7, 1, 4, 10, 16, 28, 13, 26, 17, 27, 25, 2, 9, 11, 20, 8, 19, 32, 31, 30, 29, 22, 24, 21, 23 ],
[ 12, 7, 16, 5, 4, 14, 2, 11, 10, 9, 8, 1, 17, 6, 18, 3, 13, 15, 20, 19, 22, 21, 24, 23, 27, 28, 25, 26, 30, 29, 32, 31 ]
]
];
s`PassportName := "32S5-8,8,2-g5";
s`PassportSize := 1;
s`PathNumber := 18;
s`PathToPP1 := [ Strings() | "PP1", "2T1-2,2,1-g0-path1", "4T2-2,2,2-g0-path3", "8T2-4,4,2-g1-path5", "16T5-8,8,2-g3-path7", "32S5-8,8,2-g5-path18" ];
s`PermutationTriple := [ PermutationGroup<32 |  
\[ 2, 3, 4, 5, 6, 7, 8, 9, 10, 11, 12, 13, 14, 15, 16, 17, 18, 19, 20, 21, 22, 23, 24, 25, 26, 27, 28, 29, 30, 31, 32, 1 ],
\[ 2, 1, 3, 4, 5, 6, 7, 8, 9, 10, 11, 12, 13, 14, 15, 16, 17, 18, 19, 20, 21, 22, 23, 24, 25, 26, 27, 28, 29, 30, 31, 32 ]:
 Order := 263130836933693530167218012160000000 > |
[ 10, 20, 4, 9, 2, 5, 11, 24, 19, 8, 22, 7, 6, 12, 14, 1, 3, 16, 23, 21, 32, 30, 31, 29, 15, 18, 13, 17, 26, 25, 28, 27 ],
[ 3, 4, 13, 16, 14, 17, 1, 9, 5, 12, 2, 6, 25, 18, 27, 15, 26, 28, 10, 7, 19, 8, 20, 11, 29, 30, 31, 32, 23, 21, 24, 22 ],
[ 4, 9, 6, 1, 12, 3, 10, 19, 2, 7, 20, 5, 15, 16, 13, 14, 18, 17, 8, 11, 23, 24, 21, 22, 26, 25, 28, 27, 31, 32, 29, 30 ]
];
s`PointedAutomorphismGroup := PermutationGroup<32 |  
\[ 29, 27, 23, 31, 32, 21, 25, 18, 28, 26, 15, 30, 20, 22, 11, 24, 19, 8, 17, 13, 6, 14, 3, 16, 7, 10, 2, 9, 1, 12, 4, 5 ],
\[ 24, 32, 11, 22, 21, 20, 31, 26, 30, 29, 28, 23, 2, 19, 9, 8, 7, 10, 25, 27, 13, 17, 15, 18, 4, 1, 5, 12, 16, 3, 14, 6 ]:
 Order := 8 >;
s`PointedPassport := [ PowerSequence(PermutationGroup<32 |  
\[ 2, 3, 4, 5, 6, 7, 8, 9, 10, 11, 12, 13, 14, 15, 16, 17, 18, 19, 20, 21, 22, 23, 24, 25, 26, 27, 28, 29, 30, 31, 32, 1 ],
\[ 2, 1, 3, 4, 5, 6, 7, 8, 9, 10, 11, 12, 13, 14, 15, 16, 17, 18, 19, 20, 21, 22, 23, 24, 25, 26, 27, 28, 29, 30, 31, 32 ]:
 Order := 263130836933693530167218012160000000 >) |
[ PermutationGroup<32 |  
\[ 2, 3, 4, 5, 6, 7, 8, 9, 10, 11, 12, 13, 14, 15, 16, 17, 18, 19, 20, 21, 22, 23, 24, 25, 26, 27, 28, 29, 30, 31, 32, 1 ],
\[ 2, 1, 3, 4, 5, 6, 7, 8, 9, 10, 11, 12, 13, 14, 15, 16, 17, 18, 19, 20, 21, 22, 23, 24, 25, 26, 27, 28, 29, 30, 31, 32 ]:
 Order := 263130836933693530167218012160000000 > |
[ 2, 8, 12, 7, 10, 1, 19, 21, 11, 20, 23, 9, 16, 4, 3, 5, 14, 6, 22, 24, 29, 31, 30, 32, 17, 13, 18, 15, 27, 28, 25, 26 ],
[ 3, 4, 13, 16, 14, 17, 1, 9, 5, 12, 2, 6, 25, 18, 27, 15, 26, 28, 10, 7, 19, 8, 20, 11, 29, 30, 31, 32, 23, 21, 24, 22 ],
[ 12, 7, 16, 5, 4, 14, 2, 11, 10, 9, 8, 1, 17, 6, 18, 3, 13, 15, 20, 19, 22, 21, 24, 23, 27, 28, 25, 26, 30, 29, 32, 31 ]
]
];
s`PointedPassportSize := 1;
s`RefinedPassport := [ PowerSequence(PermutationGroup<32 |  
\[ 2, 3, 4, 5, 6, 7, 8, 9, 10, 11, 12, 13, 14, 15, 16, 17, 18, 19, 20, 21, 22, 23, 24, 25, 26, 27, 28, 29, 30, 31, 32, 1 ],
\[ 2, 1, 3, 4, 5, 6, 7, 8, 9, 10, 11, 12, 13, 14, 15, 16, 17, 18, 19, 20, 21, 22, 23, 24, 25, 26, 27, 28, 29, 30, 31, 32 ]:
 Order := 263130836933693530167218012160000000 >) |
[ PermutationGroup<32 |  
\[ 2, 3, 4, 5, 6, 7, 8, 9, 10, 11, 12, 13, 14, 15, 16, 17, 18, 19, 20, 21, 22, 23, 24, 25, 26, 27, 28, 29, 30, 31, 32, 1 ],
\[ 2, 1, 3, 4, 5, 6, 7, 8, 9, 10, 11, 12, 13, 14, 15, 16, 17, 18, 19, 20, 21, 22, 23, 24, 25, 26, 27, 28, 29, 30, 31, 32 ]:
 Order := 263130836933693530167218012160000000 > |
[ 2, 8, 12, 7, 10, 1, 19, 21, 11, 20, 23, 9, 16, 4, 3, 5, 14, 6, 22, 24, 29, 31, 30, 32, 17, 13, 18, 15, 27, 28, 25, 26 ],
[ 14, 12, 18, 6, 3, 15, 5, 7, 1, 4, 10, 16, 28, 13, 26, 17, 27, 25, 2, 9, 11, 20, 8, 19, 32, 31, 30, 29, 22, 24, 21, 23 ],
[ 4, 9, 6, 1, 12, 3, 10, 19, 2, 7, 20, 5, 15, 16, 13, 14, 18, 17, 8, 11, 23, 24, 21, 22, 26, 25, 28, 27, 31, 32, 29, 30 ]
]
];
s`RefinedPassportSize := 1;

/*
Return for eval
*/

return s;
