s := TwoDBInitialize();

/*
Magma printing
*/

s`Name := "32S5-2,8,8-g5-761536575";
s`Filename := "32S5-2,8,8-g5-761536575.m";
s`Degree := 32;
s`Orders := \[ 2, 8, 8 ];
s`Geometry := "Hyperbolic";
s`Genus := 5;
s`Level := 5;
s`PermutationTriple := [ PermutationGroup<32 |  
\[ 2, 3, 4, 5, 6, 7, 8, 9, 10, 11, 12, 13, 14, 15, 16, 17, 18, 19, 20, 21, 22, 23, 24, 25, 26, 27, 28, 29, 30, 31, 32, 1 ],
\[ 2, 1, 3, 4, 5, 6, 7, 8, 9, 10, 11, 12, 13, 14, 15, 16, 17, 18, 19, 20, 21, 22, 23, 24, 25, 26, 27, 28, 29, 30, 31, 32 ]:
 Order := 263130836933693530167218012160000000 > |
[ 2, 1, 7, 15, 9, 21, 3, 10, 5, 8, 14, 26, 20, 11, 4, 22, 31, 23, 29, 13, 6, 16, 18, 25, 24, 12, 28, 27, 19, 32, 17, 30 ],
[ 3, 8, 11, 2, 13, 1, 24, 14, 27, 25, 19, 7, 23, 17, 26, 15, 9, 4, 5, 22, 12, 21, 6, 29, 31, 10, 18, 16, 30, 20, 32, 28 ],
[ 4, 6, 12, 16, 17, 22, 1, 26, 19, 2, 8, 15, 30, 3, 18, 20, 25, 13, 24, 5, 23, 28, 27, 10, 7, 21, 32, 9, 11, 31, 14, 29 ]
];
s`MonodromyGroup := PermutationGroup<32 |  
\[ 2, 1, 7, 15, 9, 21, 3, 10, 5, 8, 14, 26, 20, 11, 4, 22, 31, 23, 29, 13, 6, 16, 18, 25, 24, 12, 28, 27, 19, 32, 17, 30 ],
\[ 3, 8, 11, 2, 13, 1, 24, 14, 27, 25, 19, 7, 23, 17, 26, 15, 9, 4, 5, 22, 12, 21, 6, 29, 31, 10, 18, 16, 30, 20, 32, 28 ],
\[ 4, 6, 12, 16, 17, 22, 1, 26, 19, 2, 8, 15, 30, 3, 18, 20, 25, 13, 24, 5, 23, 28, 27, 10, 7, 21, 32, 9, 11, 31, 14, 29 ] >;

/*
Edge printing
*/

s`Edges := [];
edge1 := TwoEdgeInitialize();
edge1`Blocks := {@ PowerSet(IntegerRing()) |
{ IntegerRing() | 1, 5 },
{ IntegerRing() | 2, 9 },
{ IntegerRing() | 3, 13 },
{ IntegerRing() | 4, 17 },
{ IntegerRing() | 6, 19 },
{ IntegerRing() | 7, 20 },
{ IntegerRing() | 8, 27 },
{ IntegerRing() | 10, 28 },
{ IntegerRing() | 11, 23 },
{ IntegerRing() | 12, 30 },
{ IntegerRing() | 14, 18 },
{ IntegerRing() | 15, 31 },
{ IntegerRing() | 16, 25 },
{ IntegerRing() | 21, 29 },
{ IntegerRing() | 22, 24 },
{ IntegerRing() | 26, 32 }
@};
edge1`UpstairsTriple := [ PermutationGroup<32 |  
\[ 2, 3, 4, 5, 6, 7, 8, 9, 10, 11, 12, 13, 14, 15, 16, 17, 18, 19, 20, 21, 22, 23, 24, 25, 26, 27, 28, 29, 30, 31, 32, 1 ],
\[ 2, 1, 3, 4, 5, 6, 7, 8, 9, 10, 11, 12, 13, 14, 15, 16, 17, 18, 19, 20, 21, 22, 23, 24, 25, 26, 27, 28, 29, 30, 31, 32 ]:
 Order := 263130836933693530167218012160000000 > |
[ 2, 1, 7, 15, 9, 21, 3, 10, 5, 8, 14, 26, 20, 11, 4, 22, 31, 23, 29, 13, 6, 16, 18, 25, 24, 12, 28, 27, 19, 32, 17, 30 ],
[ 3, 8, 11, 2, 13, 1, 24, 14, 27, 25, 19, 7, 23, 17, 26, 15, 9, 4, 5, 22, 12, 21, 6, 29, 31, 10, 18, 16, 30, 20, 32, 28 ],
[ 4, 6, 12, 16, 17, 22, 1, 26, 19, 2, 8, 15, 30, 3, 18, 20, 25, 13, 24, 5, 23, 28, 27, 10, 7, 21, 32, 9, 11, 31, 14, 29 ]
];
edge1`UpstairsFilename := "32S5-2,8,8-g5-761536575.m";
edge1`DownstairsTriple := [ PermutationGroup<16 |  
\[ 2, 3, 4, 5, 6, 7, 8, 9, 10, 11, 12, 13, 14, 15, 16, 1 ],
\[ 2, 1, 3, 4, 5, 6, 7, 8, 9, 10, 11, 12, 13, 14, 15, 16 ]:
 Order := 20922789888000 > |
[ 2, 1, 7, 13, 9, 15, 3, 10, 5, 8, 12, 11, 4, 16, 6, 14 ],
[ 3, 8, 11, 2, 10, 1, 16, 12, 7, 14, 6, 4, 5, 13, 9, 15 ],
[ 4, 6, 9, 14, 15, 16, 1, 5, 13, 2, 8, 3, 12, 7, 11, 10 ]
];
edge1`DownstairsFilename := "16T10-2,4,4-g1-3613677335.m";
Append(~s`Edges, edge1);
edge2 := TwoEdgeInitialize();
edge2`Blocks := {@ PowerSet(IntegerRing()) |
{ IntegerRing() | 1, 5 },
{ IntegerRing() | 2, 9 },
{ IntegerRing() | 3, 13 },
{ IntegerRing() | 4, 17 },
{ IntegerRing() | 6, 19 },
{ IntegerRing() | 7, 20 },
{ IntegerRing() | 8, 27 },
{ IntegerRing() | 10, 28 },
{ IntegerRing() | 11, 16 },
{ IntegerRing() | 12, 30 },
{ IntegerRing() | 14, 22 },
{ IntegerRing() | 15, 29 },
{ IntegerRing() | 18, 24 },
{ IntegerRing() | 21, 31 },
{ IntegerRing() | 23, 25 },
{ IntegerRing() | 26, 32 }
@};
edge2`UpstairsTriple := [ PermutationGroup<32 |  
\[ 2, 3, 4, 5, 6, 7, 8, 9, 10, 11, 12, 13, 14, 15, 16, 17, 18, 19, 20, 21, 22, 23, 24, 25, 26, 27, 28, 29, 30, 31, 32, 1 ],
\[ 2, 1, 3, 4, 5, 6, 7, 8, 9, 10, 11, 12, 13, 14, 15, 16, 17, 18, 19, 20, 21, 22, 23, 24, 25, 26, 27, 28, 29, 30, 31, 32 ]:
 Order := 263130836933693530167218012160000000 > |
[ 2, 1, 7, 15, 9, 21, 3, 10, 5, 8, 14, 26, 20, 11, 4, 22, 29, 23, 31, 13, 6, 16, 18, 25, 24, 12, 28, 27, 17, 32, 19, 30 ],
[ 3, 8, 11, 2, 13, 1, 24, 14, 27, 25, 29, 7, 16, 31, 26, 15, 9, 4, 5, 18, 12, 21, 6, 17, 19, 10, 22, 23, 32, 20, 30, 28 ],
[ 4, 6, 12, 16, 17, 22, 1, 26, 19, 2, 8, 15, 30, 3, 18, 27, 11, 28, 14, 5, 23, 13, 20, 10, 7, 21, 32, 9, 24, 29, 25, 31 ]
];
edge2`UpstairsFilename := "32S5-2,8,8-g5-1006041994.m";
edge2`DownstairsTriple := [ PermutationGroup<16 |  
\[ 2, 3, 4, 5, 6, 7, 8, 9, 10, 11, 12, 13, 14, 15, 16, 1 ],
\[ 2, 1, 3, 4, 5, 6, 7, 8, 9, 10, 11, 12, 13, 14, 15, 16 ]:
 Order := 20922789888000 > |
[ 9, 5, 7, 8, 2, 10, 3, 4, 1, 6, 13, 14, 11, 12, 16, 15 ],
[ 3, 7, 12, 9, 13, 1, 15, 5, 11, 2, 14, 8, 16, 10, 4, 6 ],
[ 4, 8, 2, 12, 10, 14, 1, 15, 6, 16, 5, 11, 9, 3, 13, 7 ]
];
edge2`DownstairsFilename := "16T6-2,8,8-g3-3457288744.m";
Append(~s`Edges, edge2);
edge3 := TwoEdgeInitialize();
edge3`Blocks := {@ PowerSet(IntegerRing()) |
{ IntegerRing() | 1, 5 },
{ IntegerRing() | 2, 9 },
{ IntegerRing() | 3, 10 },
{ IntegerRing() | 4, 15 },
{ IntegerRing() | 6, 13 },
{ IntegerRing() | 7, 8 },
{ IntegerRing() | 11, 20 },
{ IntegerRing() | 12, 19 },
{ IntegerRing() | 14, 18 },
{ IntegerRing() | 16, 17 },
{ IntegerRing() | 21, 24 },
{ IntegerRing() | 22, 23 },
{ IntegerRing() | 25, 28 },
{ IntegerRing() | 26, 27 },
{ IntegerRing() | 29, 32 },
{ IntegerRing() | 30, 31 }
@};
edge3`UpstairsTriple := [ PermutationGroup<32 |  
\[ 2, 3, 4, 5, 6, 7, 8, 9, 10, 11, 12, 13, 14, 15, 16, 17, 18, 19, 20, 21, 22, 23, 24, 25, 26, 27, 28, 29, 30, 31, 32, 1 ],
\[ 2, 1, 3, 4, 5, 6, 7, 8, 9, 10, 11, 12, 13, 14, 15, 16, 17, 18, 19, 20, 21, 22, 23, 24, 25, 26, 27, 28, 29, 30, 31, 32 ]:
 Order := 263130836933693530167218012160000000 > |
[ 2, 1, 7, 13, 9, 15, 3, 10, 5, 8, 12, 11, 4, 17, 6, 18, 14, 16, 20, 19, 22, 21, 24, 23, 27, 28, 25, 26, 30, 29, 32, 31 ],
[ 3, 8, 11, 2, 10, 1, 19, 12, 7, 20, 21, 23, 5, 13, 9, 4, 15, 6, 22, 24, 29, 31, 30, 32, 17, 14, 18, 16, 27, 28, 25, 26 ],
[ 4, 6, 9, 14, 15, 17, 1, 5, 13, 2, 8, 3, 16, 25, 18, 27, 26, 28, 10, 7, 19, 11, 20, 12, 29, 30, 31, 32, 23, 21, 24, 22 ]
];
edge3`UpstairsFilename := "32S5-2,8,8-g5-558918565.m";
edge3`DownstairsTriple := [ PermutationGroup<16 |  
\[ 2, 3, 4, 5, 6, 7, 8, 9, 10, 11, 12, 13, 14, 15, 16, 1 ],
\[ 2, 1, 3, 4, 5, 6, 7, 8, 9, 10, 11, 12, 13, 14, 15, 16 ]:
 Order := 20922789888000 > |
[ 4, 6, 8, 1, 10, 2, 12, 3, 14, 5, 15, 7, 16, 9, 11, 13 ],
[ 2, 5, 1, 6, 9, 10, 3, 4, 13, 14, 7, 8, 11, 16, 12, 15 ],
[ 8, 4, 12, 3, 6, 1, 15, 7, 10, 2, 16, 11, 14, 5, 13, 9 ]
];
edge3`DownstairsFilename := "16T5-2,8,8-g3-2490865425.m";
Append(~s`Edges, edge3);

/*
Return for eval
*/

return s;
