s := TwoDBInitialize();

/*
Magma printing
*/

s`AutomorphismGroup := PermutationGroup<32 |  
\[ 25, 6, 13, 26, 20, 28, 30, 21, 1, 23, 24, 19, 7, 4, 9, 2, 31, 22, 18, 32, 10, 12, 8, 17, 15, 27, 14, 16, 5, 3, 11, 29 ],
\[ 22, 32, 4, 13, 16, 29, 27, 17, 18, 11, 23, 15, 26, 3, 19, 20, 21, 1, 9, 2, 31, 25, 24, 8, 12, 7, 30, 5, 28, 14, 10, 6 ],
\[ 30, 27, 25, 28, 24, 14, 9, 19, 7, 22, 29, 23, 15, 6, 13, 26, 20, 21, 8, 17, 18, 10, 12, 5, 3, 16, 2, 4, 11, 1, 32, 31 ]:
 Order := 32 >;
s`Blocks := {@ PowerSet(IntegerRing()) |
{ IntegerRing() | 1, 5 },
{ IntegerRing() | 2, 12 },
{ IntegerRing() | 3, 17 },
{ IntegerRing() | 4, 21 },
{ IntegerRing() | 6, 19 },
{ IntegerRing() | 7, 11 },
{ IntegerRing() | 8, 14 },
{ IntegerRing() | 9, 29 },
{ IntegerRing() | 10, 26 },
{ IntegerRing() | 13, 31 },
{ IntegerRing() | 15, 32 },
{ IntegerRing() | 16, 22 },
{ IntegerRing() | 18, 28 },
{ IntegerRing() | 20, 25 },
{ IntegerRing() | 23, 27 },
{ IntegerRing() | 24, 30 }
@};
s`Child := "16T6-8,4,8-g5-path2";
s`Degree := 32;
s`Filename := "32S5-8,4,8-g9-path20.m";
s`GaloisOrbit := [ PowerSequence(PermutationGroup<32 |  
\[ 2, 3, 4, 5, 6, 7, 8, 9, 10, 11, 12, 13, 14, 15, 16, 17, 18, 19, 20, 21, 22, 23, 24, 25, 26, 27, 28, 29, 30, 31, 32, 1 ],
\[ 2, 1, 3, 4, 5, 6, 7, 8, 9, 10, 11, 12, 13, 14, 15, 16, 17, 18, 19, 20, 21, 22, 23, 24, 25, 26, 27, 28, 29, 30, 31, 32 ]:
 Order := 263130836933693530167218012160000000 >) |
[ PermutationGroup<32 |  
\[ 2, 3, 4, 5, 6, 7, 8, 9, 10, 11, 12, 13, 14, 15, 16, 17, 18, 19, 20, 21, 22, 23, 24, 25, 26, 27, 28, 29, 30, 31, 32, 1 ],
\[ 2, 1, 3, 4, 5, 6, 7, 8, 9, 10, 11, 12, 13, 14, 15, 16, 17, 18, 19, 20, 21, 22, 23, 24, 25, 26, 27, 28, 29, 30, 31, 32 ]:
 Order := 263130836933693530167218012160000000 > |
[ 12, 29, 8, 17, 2, 5, 10, 30, 22, 13, 26, 9, 21, 24, 18, 32, 14, 25, 1, 6, 3, 15, 7, 27, 19, 31, 11, 20, 16, 23, 4, 28 ],
[ 3, 10, 15, 19, 17, 23, 1, 2, 30, 28, 5, 26, 9, 12, 7, 21, 32, 14, 27, 31, 6, 4, 16, 20, 13, 18, 22, 8, 24, 25, 29, 11 ],
[ 4, 11, 16, 20, 21, 24, 6, 1, 14, 15, 19, 7, 2, 5, 27, 31, 22, 3, 30, 10, 25, 13, 9, 18, 26, 32, 29, 17, 8, 28, 12, 23 ]
]
];
s`GaloisOrbitSize := 1;
s`Genus := 9;
s`Geometry := "Hyperbolic";
s`Level := 5;
s`MonodromyGroup := PermutationGroup<32 |  
\[ 12, 29, 8, 17, 2, 5, 10, 30, 22, 13, 26, 9, 21, 24, 18, 32, 14, 25, 1, 6, 3, 15, 7, 27, 19, 31, 11, 20, 16, 23, 4, 28 ],
\[ 3, 10, 15, 19, 17, 23, 1, 2, 30, 28, 5, 26, 9, 12, 7, 21, 32, 14, 27, 31, 6, 4, 16, 20, 13, 18, 22, 8, 24, 25, 29, 11 ],
\[ 4, 11, 16, 20, 21, 24, 6, 1, 14, 15, 19, 7, 2, 5, 27, 31, 22, 3, 30, 10, 25, 13, 9, 18, 26, 32, 29, 17, 8, 28, 12, 23 ] >;
s`Name := "32S5-8,4,8-g9-path20";
s`Orders := \[ 8, 4, 8 ];
s`Parents := [ Strings() | "64S29-16,8,16-g25-path55", "64S31-16,8,16-g25-path45", "64S31-16,8,16-g25-path46", "64S29-16,8,16-g25-path56", "64S31-16,8,16-g25-path47", "64S30-16,8,16-g25-path23", "64S30-16,8,16-g25-path24", "64S31-16,8,16-g25-path48", "64S7-8,4,8-g17-path181", "64S6-8,4,8-g17-path45", "64S17-8,4,8-g17-path216", "64S6-8,4,8-g17-path46", "64S5-8,4,8-g17-path35", "64S4-8,4,8-g17-path12", "64S7-8,4,8-g17-path182" ];
s`Passport := [ PowerSequence(PermutationGroup<32 |  
\[ 12, 29, 8, 17, 2, 5, 10, 30, 22, 13, 26, 9, 21, 24, 18, 32, 14, 25, 1, 6, 3, 15, 7, 27, 19, 31, 11, 20, 16, 23, 4, 28 ],
\[ 3, 10, 15, 19, 17, 23, 1, 2, 30, 28, 5, 26, 9, 12, 7, 21, 32, 14, 27, 31, 6, 4, 16, 20, 13, 18, 22, 8, 24, 25, 29, 11 ],
\[ 4, 11, 16, 20, 21, 24, 6, 1, 14, 15, 19, 7, 2, 5, 27, 31, 22, 3, 30, 10, 25, 13, 9, 18, 26, 32, 29, 17, 8, 28, 12, 23 ]:
 Order := 32 >) |
[ PermutationGroup<32 |  
\[ 12, 29, 8, 17, 2, 5, 10, 30, 22, 13, 26, 9, 21, 24, 18, 32, 14, 25, 1, 6, 3, 15, 7, 27, 19, 31, 11, 20, 16, 23, 4, 28 ],
\[ 3, 10, 15, 19, 17, 23, 1, 2, 30, 28, 5, 26, 9, 12, 7, 21, 32, 14, 27, 31, 6, 4, 16, 20, 13, 18, 22, 8, 24, 25, 29, 11 ],
\[ 4, 11, 16, 20, 21, 24, 6, 1, 14, 15, 19, 7, 2, 5, 27, 31, 22, 3, 30, 10, 25, 13, 9, 18, 26, 32, 29, 17, 8, 28, 12, 23 ]:
 Order := 32 > |
[ 19, 5, 21, 31, 6, 20, 23, 3, 12, 7, 27, 1, 10, 17, 22, 29, 4, 15, 25, 28, 13, 9, 30, 14, 18, 11, 24, 32, 2, 8, 26, 16 ],
[ 3, 10, 15, 19, 17, 23, 1, 2, 30, 28, 5, 26, 9, 12, 7, 21, 32, 14, 27, 31, 6, 4, 16, 20, 13, 18, 22, 8, 24, 25, 29, 11 ],
[ 14, 31, 28, 5, 8, 11, 2, 9, 27, 25, 12, 13, 16, 29, 26, 17, 18, 30, 7, 21, 1, 3, 15, 19, 4, 20, 32, 24, 23, 6, 22, 10 ]
]
];
s`PassportName := "32S5-8,4,8-g9";
s`PassportSize := 1;
s`PathNumber := 20;
s`PathToPP1 := [ Strings() | "PP1", "2T1-2,1,2-g0-path1", "4T1-4,2,4-g1-path1", "8T2-4,2,4-g1-path2", "16T6-8,4,8-g5-path2", "32S5-8,4,8-g9-path20" ];
s`PermutationTriple := [ PermutationGroup<32 |  
\[ 2, 3, 4, 5, 6, 7, 8, 9, 10, 11, 12, 13, 14, 15, 16, 17, 18, 19, 20, 21, 22, 23, 24, 25, 26, 27, 28, 29, 30, 31, 32, 1 ],
\[ 2, 1, 3, 4, 5, 6, 7, 8, 9, 10, 11, 12, 13, 14, 15, 16, 17, 18, 19, 20, 21, 22, 23, 24, 25, 26, 27, 28, 29, 30, 31, 32 ]:
 Order := 263130836933693530167218012160000000 > |
[ 12, 29, 8, 17, 2, 5, 10, 30, 22, 13, 26, 9, 21, 24, 18, 32, 14, 25, 1, 6, 3, 15, 7, 27, 19, 31, 11, 20, 16, 23, 4, 28 ],
[ 3, 10, 15, 19, 17, 23, 1, 2, 30, 28, 5, 26, 9, 12, 7, 21, 32, 14, 27, 31, 6, 4, 16, 20, 13, 18, 22, 8, 24, 25, 29, 11 ],
[ 4, 11, 16, 20, 21, 24, 6, 1, 14, 15, 19, 7, 2, 5, 27, 31, 22, 3, 30, 10, 25, 13, 9, 18, 26, 32, 29, 17, 8, 28, 12, 23 ]
];
s`PointedAutomorphismGroup := PermutationGroup<32 |  
\[ 9, 16, 30, 14, 29, 2, 13, 23, 15, 21, 31, 22, 3, 27, 25, 28, 24, 19, 12, 5, 8, 18, 10, 11, 1, 4, 26, 6, 32, 7, 17, 20 ],
\[ 18, 20, 14, 3, 28, 32, 26, 24, 19, 31, 10, 25, 4, 30, 12, 5, 8, 9, 15, 16, 17, 1, 11, 23, 22, 13, 7, 29, 6, 27, 21, 2 ]:
 Order := 8 >;
s`PointedPassport := [ PowerSequence(PermutationGroup<32 |  
\[ 2, 3, 4, 5, 6, 7, 8, 9, 10, 11, 12, 13, 14, 15, 16, 17, 18, 19, 20, 21, 22, 23, 24, 25, 26, 27, 28, 29, 30, 31, 32, 1 ],
\[ 2, 1, 3, 4, 5, 6, 7, 8, 9, 10, 11, 12, 13, 14, 15, 16, 17, 18, 19, 20, 21, 22, 23, 24, 25, 26, 27, 28, 29, 30, 31, 32 ]:
 Order := 263130836933693530167218012160000000 >) |
[ PermutationGroup<32 |  
\[ 2, 3, 4, 5, 6, 7, 8, 9, 10, 11, 12, 13, 14, 15, 16, 17, 18, 19, 20, 21, 22, 23, 24, 25, 26, 27, 28, 29, 30, 31, 32, 1 ],
\[ 2, 1, 3, 4, 5, 6, 7, 8, 9, 10, 11, 12, 13, 14, 15, 16, 17, 18, 19, 20, 21, 22, 23, 24, 25, 26, 27, 28, 29, 30, 31, 32 ]:
 Order := 263130836933693530167218012160000000 > |
[ 16, 15, 27, 30, 22, 9, 4, 11, 28, 17, 21, 32, 14, 7, 6, 25, 23, 5, 29, 12, 24, 20, 31, 10, 2, 3, 13, 1, 18, 26, 8, 19 ],
[ 3, 10, 15, 19, 17, 23, 1, 2, 30, 28, 5, 26, 9, 12, 7, 21, 32, 14, 27, 31, 6, 4, 16, 20, 13, 18, 22, 8, 24, 25, 29, 11 ],
[ 10, 30, 12, 15, 26, 3, 18, 20, 21, 29, 28, 24, 19, 25, 8, 7, 2, 31, 17, 27, 32, 11, 5, 16, 23, 9, 1, 13, 4, 22, 6, 14 ]
]
];
s`PointedPassportSize := 1;
s`RefinedPassport := [ PowerSequence(PermutationGroup<32 |  
\[ 2, 3, 4, 5, 6, 7, 8, 9, 10, 11, 12, 13, 14, 15, 16, 17, 18, 19, 20, 21, 22, 23, 24, 25, 26, 27, 28, 29, 30, 31, 32, 1 ],
\[ 2, 1, 3, 4, 5, 6, 7, 8, 9, 10, 11, 12, 13, 14, 15, 16, 17, 18, 19, 20, 21, 22, 23, 24, 25, 26, 27, 28, 29, 30, 31, 32 ]:
 Order := 263130836933693530167218012160000000 >) |
[ PermutationGroup<32 |  
\[ 2, 3, 4, 5, 6, 7, 8, 9, 10, 11, 12, 13, 14, 15, 16, 17, 18, 19, 20, 21, 22, 23, 24, 25, 26, 27, 28, 29, 30, 31, 32, 1 ],
\[ 2, 1, 3, 4, 5, 6, 7, 8, 9, 10, 11, 12, 13, 14, 15, 16, 17, 18, 19, 20, 21, 22, 23, 24, 25, 26, 27, 28, 29, 30, 31, 32 ]:
 Order := 263130836933693530167218012160000000 > |
[ 28, 25, 26, 7, 18, 15, 14, 31, 6, 24, 8, 20, 27, 13, 2, 1, 10, 29, 32, 22, 11, 5, 17, 21, 16, 30, 3, 9, 19, 4, 23, 12 ],
[ 3, 10, 15, 19, 17, 23, 1, 2, 30, 28, 5, 26, 9, 12, 7, 21, 32, 14, 27, 31, 6, 4, 16, 20, 13, 18, 22, 8, 24, 25, 29, 11 ],
[ 23, 3, 19, 9, 27, 13, 22, 32, 10, 5, 16, 17, 18, 15, 21, 30, 6, 11, 31, 14, 29, 24, 20, 2, 8, 1, 25, 7, 26, 12, 28, 4 ]
]
];
s`RefinedPassportSize := 1;

/*
Return for eval
*/

return s;
